3861.5307863759  7.517876E-15
3864.30714129148  9.319743E-15
3867.08349620706  8.423232E-15
3869.85985112264  1.064740E-14
3872.63620603822  8.336023E-15
3875.4125609538  5.839018E-15
3878.18891586938  6.165491E-15
3880.96527078496  8.083944E-15
3883.74162570054  7.560270E-15
3886.51798061612  5.520277E-15
3889.2943355317  7.012282E-15
3892.07069044728  8.111448E-15
3894.84704536286  9.072346E-15
3897.62340027844  8.325029E-15
3900.39975519402  5.503025E-15
3903.1761101096  7.413464E-15
3905.95246502518  7.372173E-15
3908.72881994076  6.981377E-15
3911.50517485634  8.912194E-15
3914.28152977192  8.879987E-15
3917.0578846875  5.808014E-15
3919.83423960308  7.209330E-15
3922.61059451866  7.147002E-15
3925.38694943424  6.352877E-15
3928.16330434982  6.650195E-15
3930.9396592654  5.573032E-15
3933.71601418098  5.880876E-15
3936.49236909656  7.116083E-15
3939.26872401214  7.794172E-15
3942.04507892772  6.934111E-15
3944.82143384329  6.571362E-15
3947.59778875887  7.032091E-15
3950.37414367445  6.936801E-15
3953.15049859003  7.126034E-15
3955.92685350561  5.394929E-15
3958.70320842119  5.587359E-15
3961.47956333677  5.911037E-15
3964.25591825235  6.295897E-15
3967.03227316793  6.174816E-15
3969.80862808351  5.785343E-15
3972.58498299909  5.174120E-15
3975.36133791467  6.426588E-15
3978.13769283025  6.394580E-15
3980.91404774583  6.108379E-15
3983.69040266141  6.778930E-15
3986.46675757699  6.075565E-15
3989.24311249257  5.974331E-15
3992.01946740815  7.751293E-15
3994.79582232373  6.600656E-15
3997.57217723931  6.432524E-15
4000.34853215489  8.028581E-15
4003.12488707047  7.032680E-15
4005.90124198605  6.790022E-15
4008.67759690163  5.611612E-15
4011.45395181721  5.579607E-15
4014.23030673279  6.052388E-15
4017.00666164837  7.658401E-15
4019.78301656395  6.664960E-15
4022.55937147953  6.241429E-15
4025.33572639511  6.696072E-15
4028.11208131069  7.104978E-15
4030.88843622627  5.868280E-15
4033.66479114185  6.530610E-15
4036.44114605743  6.846439E-15
4039.21750097301  7.623839E-15
4041.99385588858  6.567418E-15
4044.77021080416  7.244320E-15
4047.54656571974  7.036322E-15
4050.32292063532  7.185480E-15
4053.0992755509  7.943870E-15
4055.87563046648  6.992340E-15
4058.65198538206  7.163028E-15
4061.42834029764  6.713474E-15
4064.20469521322  7.158041E-15
4066.9810501288  7.582706E-15
4069.75740504438  7.372267E-15
4072.53375995996  7.065144E-15
4075.31011487554  6.323729E-15
4078.08646979112  7.522450E-15
4080.8628247067  6.766693E-15
4083.63917962228  6.330295E-15
4086.41553453786  7.542444E-15
4089.19188945344  7.498678E-15
4091.96824436902  7.373474E-15
4094.7445992846  6.511844E-15
4097.52095420018  5.340576E-15
4100.29730911576  6.342175E-15
4103.07366403134  6.164704E-15
4105.85001894692  6.120582E-15
4108.6263738625  5.394287E-15
4111.40272877808  5.923769E-15
4114.17908369366  6.363668E-15
4116.95543860924  7.106119E-15
4119.73179352482  6.723761E-15
4122.5081484404  6.909330E-15
4125.28450335598  7.249853E-15
4128.06085827156  6.699043E-15
4130.83721318714  6.295864E-15
4133.61356810271  6.758293E-15
4136.38992301829  6.824832E-15
4139.16627793387  7.287577E-15
4141.94263284945  6.704645E-15
4144.71898776503  7.652862E-15
4147.49534268061  7.783942E-15
4150.27169759619  7.110959E-15
4153.04805251177  7.372294E-15
4155.82440742735  7.161655E-15
4158.60076234293  8.181215E-15
4161.37711725851  6.854197E-15
4164.15347217409  7.293069E-15
4166.92982708967  7.004641E-15
4169.70618200525  7.157731E-15
4172.48253692083  7.242123E-15
4175.25889183641  6.664109E-15
4178.03524675199  6.665781E-15
4180.81160166757  6.667510E-15
4183.58795658315  6.982489E-15
4186.36431149873  6.522753E-15
4189.14066641431  6.742799E-15
4191.91702132989  6.826521E-15
4194.69337624547  7.071675E-15
4197.46973116105  6.362299E-15
4200.24608607663  7.404549E-15
4203.02244099221  6.938570E-15
4205.79879590779  6.635719E-15
4208.57515082337  6.588297E-15
4211.35150573895  6.524746E-15
4214.12786065453  6.989766E-15
4216.90421557011  7.673456E-15
4219.68057048569  7.179589E-15
4222.45692540127  7.114619E-15
4225.23328031684  7.131103E-15
4228.00963523242  6.398733E-15
4230.785990148  6.810534E-15
4233.56234506358  6.769463E-15
4236.33869997916  7.053677E-15
4239.11505489474  7.279070E-15
4241.89140981032  7.015700E-15
4244.6677647259  6.740986E-15
4247.44411964148  6.963625E-15
4250.22047455706  7.006003E-15
4252.99682947264  6.876346E-15
4255.77318438822  7.166498E-15
4258.5495393038  7.019895E-15
4261.32589421938  6.260550E-15
4264.10224913496  6.467190E-15
4266.87860405054  6.979687E-15
4269.65495896612  7.112944E-15
4272.4313138817  6.665161E-15
4275.20766879728  6.824584E-15
4277.98402371286  6.932268E-15
4280.76037862844  6.510934E-15
4283.53673354402  6.820562E-15
4286.3130884596  7.124894E-15
4289.08944337518  7.212060E-15
4291.86579829076  6.949192E-15
4294.64215320634  6.630703E-15
4297.41850812192  6.888131E-15
4300.1948630375  6.889974E-15
4302.97121795308  6.844447E-15
4305.74757286866  6.632072E-15
4308.52392778424  6.017948E-15
4311.30028269982  6.778503E-15
4314.0766376154  7.008095E-15
4316.85299253098  6.695995E-15
4319.62934744656  6.756144E-15
4322.40570236213  5.890805E-15
4325.18205727771  6.952374E-15
4327.95841219329  6.700213E-15
4330.73476710887  6.294249E-15
4333.51112202445  6.090993E-15
4336.28747694003  6.131771E-15
4339.06383185561  5.956445E-15
4341.84018677119  5.916351E-15
4344.61654168677  5.721499E-15
4347.39289660235  5.927657E-15
4350.16925151793  5.862554E-15
4352.94560643351  5.932649E-15
4355.72196134909  5.865197E-15
4358.49831626467  6.227693E-15
4361.27467118025  6.602931E-15
4364.05102609583  6.259562E-15
4366.82738101141  5.991735E-15
4369.60373592699  6.558826E-15
4372.38009084257  6.598820E-15
4375.15644575815  6.000212E-15
4377.93280067373  6.696218E-15
4380.70915558931  6.610859E-15
4383.48551050489  6.271415E-15
4386.26186542047  6.282821E-15
4389.03822033605  7.266308E-15
4391.81457525163  6.810917E-15
4394.59093016721  6.722229E-15
4397.36728508279  7.215289E-15
4400.14363999837  6.831610E-15
4402.91999491395  6.671204E-15
4405.69634982953  6.608364E-15
4408.47270474511  6.678033E-15
4411.24905966069  6.417617E-15
4414.02541457626  6.624751E-15
4416.80176949185  6.503614E-15
4419.57812440742  6.763008E-15
4422.354479323  7.033476E-15
4425.13083423858  6.809602E-15
4427.90718915416  6.747463E-15
4430.68354406974  6.861298E-15
4433.45989898532  6.349076E-15
4436.2362539009  6.731190E-15
4439.01260881648  6.790420E-15
4441.78896373206  6.874126E-15
4444.56531864764  6.695687E-15
4447.34167356322  6.182039E-15
4450.1180284788  6.324421E-15
4452.89438339438  6.983028E-15
4455.67073830996  6.498616E-15
4458.44709322554  5.956130E-15
4461.22344814112  6.431358E-15
4463.9998030567  7.165431E-15
4466.77615797228  6.163550E-15
4469.55251288786  6.422391E-15
4472.32886780344  6.302579E-15
4475.10522271902  6.311500E-15
4477.8815776346  6.032320E-15
4480.65793255018  6.358517E-15
4483.43428746576  6.323516E-15
4486.21064238134  6.547602E-15
4488.98699729692  6.284683E-15
4491.7633522125  6.274449E-15
4494.53970712808  6.421116E-15
4497.31606204366  6.408377E-15
4500.09241695924  6.186777E-15
4502.86877187482  6.323857E-15
4505.64512679039  6.806351E-15
4508.42148170598  6.582491E-15
4511.19783662155  7.167958E-15
4513.97419153713  6.503559E-15
4516.75054645271  6.117644E-15
4519.52690136829  6.723446E-15
4522.30325628387  7.083479E-15
4525.07961119945  6.755996E-15
4527.85596611503  6.778286E-15
4530.63232103061  6.861869E-15
4533.40867594619  6.439839E-15
4536.18503086177  6.512281E-15
4538.96138577735  6.814326E-15
4541.73774069293  6.627137E-15
4544.51409560851  6.638130E-15
4547.29045052409  6.440040E-15
4550.06680543967  7.029564E-15
4552.84316035525  7.033105E-15
4555.61951527083  6.725534E-15
4558.39587018641  6.557871E-15
4561.17222510199  6.495700E-15
4563.94858001757  6.303529E-15
4566.72493493315  6.751493E-15
4569.50128984873  6.690989E-15
4572.27764476431  6.787990E-15
4575.05399967989  7.108573E-15
4577.83035459547  6.886194E-15
4580.60670951105  6.576658E-15
4583.38306442663  6.308543E-15
4586.15941934221  6.656017E-15
4588.93577425779  7.050645E-15
4591.71212917337  6.708637E-15
4594.48848408895  6.618884E-15
4597.26483900453  7.014515E-15
4600.0411939201  6.655676E-15
4602.81754883568  6.621669E-15
4605.59390375127  6.211706E-15
4608.37025866684  6.361970E-15
4611.14661358242  6.415453E-15
4613.922968498  6.669697E-15
4616.69932341358  7.122977E-15
4619.47567832916  6.723476E-15
4622.25203324474  6.585114E-15
4625.02838816032  6.934930E-15
4627.8047430759  6.795590E-15
4630.58109799148  6.799227E-15
4633.35745290706  6.908593E-15
4636.13380782264  7.168841E-15
4638.91016273822  7.046661E-15
4641.6865176538  6.756250E-15
4644.46287256938  6.885597E-15
4647.23922748496  6.294642E-15
4650.01558240054  6.874412E-15
4652.79193731612  7.282404E-15
4655.5682922317  6.811120E-15
4658.34464714728  6.456629E-15
4661.12100206286  6.930960E-15
4663.89735697844  6.814194E-15
4666.67371189402  7.208291E-15
4669.4500668096  6.987465E-15
4672.22642172518  6.891443E-15
4675.00277664076  7.473018E-15
4677.77913155634  7.802079E-15
4680.55548647192  7.335856E-15
4683.3318413875  6.695201E-15
4686.10819630308  6.685050E-15
4688.88455121866  6.512966E-15
4691.66090613424  6.998698E-15
4694.43726104982  6.727509E-15
4697.21361596539  6.550045E-15
4699.98997088097  6.921599E-15
4702.76632579655  7.068258E-15
4705.54268071213  7.386790E-15
4708.31903562771  7.267491E-15
4711.09539054329  6.150289E-15
4713.87174545887  6.155371E-15
4716.64810037445  6.642318E-15
4719.42445529003  6.604770E-15
4722.20081020561  6.154022E-15
4724.97716512119  5.986880E-15
4727.75352003677  6.238444E-15
4730.52987495235  7.000808E-15
4733.30622986793  7.130412E-15
4736.08258478351  6.701113E-15
4738.85893969909  6.545035E-15
4741.63529461467  6.150155E-15
4744.41164953025  6.246514E-15
4747.18800444583  6.441057E-15
4749.96435936141  6.434487E-15
4752.74071427699  6.583210E-15
4755.51706919257  6.622398E-15
4758.29342410815  6.333032E-15
4761.06977902373  6.354781E-15
4763.84613393931  6.025431E-15
4766.62248885489  6.409844E-15
4769.39884377047  6.708592E-15
4772.17519868605  6.553724E-15
4774.95155360163  7.043864E-15
4777.72790851721  7.426804E-15
4780.50426343279  6.579201E-15
4783.28061834837  6.229461E-15
4786.05697326394  6.304727E-15
4788.83332817953  6.368629E-15
4791.6096830951  6.363936E-15
4794.38603801068  6.460841E-15
4797.16239292626  6.218218E-15
4799.93874784184  6.548496E-15
4802.71510275742  6.326184E-15
4805.491457673  6.243133E-15
4808.26781258858  6.519106E-15
4811.04416750416  6.612524E-15
4813.82052241974  6.966192E-15
4816.59687733532  6.947469E-15
4819.3732322509  7.070091E-15
4822.14958716648  6.315418E-15
4824.92594208206  6.724522E-15
4827.70229699764  6.632222E-15
4830.47865191322  6.186505E-15
4833.2550068288  5.852016E-15
4836.03136174438  5.771843E-15
4838.80771665996  6.010044E-15
4841.58407157554  6.568660E-15
4844.36042649112  6.394163E-15
4847.1367814067  5.934195E-15
4849.91313632228  6.339088E-15
4852.68949123786  6.472988E-15
4855.46584615344  6.220095E-15
4858.24220106902  6.557663E-15
4861.0185559846  6.350395E-15
4863.79491090018  6.654842E-15
4866.57126581576  6.609899E-15
4869.34762073134  6.456760E-15
4872.12397564692  6.132022E-15
4874.9003305625  5.882031E-15
4877.67668547807  5.956407E-15
4880.45304039366  6.185969E-15
4883.22939530923  6.133145E-15
4886.00575022481  5.712070E-15
4888.7821051404  6.152024E-15
4891.55846005597  5.957148E-15
4894.33481497155  6.006034E-15
4897.11116988713  6.453443E-15
4899.88752480271  6.358664E-15
4902.66387971829  6.280475E-15
4905.44023463387  6.628002E-15
4908.21658954945  6.223563E-15
4910.99294446503  6.435842E-15
4913.76929938061  6.458134E-15
4916.54565429619  6.496733E-15
4919.32200921177  6.153915E-15
4922.09836412735  5.851791E-15
4924.87471904293  6.051733E-15
4927.65107395851  6.556749E-15
4930.42742887409  6.197666E-15
4933.20378378967  6.354019E-15
4935.98013870525  6.341216E-15
4938.75649362083  6.447854E-15
4941.53284853641  6.389649E-15
4944.30920345199  6.088137E-15
4947.08555836757  6.204577E-15
4949.86191328315  6.128506E-15
4952.63826819873  5.881804E-15
4955.41462311431  6.237123E-15
4958.19097802989  6.176408E-15
4960.96733294547  6.388011E-15
4963.74368786104  6.270620E-15
4966.52004277663  6.078734E-15
4969.29639769221  6.556725E-15
4972.07275260778  6.210933E-15
4974.84910752337  6.125090E-15
4977.62546243894  6.403042E-15
4980.40181735452  6.513495E-15
4983.1781722701  6.114838E-15
4985.95452718569  6.358847E-15
4988.73088210126  5.981204E-15
4991.50723701684  6.170704E-15
4994.28359193242  6.130987E-15
4997.059946848  6.457110E-15
4999.83630176358  6.077973E-15
5002.61265667916  5.883183E-15
5005.38901159474  6.139900E-15
5008.16536651032  6.181191E-15
5010.9417214259  5.922162E-15
5013.71807634148  6.433691E-15
5016.49443125706  5.925697E-15
5019.27078617264  5.841137E-15
5022.04714108822  6.037654E-15
5024.8234960038  6.272208E-15
5027.59985091938  6.051088E-15
5030.37620583496  5.902834E-15
5033.15256075054  6.105075E-15
5035.92891566612  6.228762E-15
5038.7052705817  6.004135E-15
5041.48162549728  5.805081E-15
5044.25798041286  5.804347E-15
5047.03433532844  6.120672E-15
5049.81069024402  6.306899E-15
5052.5870451596  6.312552E-15
5055.36340007518  6.307544E-15
5058.13975499076  6.288640E-15
5060.91610990634  6.408865E-15
5063.69246482192  6.356725E-15
5066.4688197375  6.125400E-15
5069.24517465307  6.526088E-15
5072.02152956866  5.997957E-15
5074.79788448423  6.025963E-15
5077.57423939981  6.387225E-15
5080.3505943154  6.402674E-15
5083.12694923098  6.360739E-15
5085.90330414655  6.172265E-15
5088.67965906213  6.183112E-15
5091.45601397771  6.230364E-15
5094.23236889329  6.160412E-15
5097.00872380887  6.060432E-15
5099.78507872445  5.916236E-15
5102.56143364003  6.129288E-15
5105.33778855561  6.048883E-15
5108.11414347119  6.190503E-15
5110.89049838677  6.345335E-15
5113.66685330235  6.515618E-15
5116.44320821793  6.067119E-15
5119.21956313351  5.946761E-15
5121.99591804909  6.677225E-15
5124.77227296467  6.468522E-15
5127.54862788025  6.493956E-15
5130.32498279583  6.521127E-15
5133.10133771141  6.100836E-15
5135.87769262699  6.489551E-15
5138.65404754257  5.781498E-15
5141.43040245815  6.016805E-15
5144.20675737373  6.158884E-15
5146.98311228931  5.803880E-15
5149.75946720489  6.100734E-15
5152.53582212047  5.640077E-15
5155.31217703605  5.904084E-15
5158.08853195163  5.984552E-15
5160.86488686721  6.112482E-15
5163.64124178279  6.269953E-15
5166.41759669837  6.170469E-15
5169.19395161395  6.198235E-15
5171.97030652952  6.145177E-15
5174.74666144511  5.893700E-15
5177.52301636068  6.100003E-15
5180.29937127626  5.859092E-15
5183.07572619184  6.002740E-15
5185.85208110742  6.117587E-15
5188.628436023  5.835724E-15
5191.40479093858  5.922929E-15
5194.18114585416  5.895930E-15
5196.95750076974  5.951591E-15
5199.73385568532  6.074172E-15
5202.5102106009  6.347648E-15
5205.28656551648  6.023328E-15
5208.06292043206  6.047185E-15
5210.83927534764  6.072497E-15
5213.61563026322  5.873982E-15
5216.3919851788  5.675821E-15
5219.16834009438  6.293469E-15
5221.94469500996  5.821288E-15
5224.72104992554  6.177476E-15
5227.49740484112  6.037471E-15
5230.2737597567  6.191086E-15
5233.05011467228  6.074867E-15
5235.82646958786  6.342096E-15
5238.60282450344  6.042674E-15
5241.37917941902  5.928368E-15
5244.1555343346  5.925302E-15
5246.93188925018  5.748300E-15
5249.70824416576  6.189549E-15
5252.48459908134  6.381226E-15
5255.26095399692  6.415753E-15
5258.0373089125  6.160846E-15
5260.81366382808  5.908716E-15
5263.59001874365  5.784773E-15
5266.36637365923  5.695138E-15
5269.14272857481  5.992035E-15
5271.91908349039  6.328186E-15
5274.69543840597  5.885928E-15
5277.47179332155  5.607185E-15
5280.24814823713  5.668768E-15
5283.02450315271  5.956194E-15
5285.80085806829  5.772275E-15
5288.57721298387  5.575507E-15
5291.35356789945  5.716503E-15
5294.12992281503  5.783523E-15
5296.90627773061  5.921920E-15
5299.68263264619  5.616653E-15
5302.45898756177  5.792266E-15
5305.23534247735  5.068976E-15
5308.01169739293  5.530998E-15
5310.78805230851  5.612862E-15
5313.56440722409  5.749772E-15
5316.34076213967  5.361806E-15
5319.11711705525  5.359914E-15
5321.89347197083  5.795982E-15
5324.66982688641  6.101831E-15
5327.44618180199  5.473009E-15
5330.22253671757  5.618607E-15
5332.99889163315  5.721210E-15
5335.77524654873  5.625820E-15
5338.55160146431  5.771507E-15
5341.32795637989  5.765109E-15
5344.10431129547  5.958288E-15
5346.88066621105  5.150416E-15
5349.65702112662  5.681219E-15
5352.43337604221  5.523589E-15
5355.20973095778  5.457645E-15
5357.98608587337  5.837422E-15
5360.76244078894  5.856094E-15
5363.53879570452  5.742592E-15
5366.3151506201  5.697734E-15
5369.09150553568  5.406988E-15
5371.86786045126  5.423077E-15
5374.64421536684  5.471988E-15
5377.42057028242  5.591794E-15
5380.196925198  5.589403E-15
5382.97328011358  5.648993E-15
5385.74963502916  5.449438E-15
5388.52598994474  5.472747E-15
5391.30234486032  5.617310E-15
5394.0786997759  5.384324E-15
5396.85505469148  5.661840E-15
5399.63140960706  6.308089E-15
5402.40776452264  5.864710E-15
5405.18411943822  5.106044E-15
5407.9604743538  5.852459E-15
5410.73682926938  5.581620E-15
5413.51318418496  5.249648E-15
5416.28953910054  5.669192E-15
5419.06589401612  5.561999E-15
5421.8422489317  5.445768E-15
5424.61860384728  5.322432E-15
5427.39495876286  4.970643E-15
5430.17131367844  5.407527E-15
5432.94766859402  5.387213E-15
5435.7240235096  5.586207E-15
5438.50037842518  5.806440E-15
5441.27673334076  5.734676E-15
5444.05308825634  5.406890E-15
5446.82944317192  5.224622E-15
5449.6057980875  5.248537E-15
5452.38215300308  5.435540E-15
5455.15850791866  5.509570E-15
5457.93486283423  5.304407E-15
5460.71121774981  5.254608E-15
5463.48757266539  5.541763E-15
5466.26392758097  5.162424E-15
5469.04028249655  5.338717E-15
5471.81663741213  4.864544E-15
5474.59299232771  5.324825E-15
5477.36934724329  5.274030E-15
5480.14570215887  5.288821E-15
5482.92205707445  5.422395E-15
5485.69841199003  5.310104E-15
5488.47476690561  5.431328E-15
5491.25112182119  5.211352E-15
5494.02747673677  5.579567E-15
5496.80383165235  5.619012E-15
5499.58018656793  5.383882E-15
5502.35654148351  5.406019E-15
5505.13289639909  5.329526E-15
5507.90925131467  5.463878E-15
5510.68560623025  5.424526E-15
5513.46196114583  5.456115E-15
5516.23831606141  5.047606E-15
5519.01467097699  4.993405E-15
5521.79102589257  5.182636E-15
5524.56738080815  5.159053E-15
5527.34373572373  5.088084E-15
5530.12009063931  5.297584E-15
5532.89644555489  5.435020E-15
5535.67280047047  5.225276E-15
5538.44915538605  5.076359E-15
5541.22551030163  5.359763E-15
5544.0018652172  5.270238E-15
5546.77822013278  5.202989E-15
5549.55457504837  5.218731E-15
5552.33092996394  5.400945E-15
5555.10728487952  5.472944E-15
5557.8836397951  5.300686E-15
5560.65999471068  5.033049E-15
5563.43634962626  5.012731E-15
5566.21270454184  5.199896E-15
5568.98905945742  5.382911E-15
5571.765414373  5.524410E-15
5574.54176928858  5.159066E-15
5577.31812420416  5.207151E-15
5580.09447911974  5.467335E-15
5582.87083403532  5.258251E-15
5585.6471889509  4.971143E-15
5588.42354386648  5.337619E-15
5591.19989878206  5.542028E-15
5593.97625369764  5.494239E-15
5596.75260861322  5.328226E-15
5599.5289635288  5.327488E-15
5602.30531844438  5.340337E-15
5605.08167335996  4.894233E-15
5607.85802827554  4.784597E-15
5610.63438319112  5.221413E-15
5613.4107381067  5.363186E-15
5616.18709302228  4.989586E-15
5618.96344793786  4.850419E-15
5621.73980285344  5.010348E-15
5624.51615776902  4.920335E-15
5627.2925126846  5.208212E-15
5630.06886760018  5.264410E-15
5632.84522251576  5.050245E-15
5635.62157743134  5.208079E-15
5638.39793234691  5.105627E-15
5641.1742872625  5.067674E-15
5643.95064217807  5.428253E-15
5646.72699709365  5.564604E-15
5649.50335200923  5.263999E-15
5652.27970692482  5.239316E-15
5655.05606184039  5.490055E-15
5657.83241675597  5.571818E-15
5660.60877167155  5.171092E-15
5663.38512658713  4.933469E-15
5666.16148150271  5.070590E-15
5668.93783641829  5.040221E-15
5671.71419133387  5.113055E-15
5674.49054624945  5.204682E-15
5677.26690116503  5.245101E-15
5680.04325608061  5.304752E-15
5682.81961099619  5.226383E-15
5685.59596591177  4.939739E-15
5688.37232082735  5.086645E-15
5691.14867574293  5.101922E-15
5693.92503065851  5.137071E-15
5696.70138557409  4.984346E-15
5699.47774048967  4.922516E-15
5702.25409540525  4.665250E-15
5705.03045032083  4.696856E-15
5707.80680523641  5.046744E-15
5710.58316015199  5.134699E-15
5713.35951506757  5.315651E-15
5716.13586998315  4.831387E-15
5718.91222489873  5.015204E-15
5721.68857981431  4.963169E-15
5724.46493472989  5.131163E-15
5727.24128964546  5.045561E-15
5730.01764456105  5.073929E-15
5732.79399947663  5.134980E-15
5735.5703543922  5.210410E-15
5738.34670930778  4.859560E-15
5741.12306422336  4.987019E-15
5743.89941913894  4.799131E-15
5746.67577405452  4.620500E-15
5749.4521289701  4.815372E-15
5752.22848388568  5.088179E-15
5755.00483880126  4.937234E-15
5757.78119371684  4.760481E-15
5760.55754863242  4.568395E-15
5763.333903548  4.887157E-15
5766.11025846358  4.668540E-15
5768.88661337916  4.849409E-15
5771.66296829474  5.179841E-15
5774.43932321032  5.013569E-15
5777.2156781259  5.268359E-15
5779.99203304148  5.370017E-15
5782.76838795706  4.905699E-15
5785.54474287264  4.985857E-15
5788.32109778822  4.930738E-15
5791.0974527038  4.677905E-15
5793.87380761938  4.477475E-15
5796.65016253496  5.032061E-15
5799.42651745054  5.250038E-15
5802.20287236612  5.106627E-15
5804.9792272817  5.036672E-15
5807.75558219728  4.728114E-15
5810.53193711286  5.075101E-15
5813.30829202844  5.162417E-15
5816.08464694402  4.717444E-15
5818.8610018596  5.249604E-15
5821.63735677518  4.983952E-15
5824.41371169076  4.723636E-15
5827.19006660633  4.982053E-15
5829.96642152192  5.125506E-15
5832.74277643749  4.932865E-15
5835.51913135307  5.156253E-15
5838.29548626865  5.185248E-15
5841.07184118423  5.236354E-15
5843.84819609981  4.911794E-15
5846.62455101539  4.887015E-15
5849.40090593097  5.124271E-15
5852.17726084655  5.214461E-15
5854.95361576213  5.053688E-15
5857.72997067771  5.037695E-15
5860.50632559329  4.756982E-15
5863.28268050887  4.878554E-15
5866.05903542445  5.026761E-15
5868.83539034003  4.747458E-15
5871.61174525561  5.041333E-15
5874.38810017119  4.979456E-15
5877.16445508677  5.165839E-15
5879.94081000235  4.942430E-15
5882.71716491793  4.720100E-15
5885.49351983351  4.253627E-15
5888.26987474909  4.284663E-15
5891.04622966467  4.568011E-15
5893.82258458025  4.546332E-15
5896.59893949583  4.724945E-15
5899.37529441141  4.985497E-15
5902.15164932699  4.858037E-15
5904.92800424257  4.778492E-15
5907.70435915815  4.670236E-15
5910.48071407373  4.707302E-15
5913.25706898931  4.578099E-15
5916.03342390489  4.469347E-15
5918.80977882047  4.753613E-15
5921.58613373604  4.734627E-15
5924.36248865163  4.452531E-15
5927.1388435672  4.343992E-15
5929.91519848278  4.692159E-15
5932.69155339836  5.066578E-15
5935.46790831394  4.805649E-15
5938.24426322952  4.448985E-15
5941.0206181451  4.071576E-15
5943.79697306068  4.453292E-15
5946.57332797626  4.596969E-15
5949.34968289184  4.655326E-15
5952.12603780742  4.423652E-15
5954.902392723  4.406187E-15
5957.67874763858  4.542520E-15
5960.45510255416  4.738093E-15
5963.23145746974  4.950894E-15
5966.00781238532  4.724235E-15
5968.7841673009  4.572045E-15
5971.56052221648  4.409139E-15
5974.33687713206  4.141291E-15
5977.11323204764  4.470684E-15
5979.88958696322  4.645847E-15
5982.6659418788  4.551597E-15
5985.44229679438  4.491057E-15
5988.21865170996  4.590503E-15
5990.99500662554  4.622844E-15
5993.77136154112  4.793528E-15
5996.5477164567  4.588743E-15
5999.32407137228  4.162062E-15
6002.10042628786  4.150258E-15
6004.87678120344  4.173893E-15
6007.65313611902  4.625797E-15
6010.42949103459  4.606269E-15
6013.20584595018  4.436483E-15
6015.98220086575  4.717550E-15
6018.75855578134  4.827851E-15
6021.53491069691  4.635658E-15
6024.31126561249  4.437380E-15
6027.08762052807  4.469862E-15
6029.86397544365  4.703770E-15
6032.64033035923  4.388621E-15
6035.41668527481  4.258314E-15
6038.19304019039  4.486411E-15
6040.96939510597  4.521270E-15
6043.74575002155  4.443019E-15
6046.52210493713  4.424775E-15
6049.29845985271  4.437067E-15
6052.07481476829  4.855493E-15
6054.85116968387  4.816551E-15
6057.62752459945  4.728396E-15
6060.40387951503  4.449779E-15
6063.18023443061  4.202407E-15
6065.95658934619  4.529338E-15
6068.73294426177  4.312364E-15
6071.50929917735  4.376866E-15
6074.28565409293  4.298583E-15
6077.06200900851  4.506285E-15
6079.83836392409  4.311048E-15
6082.61471883967  4.488819E-15
6085.39107375525  4.233884E-15
6088.16742867083  4.221090E-15
6090.94378358641  4.267446E-15
6093.72013850199  4.223510E-15
6096.49649341757  4.440068E-15
6099.27284833315  4.365280E-15
6102.04920324873  4.246028E-15
6104.82555816431  4.443981E-15
6107.60191307989  4.255201E-15
6110.37826799546  4.166890E-15
6113.15462291105  4.704457E-15
6115.93097782662  4.308450E-15
6118.7073327422  4.295247E-15
6121.48368765778  4.589355E-15
6124.26004257336  4.375768E-15
6127.03639748894  4.427668E-15
6129.81275240452  4.202076E-15
6132.5891073201  4.533701E-15
6135.36546223568  4.447854E-15
6138.14181715126  4.217967E-15
6140.91817206684  4.474975E-15
6143.69452698242  4.394023E-15
6146.470881898  4.041894E-15
6149.24723681358  4.417456E-15
6152.02359172916  4.687844E-15
6154.79994664474  4.352041E-15
6157.57630156032  4.076191E-15
6160.3526564759  4.271847E-15
6163.12901139148  4.305513E-15
6165.90536630706  4.235915E-15
6168.68172122264  4.374879E-15
6171.45807613822  4.389089E-15
6174.2344310538  4.254969E-15
6177.01078596938  4.338684E-15
6179.78714088496  4.014652E-15
6182.56349580054  4.059378E-15
6185.33985071612  4.449585E-15
6188.1162056317  4.430143E-15
6190.89256054728  4.209919E-15
6193.66891546286  4.447918E-15
6196.44527037844  4.555176E-15
6199.22162529402  4.145183E-15
6201.9979802096  3.965925E-15
6204.77433512517  3.942565E-15
6207.55069004076  4.147216E-15
6210.32704495633  4.517325E-15
6213.10339987191  4.405027E-15
6215.87975478749  4.205885E-15
6218.65610970307  4.146450E-15
6221.43246461865  4.287559E-15
6224.20881953423  4.645529E-15
6226.98517444981  4.210253E-15
6229.76152936539  3.804587E-15
6232.53788428097  3.983033E-15
6235.31423919655  4.471316E-15
6238.09059411213  4.221397E-15
6240.86694902771  4.409841E-15
6243.64330394329  4.404239E-15
6246.41965885887  4.103873E-15
6249.19601377445  3.976468E-15
6251.97236869003  4.260537E-15
6254.74872360561  4.267928E-15
6257.52507852119  4.222624E-15
6260.30143343677  4.329502E-15
6263.07778835235  4.192321E-15
6265.85414326793  3.876667E-15
6268.63049818351  3.998656E-15
6271.40685309909  3.902098E-15
6274.18320801467  4.105622E-15
6276.95956293025  4.281723E-15
6279.73591784583  4.013622E-15
6282.51227276141  3.895203E-15
6285.28862767699  4.119298E-15
6288.06498259257  3.870628E-15
6290.84133750815  3.962546E-15
6293.61769242373  3.920132E-15
6296.39404733931  3.575784E-15
6299.17040225488  3.780167E-15
6301.94675717047  4.095364E-15
6304.72311208604  3.874911E-15
6307.49946700162  4.206869E-15
6310.2758219172  3.979185E-15
6313.05217683278  4.194509E-15
6315.82853174836  4.138792E-15
6318.60488666394  3.962621E-15
6321.38124157952  4.131891E-15
6324.1575964951  4.052132E-15
6326.93395141068  3.987705E-15
6329.71030632626  4.192262E-15
6332.48666124184  4.093044E-15
6335.26301615742  4.023214E-15
6338.039371073  4.326214E-15
6340.81572598858  3.970634E-15
6343.59208090416  3.918527E-15
6346.36843581974  3.998414E-15
6349.14479073532  3.851112E-15
6351.9211456509  4.144940E-15
6354.69750056648  3.956845E-15
6357.47385548206  3.999879E-15
6360.25021039764  3.915238E-15
6363.02656531322  4.136353E-15
6365.8029202288  4.068123E-15
6368.57927514438  3.807923E-15
6371.35563005996  3.814629E-15
6374.13198497554  3.978367E-15
6376.90833989111  3.956094E-15
6379.6846948067  4.086884E-15
6382.46104972228  4.112590E-15
6385.23740463786  4.031527E-15
6388.01375955344  4.142665E-15
6390.79011446902  3.905537E-15
6393.56646938459  4.187651E-15
6396.34282430017  4.121428E-15
6399.11917921575  3.825899E-15
6401.89553413133  4.210872E-15
6404.67188904691  3.782377E-15
6407.44824396249  4.016178E-15
6410.22459887807  3.863727E-15
6413.00095379365  3.564586E-15
6415.77730870923  4.075700E-15
6418.55366362481  3.885751E-15
6421.33001854039  3.820336E-15
6424.10637345597  3.950417E-15
6426.88272837155  4.065085E-15
6429.65908328713  3.987213E-15
6432.43543820271  3.840361E-15
6435.21179311829  4.150303E-15
6437.98814803387  4.083863E-15
6440.76450294945  3.767685E-15
6443.54085786503  3.993743E-15
6446.31721278061  4.116608E-15
6449.09356769619  3.876296E-15
6451.86992261177  3.978327E-15
6454.64627752735  3.983639E-15
6457.42263244293  3.710723E-15
6460.19898735851  3.785286E-15
6462.97534227409  3.822016E-15
6465.75169718967  3.980212E-15
6468.52805210525  4.205904E-15
6471.30440702083  3.801184E-15
6474.08076193641  3.654063E-15
6476.85711685199  3.836529E-15
6479.63347176757  4.043321E-15
6482.40982668315  4.019503E-15
6485.18618159872  3.732527E-15
6487.9625365143  3.876163E-15
6490.73889142988  3.750678E-15
6493.51524634546  3.962153E-15
6496.29160126104  3.544245E-15
6499.06795617662  3.917325E-15
6501.8443110922  3.937097E-15
6504.62066600778  3.514201E-15
6507.39702092336  3.762772E-15
6510.17337583894  3.712952E-15
6512.94973075452  3.454571E-15
6515.7260856701  3.704530E-15
6518.50244058568  3.863603E-15
6521.27879550126  4.088788E-15
6524.05515041684  4.036064E-15
6526.83150533242  3.684089E-15
6529.607860248  3.527758E-15
6532.38421516358  3.805470E-15
6535.16057007916  3.627353E-15
6537.93692499474  3.676816E-15
6540.71327991032  4.257178E-15
6543.4896348259  4.407650E-15
6546.26598974148  4.644352E-15
6549.04234465706  5.116975E-15
6551.81869957264  5.705143E-15
6554.59505448822  6.441603E-15
6557.3714094038  6.919532E-15
6560.14776431938  6.925860E-15
6562.92411923496  6.719850E-15
6565.70047415053  6.425610E-15
6568.47682906612  5.633564E-15
6571.25318398169  4.765942E-15
6574.02953889728  4.204507E-15
6576.80589381286  4.002397E-15
6579.58224872843  3.999708E-15
6582.35860364401  3.529946E-15
6585.13495855959  3.759580E-15
6587.91131347517  3.526414E-15
6590.68766839076  3.914110E-15
6593.46402330633  3.643353E-15
6596.24037822191  3.532009E-15
6599.01673313749  3.397388E-15
6601.79308805307  3.454549E-15
6604.56944296865  3.853864E-15
6607.34579788423  3.960085E-15
6610.12215279981  3.699927E-15
6612.89850771539  3.620106E-15
6615.67486263097  3.611183E-15
6618.45121754655  3.634869E-15
6621.22757246213  3.774640E-15
6624.00392737771  3.773770E-15
6626.78028229329  3.548091E-15
6629.55663720887  3.768783E-15
6632.33299212445  3.926917E-15
6635.10934704003  3.801838E-15
6637.88570195561  3.597334E-15
6640.66205687119  3.620199E-15
6643.43841178677  3.589380E-15
6646.21476670235  3.501947E-15
6648.99112161793  3.555601E-15
6651.76747653351  3.713513E-15
6654.54383144909  3.775945E-15
6657.32018636467  3.670539E-15
6660.09654128025  3.875259E-15
6662.87289619583  3.924251E-15
6665.64925111141  3.810819E-15
6668.42560602698  3.689052E-15
6671.20196094257  3.401292E-15
6673.97831585815  3.570005E-15
6676.75467077372  3.835883E-15
6679.5310256893  3.866662E-15
6682.30738060488  3.681504E-15
6685.08373552046  3.643521E-15
6687.86009043604  3.580117E-15
6690.63644535162  3.537453E-15
6693.4128002672  3.480063E-15
6696.18915518278  3.620247E-15
6698.96551009836  3.560059E-15
6701.74186501394  3.563672E-15
6704.51821992952  3.426944E-15
6707.2945748451  3.507370E-15
6710.07092976068  3.455435E-15
6712.84728467626  3.676641E-15
6715.62363959184  3.353515E-15
6718.39999450742  3.432670E-15
6721.176349423  3.719347E-15
6723.95270433858  3.582193E-15
6726.72905925416  3.434229E-15
6729.50541416974  3.698692E-15
6732.28176908532  3.783717E-15
6735.0581240009  3.520577E-15
6737.83447891648  3.475956E-15
6740.61083383206  3.434905E-15
6743.38718874764  3.435500E-15
6746.16354366322  3.535453E-15
6748.9398985788  3.511408E-15
6751.71625349438  3.357623E-15
6754.49260840996  3.450233E-15
6757.26896332554  3.550521E-15
6760.04531824112  3.648075E-15
6762.82167315669  3.671281E-15
6765.59802807227  3.388050E-15
6768.37438298785  3.442944E-15
6771.15073790343  3.594732E-15
6773.92709281901  3.389068E-15
6776.70344773459  3.512831E-15
6779.47980265018  3.585235E-15
6782.25615756575  3.619662E-15
6785.03251248133  3.479691E-15
6787.80886739691  3.421613E-15
6790.58522231249  3.425659E-15
6793.36157722807  3.691339E-15
6796.13793214365  3.651623E-15
6798.91428705923  3.273126E-15
6801.69064197481  3.569760E-15
6804.46699689039  3.752184E-15
6807.24335180597  3.651151E-15
6810.01970672155  3.551666E-15
6812.79606163713  3.404793E-15
6815.57241655271  3.423554E-15
6818.34877146829  3.386402E-15
6821.12512638387  3.428410E-15
6823.90148129945  3.536118E-15
6826.67783621503  3.495061E-15
6829.45419113061  3.547029E-15
6832.23054604619  3.598425E-15
6835.00690096177  3.461568E-15
6837.78325587735  3.424326E-15
6840.55961079293  3.374607E-15
6843.33596570851  3.301900E-15
6846.11232062409  3.456017E-15
6848.88867553967  3.437039E-15
6851.66503045524  2.947337E-15
6854.44138537082  3.157653E-15
6857.21774028641  3.629265E-15
6859.99409520199  3.674201E-15
6862.77045011756  3.372266E-15
6865.54680503314  3.200641E-15
6868.32315994872  2.995889E-15
6871.0995148643  2.920429E-15
6873.87586977988  3.084323E-15
6876.65222469546  3.354250E-15
6879.42857961104  3.380700E-15
6882.20493452662  3.151571E-15
6884.9812894422  3.090682E-15
6887.75764435778  3.132719E-15
6890.53399927336  3.172584E-15
6893.31035418894  3.306513E-15
6896.08670910452  3.239668E-15
6898.8630640201  3.041021E-15
6901.63941893568  3.268146E-15
6904.41577385126  3.569648E-15
6907.19212876684  3.267372E-15
6909.96848368242  3.172806E-15
6912.744838598  3.470551E-15
6915.52119351358  3.595265E-15
6918.29754842916  3.699535E-15
6921.07390334474  3.334357E-15
6923.85025826032  3.116660E-15
6926.6266131759  3.594470E-15
6929.40296809148  3.476191E-15
6932.17932300706  3.457534E-15
6934.95567792264  3.672409E-15
6937.73203283822  3.555773E-15
6940.5083877538  3.202600E-15
6943.28474266938  2.958972E-15
6946.06109758495  3.050211E-15
6948.83745250054  3.217465E-15
6951.61380741612  3.172340E-15
6954.39016233169  3.339827E-15
6957.16651724727  3.207735E-15
6959.94287216285  3.159939E-15
6962.71922707843  3.562297E-15
6965.49558199401  3.398673E-15
6968.27193690959  3.202636E-15
6971.04829182517  3.341591E-15
6973.82464674075  3.273881E-15
6976.60100165633  3.345667E-15
6979.37735657191  3.433724E-15
6982.15371148749  3.254114E-15
6984.93006640307  3.243849E-15
6987.70642131865  3.194480E-15
6990.48277623423  2.996902E-15
6993.25913114981  3.154716E-15
6996.03548606539  3.192794E-15
6998.81184098097  3.172705E-15
7001.58819589655  3.167408E-15
7004.36455081213  3.174378E-15
7007.14090572771  3.264052E-15
7009.91726064329  3.270606E-15
7012.69361555887  3.242314E-15
7015.46997047445  3.278341E-15
7018.24632539003  3.257275E-15
7021.02268030561  3.358725E-15
7023.79903522119  3.437695E-15
7026.57539013677  3.400709E-15
7029.35174505235  3.574294E-15
7032.12809996793  3.460985E-15
7034.90445488351  3.270909E-15
7037.68080979909  3.291991E-15
7040.45716471466  3.138604E-15
7043.23351963024  3.396485E-15
7046.00987454583  3.250216E-15
7048.7862294614  3.207945E-15
7051.56258437698  3.356109E-15
7054.33893929256  3.407127E-15
7057.11529420814  3.386466E-15
7059.89164912372  3.326718E-15
7062.6680040393  3.492925E-15
7065.44435895488  3.364410E-15
7068.22071387046  3.296209E-15
7070.99706878604  3.348725E-15
7073.77342370162  3.472935E-15
7076.5497786172  3.296465E-15
7079.32613353278  3.251474E-15
7082.10248844836  3.254676E-15
7084.87884336394  3.106661E-15
7087.65519827952  3.160966E-15
7090.4315531951  3.379948E-15
7093.20790811068  3.406911E-15
7095.98426302626  3.102484E-15
7098.76061794184  3.051422E-15
7101.53697285742  3.367212E-15
7104.313327773  3.270549E-15
7107.08968268858  3.003867E-15
7109.86603760416  3.135292E-15
7112.64239251974  3.313465E-15
7115.41874743532  3.299480E-15
7118.1951023509  3.419277E-15
7120.97145726648  3.161830E-15
7123.74781218206  3.005035E-15
7126.52416709764  3.041148E-15
7129.30052201322  3.192903E-15
7132.0768769288  3.381012E-15
7134.85323184437  3.193982E-15
7137.62958675996  3.282833E-15
7140.40594167553  3.228038E-15
7143.18229659112  3.236816E-15
7145.95865150669  3.062642E-15
7148.73500642227  3.202326E-15
7151.51136133785  3.166451E-15
7154.28771625343  2.935264E-15
7157.06407116901  3.188580E-15
7159.84042608459  3.296355E-15
7162.61678100017  3.188105E-15
7165.39313591575  3.301257E-15
7168.16949083133  3.105344E-15
7170.94584574691  2.870806E-15
7173.72220066249  2.968499E-15
7176.49855557807  2.937885E-15
7179.27491049365  3.132990E-15
7182.05126540923  3.328026E-15
7184.82762032481  3.197384E-15
7187.60397524039  3.012857E-15
7190.38033015597  2.903875E-15
7193.15668507155  2.911196E-15
7195.93303998713  3.201064E-15
7198.70939490271  3.072158E-15
7201.48574981829  3.065684E-15
7204.26210473387  3.087580E-15
7207.03845964945  3.170367E-15
7209.81481456503  3.291665E-15
7212.59116948061  2.863476E-15
7215.36752439619  2.732628E-15
7218.14387931177  2.977461E-15
7220.92023422735  3.110686E-15
7223.69658914293  3.071617E-15
7226.47294405851  3.033320E-15
7229.24929897409  2.919531E-15
7232.02565388966  2.788695E-15
7234.80200880524  2.930371E-15
7237.57836372083  2.981624E-15
7240.3547186364  3.199553E-15
7243.13107355198  3.041758E-15
7245.90742846756  2.844827E-15
7248.68378338314  3.305395E-15
7251.46013829872  3.165155E-15
7254.2364932143  3.077107E-15
7257.01284812988  3.361339E-15
7259.78920304546  3.172542E-15
7262.56555796104  3.154182E-15
7265.34191287662  3.003839E-15
7268.1182677922  3.285886E-15
7270.89462270778  3.089888E-15
7273.67097762336  3.030836E-15
7276.44733253894  3.036023E-15
7279.22368745452  2.776008E-15
7282.0000423701  2.712964E-15
7284.77639728568  3.037502E-15
7287.55275220126  3.231155E-15
7290.32910711684  3.064753E-15
7293.10546203242  3.017633E-15
7295.881816948  2.979508E-15
7298.65817186358  2.766455E-15
7301.43452677916  2.808757E-15
7304.21088169474  3.017187E-15
7306.98723661032  3.105148E-15
7309.7635915259  2.796067E-15
7312.53994644148  2.918314E-15
7315.31630135706  2.991452E-15
7318.09265627264  2.725380E-15
7320.86901118822  2.927608E-15
7323.6453661038  2.987039E-15
7326.42172101938  2.902975E-15
7329.19807593495  2.732410E-15
7331.97443085053  2.749455E-15
7334.75078576611  2.742840E-15
7337.52714068169  2.910530E-15
7340.30349559727  3.096475E-15
7343.07985051285  2.923177E-15
7345.85620542843  2.805569E-15
7348.63256034401  2.995284E-15
7351.40891525959  2.949895E-15
7354.18527017517  2.722441E-15
7356.96162509075  2.774034E-15
7359.73798000633  2.797568E-15
7362.51433492191  2.917587E-15
7365.29068983749  3.015548E-15
7368.06704475307  2.672054E-15
7370.84339966865  2.952826E-15
7373.61975458423  2.874760E-15
7376.39610949981  2.851636E-15
7379.17246441539  2.667438E-15
7381.94881933097  2.776579E-15
7384.72517424655  2.721487E-15
7387.50152916213  2.863925E-15
7390.27788407771  2.849524E-15
7393.05423899329  2.675509E-15
7395.83059390887  2.706315E-15
7398.60694882445  2.764510E-15
7401.38330374003  2.831972E-15
7404.15965865561  2.784094E-15
7406.93601357119  2.732976E-15
7409.71236848677  2.810734E-15
7412.48872340235  2.771197E-15
7415.26507831793  2.882995E-15
7418.04143323351  2.962060E-15
7420.81778814909  2.638655E-15
7423.59414306466  2.630285E-15
7426.37049798024  2.756590E-15
7429.14685289582  2.921910E-15
7431.9232078114  2.691653E-15
7434.69956272698  2.541843E-15
7437.47591764256  2.762502E-15
7440.25227255814  2.736819E-15
7443.02862747372  2.706545E-15
7445.8049823893  2.476080E-15
7448.58133730488  2.835735E-15
7451.35769222046  2.610285E-15
7454.13404713604  2.700034E-15
7456.91040205162  2.798659E-15
7459.6867569672  2.381803E-15
7462.46311188278  2.508335E-15
7465.23946679836  2.754130E-15
7468.01582171394  2.631881E-15
7470.79217662952  2.842853E-15
7473.5685315451  2.826837E-15
7476.34488646068  2.561610E-15
7479.12124137626  2.794389E-15
7481.89759629184  2.523700E-15
7484.67395120742  2.619265E-15
7487.450306123  2.550492E-15
7490.22666103858  2.475396E-15
7493.00301595416  2.694741E-15
7495.77937086974  2.734213E-15
7498.55572578532  2.382998E-15
7501.3320807009  2.633743E-15
7504.10843561648  2.444244E-15
7506.88479053206  2.546490E-15
7509.66114544764  2.434331E-15
7512.43750036321  2.474881E-15
7515.2138552788  2.669966E-15
7517.99021019437  2.728940E-15
7520.76656510995  2.721308E-15
7523.54292002553  2.425484E-15
7526.31927494111  2.400799E-15
7529.09562985669  2.778828E-15
7531.87198477227  2.724451E-15
7534.64833968785  2.596998E-15
7537.42469460343  2.720719E-15
7540.20104951901  2.881895E-15
7542.97740443459  2.858265E-15
7545.75375935017  2.908160E-15
7548.53011426575  3.356066E-15
7551.30646918133  3.127428E-15
7554.08282409691  2.941431E-15
7556.85917901249  2.953818E-15
7559.63553392807  2.893884E-15
7562.41188884365  2.696875E-15
7565.18824375923  2.711396E-15
7567.96459867481  2.748965E-15
7570.74095359039  2.695888E-15
7573.51730850597  2.670935E-15
7576.29366342155  2.675221E-15
7579.07001833713  2.703087E-15
7581.84637325271  2.775882E-15
7584.62272816829  2.810112E-15
7587.39908308387  2.807231E-15
7590.17543799945  2.804001E-15
7592.95179291503  2.731526E-15
7595.72814783061  2.732888E-15
7598.50450274619  2.522463E-15
7601.28085766177  2.908292E-15
7604.05721257735  2.417120E-15
7606.83356749292  1.975478E-15
7609.60992240851  2.721311E-15
7612.38627732408  2.553900E-15
7615.16263223967  2.356515E-15
7617.93898715524  2.464874E-15
7620.71534207082  2.661010E-15
7623.4916969864  2.674508E-15
7626.26805190198  2.347564E-15
7629.04440681756  2.330966E-15
7631.82076173314  2.722564E-15
7634.59711664872  2.833592E-15
7637.3734715643  2.749804E-15
7640.14982647988  2.457822E-15
7642.92618139546  2.250252E-15
7645.70253631104  2.331674E-15
7648.47889122662  2.283945E-15
7651.2552461422  2.715133E-15
7654.03160105778  2.552519E-15
7656.80795597336  2.496541E-15
7659.58431088894  2.431623E-15
7662.36066580452  2.414663E-15
7665.1370207201  2.411567E-15
7667.91337563568  2.377541E-15
7670.68973055126  2.239583E-15
7673.46608546684  2.330579E-15
7676.24244038242  2.346283E-15
7679.018795298  2.363827E-15
7681.79515021358  2.324018E-15
7684.57150512916  2.238647E-15
7687.34786004474  2.252909E-15
7690.12421496032  2.422396E-15
7692.9005698759  2.416100E-15
7695.67692479148  2.240579E-15
7698.45327970706  2.404534E-15
7701.22963462264  2.569305E-15
7704.00598953821  2.389221E-15
7706.78234445379  2.334226E-15
7709.55869936937  2.413003E-15
7712.33505428495  2.223766E-15
7715.11140920053  2.319547E-15
7717.88776411611  2.207247E-15
7720.66411903169  2.220221E-15
7723.44047394727  2.610009E-15
7726.21682886285  2.623401E-15
7728.99318377843  2.269769E-15
7731.76953869401  2.411912E-15
7734.54589360959  2.509435E-15
7737.32224852517  2.277656E-15
7740.09860344075  2.321712E-15
7742.87495835633  2.420346E-15
7745.65131327191  2.341158E-15
7748.42766818749  2.289688E-15
7751.20402310307  2.227179E-15
7753.98037801865  2.363124E-15
7756.75673293423  2.593090E-15
7759.53308784981  2.441298E-15
7762.30944276539  2.395180E-15
7765.08579768097  2.487734E-15
7767.86215259655  2.354179E-15
7770.63850751213  2.417726E-15
7773.41486242771  2.466008E-15
7776.19121734329  2.426226E-15
7778.96757225887  2.411371E-15
7781.74392717445  2.394327E-15
7784.52028209003  2.525291E-15
7787.29663700561  2.370858E-15
7790.07299192119  2.192540E-15
7792.84934683677  2.289619E-15
7795.62570175234  2.366573E-15
7798.40205666793  2.346478E-15
7801.1784115835  2.353785E-15
7803.95476649909  2.336050E-15
7806.73112141466  2.254329E-15
7809.50747633024  2.335875E-15
7812.28383124582  2.496441E-15
7815.0601861614  2.395752E-15
7817.83654107698  2.487370E-15
7820.61289599256  2.221317E-15
7823.38925090814  2.334072E-15
7826.16560582372  2.364357E-15
7828.9419607393  2.517637E-15
7831.71831565488  2.382243E-15
7834.49467057046  2.442119E-15
7837.27102548604  2.219037E-15
7840.04738040162  2.169528E-15
7842.8237353172  2.393844E-15
7845.60009023278  2.548758E-15
7848.37644514836  2.449849E-15
7851.15280006394  2.376221E-15
7853.92915497952  2.337126E-15
7856.7055098951  2.284786E-15
7859.48186481068  2.404469E-15
7862.25821972626  2.452151E-15
7865.03457464184  2.412440E-15
7867.81092955742  2.312962E-15
7870.587284473  2.257733E-15
7873.36363938858  2.538064E-15
7876.13999430416  2.338674E-15
7878.91634921974  2.259631E-15
7881.69270413532  2.242014E-15
7884.4690590509  2.348836E-15
7887.24541396648  2.188461E-15
7890.02176888206  2.356611E-15
7892.79812379764  2.243024E-15
7895.57447871321  2.318301E-15
7898.3508336288  2.328114E-15
7901.12718854437  2.286608E-15
7903.90354345995  2.195383E-15
7906.67989837553  2.101633E-15
7909.45625329111  2.103665E-15
7912.23260820669  2.038513E-15
7915.00896312227  2.156194E-15
7917.78531803785  2.410884E-15
7920.56167295343  2.449889E-15
7923.33802786901  2.216265E-15
7926.11438278459  2.271162E-15
7928.89073770017  2.075159E-15
7931.66709261575  2.334971E-15
7934.44344753133  2.453618E-15
7937.21980244691  2.338891E-15
7939.99615736249  2.256522E-15
7942.77251227807  2.204965E-15
7945.54886719365  2.118792E-15
7948.32522210923  2.114195E-15
7951.10157702481  2.311158E-15
7953.87793194039  2.199027E-15
7956.65428685597  2.286067E-15
7959.43064177155  2.477842E-15
7962.20699668713  2.317631E-15
7964.98335160271  2.150436E-15
7967.75970651829  2.129222E-15
7970.53606143387  2.233854E-15
7973.31241634945  2.204017E-15
7976.08877126503  2.369163E-15
7978.86512618061  2.217158E-15
7981.64148109619  2.041278E-15
7984.41783601176  2.344065E-15
7987.19419092735  2.362094E-15
7989.97054584292  2.160382E-15
7992.74690075851  2.315343E-15
7995.52325567408  2.184168E-15
7998.29961058966  2.151726E-15
8001.07596550524  2.132825E-15
8003.85232042082  2.104638E-15
8006.6286753364  2.332863E-15
8009.40503025198  2.204042E-15
8012.18138516756  2.193792E-15
8014.95774008314  2.330602E-15
8017.73409499872  2.166695E-15
8020.5104499143  2.212172E-15
8023.28680482988  2.209310E-15
8026.06315974546  2.217016E-15
8028.83951466104  2.145270E-15
8031.61586957662  2.211487E-15
8034.3922244922  2.112721E-15
8037.16857940778  2.229119E-15
8039.94493432336  2.180202E-15
8042.72128923894  2.138540E-15
8045.49764415452  1.911630E-15
8048.2739990701  2.168006E-15
8051.05035398568  2.183127E-15
8053.82670890126  2.119673E-15
8056.60306381684  2.137352E-15
8059.37941873242  2.334630E-15
8062.155773648  2.412292E-15
8064.93212856357  2.168744E-15
8067.70848347916  2.132667E-15
8070.48483839474  2.182409E-15
8073.26119331031  2.168379E-15
8076.03754822589  2.273182E-15
8078.81390314148  2.101715E-15
8081.59025805706  2.178161E-15
8084.36661297263  2.237461E-15
8087.14296788822  2.208011E-15
8089.91932280379  1.961659E-15
8092.69567771937  2.215844E-15
8095.47203263495  2.240351E-15
8098.24838755053  2.041888E-15
8101.02474246611  1.957092E-15
8103.80109738169  1.850446E-15
8106.57745229727  2.122208E-15
8109.35380721285  2.222029E-15
8112.13016212843  2.302553E-15
8114.90651704401  2.261849E-15
8117.68287195959  1.936405E-15
8120.45922687517  1.818725E-15
8123.23558179075  2.009019E-15
8126.01193670633  2.111633E-15
8128.78829162191  1.981958E-15
8131.56464653749  2.042785E-15
8134.34100145307  2.090583E-15
8137.11735636865  2.100050E-15
8139.89371128423  2.086428E-15
8142.67006619981  2.011311E-15
8145.44642111539  1.841650E-15
8148.22277603097  2.030473E-15
8150.99913094655  1.834594E-15
8153.77548586213  1.844785E-15
8156.55184077771  1.893334E-15
8159.32819569329  1.970939E-15
8162.10455060886  1.991407E-15
8164.88090552445  1.943315E-15
8167.65726044003  1.798964E-15
8170.43361535561  1.822207E-15
8173.20997027118  1.887398E-15
8175.98632518676  1.929273E-15
8178.76268010234  2.106082E-15
8181.53903501792  1.931696E-15
8184.3153899335  1.757912E-15
8187.09174484908  1.837442E-15
8189.86809976466  2.243695E-15
8192.64445468024  2.089433E-15
8195.42080959582  2.100488E-15
8198.1971645114  2.026219E-15
8200.97351942698  2.111675E-15
8203.74987434256  2.109823E-15
8206.52622925814  2.104659E-15
8209.30258417372  2.179261E-15
8212.0789390893  2.214837E-15
8214.85529400488  2.088004E-15
8217.63164892046  2.263080E-15
8220.40800383604  2.205904E-15
8223.18435875162  2.164633E-15
8225.9607136672  2.064128E-15
8228.73706858278  1.755184E-15
8231.51342349836  1.931848E-15
8234.28977841394  1.909280E-15
8237.06613332952  2.084860E-15
8239.8424882451  1.942763E-15
8242.61884316068  2.077841E-15
8245.39519807626  2.233713E-15
8248.17155299184  1.939239E-15
8250.94790790742  2.253548E-15
8253.724262823  2.330368E-15
8256.50061773858  2.199824E-15
8259.27697265415  2.250308E-15
8262.05332756974  2.365542E-15
8264.82968248532  2.183903E-15
8267.60603740089  1.936169E-15
8270.38239231647  2.084304E-15
8273.15874723205  2.258053E-15
8275.93510214764  1.996796E-15
8278.71145706321  1.771295E-15
8281.48781197879  1.975122E-15
8284.26416689437  2.260614E-15
8287.04052180995  2.269199E-15
8289.81687672553  2.192079E-15
8292.59323164111  2.345269E-15
8295.36958655669  2.010465E-15
8298.14594147227  1.923754E-15
8300.92229638785  2.215575E-15
8303.69865130343  2.099996E-15
8306.47500621901  1.911763E-15
8309.25136113459  1.919234E-15
8312.02771605017  2.155375E-15
8314.80407096575  2.005417E-15
8317.58042588133  1.836990E-15
8320.35678079691  2.053040E-15
8323.13313571249  2.256598E-15
8325.90949062807  2.301137E-15
8328.68584554365  2.244146E-15
8331.46220045923  2.141823E-15
8334.23855537481  2.056661E-15
8337.01491029039  2.199598E-15
8339.79126520597  2.413515E-15
8342.56762012155  1.946189E-15
8345.34397503712  1.847847E-15
8348.12032995271  2.175064E-15
8350.89668486829  2.306264E-15
8353.67303978387  2.157365E-15
8356.44939469944  2.265286E-15
8359.22574961502  2.068231E-15
8362.00210453061  2.165658E-15
8364.77845944619  2.100399E-15
8367.55481436176  2.000730E-15
8370.33116927734  1.973325E-15
8373.10752419292  1.989111E-15
8375.8838791085  1.925105E-15
8378.66023402408  1.978471E-15
8381.43658893966  2.144420E-15
8384.21294385524  2.201541E-15
8386.98929877082  2.225770E-15
8389.7656536864  2.150792E-15
8392.54200860198  1.987414E-15
8395.31836351756  1.838111E-15
8398.09471843314  2.011711E-15
8400.87107334872  2.338861E-15
8403.6474282643  2.486353E-15
8406.42378317988  2.513454E-15
8409.20013809546  2.095263E-15
8411.97649301104  2.150108E-15
8414.75284792662  2.150201E-15
8417.5292028422  2.220302E-15
8420.30555775778  1.967882E-15
8423.08191267336  2.131937E-15
8425.85826758894  2.275430E-15
8428.63462250452  2.102400E-15
8431.4109774201  2.133908E-15
8434.18733233568  2.075961E-15
8436.96368725126  2.010311E-15
8439.74004216684  2.188057E-15
8442.51639708242  2.093683E-15
8445.292751998  2.000618E-15
8448.06910691358  2.094969E-15
8450.84546182916  1.892696E-15
8453.62181674473  1.921850E-15
8456.39817166031  2.040672E-15
8459.1745265759  1.946194E-15
8461.95088149147  1.806647E-15
8464.72723640705  2.043307E-15
8467.50359132263  1.956632E-15
8470.27994623821  1.957906E-15
8473.05630115379  1.974885E-15
8475.83265606937  2.126119E-15
8478.60901098495  2.129646E-15
8481.38536590053  1.988999E-15
8484.16172081611  1.953659E-15
8486.93807573169  2.063623E-15
8489.71443064727  2.075276E-15
8492.49078556285  1.935599E-15
8495.26714047843  1.995731E-15
8498.04349539401  2.040031E-15
8500.81985030959  1.928474E-15
8503.59620522517  1.612167E-15
8506.37256014075  1.823020E-15
8509.14891505633  1.843686E-15
8511.92526997191  1.910620E-15
8514.70162488749  1.917310E-15
8517.47797980307  1.982536E-15
8520.25433471865  1.910008E-15
8523.03068963423  1.711674E-15
8525.80704454981  1.585893E-15
8528.58339946539  1.776293E-15
8531.35975438097  1.851310E-15
8534.13610929655  1.978593E-15
8536.91246421213  2.136071E-15
8539.6888191277  2.009504E-15
8542.46517404328  2.008979E-15
8545.24152895887  2.174633E-15
8548.01788387445  2.101434E-15
8550.79423879002  1.886148E-15
8553.5705937056  1.788541E-15
8556.34694862118  1.786379E-15
8559.12330353676  1.747218E-15
8561.89965845234  1.926460E-15
8564.67601336792  2.010843E-15
8567.4523682835  1.900105E-15
8570.22872319908  1.694686E-15
8573.00507811466  1.650555E-15
8575.78143303024  2.032862E-15
8578.55778794582  2.031589E-15
8581.3341428614  1.786233E-15
8584.11049777698  2.052791E-15
8586.88685269256  1.968793E-15
8589.66320760814  1.869847E-15
8592.43956252372  1.881050E-15
8595.2159174393  1.771231E-15
8597.99227235488  1.970751E-15
8600.76862727046  1.759182E-15
8603.54498218604  1.605197E-15
8606.32133710162  1.771288E-15
8609.0976920172  1.746734E-15
8611.87404693278  1.596406E-15
8614.65040184836  1.777155E-15
8617.42675676394  1.892099E-15
8620.20311167952  2.169426E-15
8622.97946659509  1.844463E-15
8625.75582151068  1.682408E-15
8628.53217642626  2.183527E-15
8631.30853134184  2.252942E-15
8634.08488625742  2.212791E-15
8636.861241173  1.692679E-15
8639.63759608857  1.650990E-15
8642.41395100416  1.958962E-15
8645.19030591974  1.891080E-15
8647.96666083531  1.928989E-15
8650.74301575089  1.979932E-15
8653.51937066647  1.914003E-15
8656.29572558205  1.957042E-15
8659.07208049763  2.183264E-15
8661.84843541321  1.793174E-15
8664.62479032879  1.829089E-15
8667.40114524437  1.725314E-15
8670.17750015995  1.946026E-15
8672.95385507553  1.843158E-15
8675.73020999111  1.659499E-15
8678.50656490669  1.977363E-15
8681.28291982227  2.036131E-15
8684.05927473785  1.828414E-15
8686.83562965343  1.690615E-15
8689.61198456901  1.928653E-15
8692.38833948459  1.933157E-15
8695.16469440017  1.712713E-15
8697.94104931575  1.683124E-15
8700.71740423133  1.823177E-15
8703.49375914691  1.850133E-15
8706.27011406249  1.759329E-15
8709.04646897807  1.799587E-15
8711.82282389365  1.608240E-15
8714.59917880923  1.764919E-15
8717.37553372481  1.837958E-15
8720.15188864039  1.628938E-15
8722.92824355597  1.495632E-15
8725.70459847155  1.595261E-15
8728.48095338713  1.812952E-15
8731.25730830271  2.116870E-15
8734.03366321828  2.104101E-15
8736.81001813386  1.973755E-15
8739.58637304945  1.770894E-15
8742.36272796502  1.714921E-15
8745.1390828806  1.726866E-15
8747.91543779618  1.569268E-15
8750.69179271176  1.650566E-15
8753.46814762734  1.860894E-15
8756.24450254292  1.931318E-15
8759.0208574585  2.061136E-15
8761.79721237408  2.068968E-15
8764.57356728966  1.906296E-15
8767.34992220524  1.660179E-15
8770.12627712082  1.646938E-15
8772.9026320364  1.644145E-15
8775.67898695198  1.779219E-15
8778.45534186756  1.926680E-15
8781.23169678314  1.922705E-15
8784.00805169872  1.668980E-15
8786.7844066143  1.784396E-15
8789.56076152988  1.728597E-15
8792.33711644546  1.713902E-15
8795.11347136104  1.895070E-15
8797.88982627662  1.874466E-15
8800.6661811922  1.934584E-15
8803.44253610778  1.805736E-15
8806.21889102336  1.722120E-15
8808.99524593894  1.857747E-15
8811.77160085452  1.521464E-15
8814.5479557701  1.320637E-15
8817.32431068567  1.562890E-15
8820.10066560126  1.590732E-15
8822.87702051683  1.731298E-15
8825.65337543242  1.543326E-15
8828.429730348  1.434627E-15
8831.20608526358  1.385788E-15
