3861.5307863759  9.338929E-15
3864.30714129148  1.300961E-14
3867.08349620706  1.315989E-14
3869.85985112264  9.663615E-15
3872.63620603822  9.607933E-15
3875.4125609538  1.135082E-14
3878.18891586938  1.179450E-14
3880.96527078496  1.001608E-14
3883.74162570054  8.297991E-15
3886.51798061612  8.855628E-15
3889.2943355317  8.227197E-15
3892.07069044728  7.906365E-15
3894.84704536286  8.946002E-15
3897.62340027844  8.619414E-15
3900.39975519402  9.445009E-15
3903.1761101096  9.164144E-15
3905.95246502518  9.884803E-15
3908.72881994076  1.085434E-14
3911.50517485634  9.276253E-15
3914.28152977192  8.918560E-15
3917.0578846875  9.101384E-15
3919.83423960308  7.943922E-15
3922.61059451866  8.186673E-15
3925.38694943424  8.366581E-15
3928.16330434982  7.920617E-15
3930.9396592654  8.459841E-15
3933.71601418098  9.953621E-15
3936.49236909656  7.188996E-15
3939.26872401214  8.694943E-15
3942.04507892772  9.019551E-15
3944.82143384329  7.434854E-15
3947.59778875887  7.073816E-15
3950.37414367445  7.972628E-15
3953.15049859003  8.675787E-15
3955.92685350561  8.395328E-15
3958.70320842119  6.769563E-15
3961.47956333677  7.492730E-15
3964.25591825235  6.182117E-15
3967.03227316793  7.072618E-15
3969.80862808351  8.018560E-15
3972.58498299909  8.141515E-15
3975.36133791467  7.167708E-15
3978.13769283025  5.920451E-15
3980.91404774583  7.496610E-15
3983.69040266141  7.209863E-15
3986.46675757699  8.762412E-15
3989.24311249257  8.689642E-15
3992.01946740815  7.468411E-15
3994.79582232373  8.549934E-15
3997.57217723931  7.301441E-15
4000.34853215489  7.636727E-15
4003.12488707047  7.486994E-15
4005.90124198605  8.316796E-15
4008.67759690163  7.337364E-15
4011.45395181721  7.234478E-15
4014.23030673279  8.286470E-15
4017.00666164837  7.988181E-15
4019.78301656395  6.815714E-15
4022.55937147953  7.857250E-15
4025.33572639511  7.493321E-15
4028.11208131069  7.051265E-15
4030.88843622627  7.243658E-15
4033.66479114185  7.889272E-15
4036.44114605743  7.452765E-15
4039.21750097301  8.279473E-15
4041.99385588858  7.435866E-15
4044.77021080416  9.138293E-15
4047.54656571974  8.989329E-15
4050.32292063532  7.942613E-15
4053.0992755509  8.558521E-15
4055.87563046648  8.817314E-15
4058.65198538206  8.959903E-15
4061.42834029764  8.173495E-15
4064.20469521322  8.754219E-15
4066.9810501288  8.468146E-15
4069.75740504438  8.352154E-15
4072.53375995996  7.526906E-15
4075.31011487554  8.150697E-15
4078.08646979112  8.109288E-15
4080.8628247067  7.879720E-15
4083.63917962228  7.842212E-15
4086.41553453786  9.063444E-15
4089.19188945344  7.669037E-15
4091.96824436902  7.395212E-15
4094.7445992846  7.969408E-15
4097.52095420018  7.808962E-15
4100.29730911576  7.893687E-15
4103.07366403134  6.728496E-15
4105.85001894692  7.010787E-15
4108.6263738625  7.065337E-15
4111.40272877808  7.375568E-15
4114.17908369366  8.838907E-15
4116.95543860924  8.326229E-15
4119.73179352482  7.588376E-15
4122.5081484404  7.877318E-15
4125.28450335598  8.147077E-15
4128.06085827156  8.688542E-15
4130.83721318714  8.958004E-15
4133.61356810271  8.615235E-15
4136.38992301829  8.646821E-15
4139.16627793387  8.264838E-15
4141.94263284945  8.061193E-15
4144.71898776503  8.473002E-15
4147.49534268061  8.853919E-15
4150.27169759619  8.439295E-15
4153.04805251177  8.702622E-15
4155.82440742735  9.150483E-15
4158.60076234293  9.940078E-15
4161.37711725851  8.472508E-15
4164.15347217409  9.261368E-15
4166.92982708967  7.774730E-15
4169.70618200525  8.194787E-15
4172.48253692083  8.189749E-15
4175.25889183641  8.180830E-15
4178.03524675199  8.033223E-15
4180.81160166757  8.355338E-15
4183.58795658315  7.898887E-15
4186.36431149873  9.321612E-15
4189.14066641431  9.306818E-15
4191.91702132989  9.251732E-15
4194.69337624547  9.410205E-15
4197.46973116105  9.001948E-15
4200.24608607663  8.625536E-15
4203.02244099221  7.799212E-15
4205.79879590779  8.740115E-15
4208.57515082337  8.572857E-15
4211.35150573895  9.080272E-15
4214.12786065453  8.516061E-15
4216.90421557011  8.253937E-15
4219.68057048569  8.780493E-15
4222.45692540127  8.783850E-15
4225.23328031684  8.324553E-15
4228.00963523242  8.059753E-15
4230.785990148  8.504225E-15
4233.56234506358  7.942454E-15
4236.33869997916  8.080920E-15
4239.11505489474  8.172392E-15
4241.89140981032  7.877942E-15
4244.6677647259  8.186485E-15
4247.44411964148  8.886051E-15
4250.22047455706  8.034081E-15
4252.99682947264  7.789717E-15
4255.77318438822  8.358522E-15
4258.5495393038  8.640257E-15
4261.32589421938  8.679912E-15
4264.10224913496  9.051023E-15
4266.87860405054  8.822765E-15
4269.65495896612  8.005445E-15
4272.4313138817  8.255345E-15
4275.20766879728  7.366843E-15
4277.98402371286  7.971369E-15
4280.76037862844  8.987573E-15
4283.53673354402  8.604228E-15
4286.3130884596  8.702257E-15
4289.08944337518  8.939975E-15
4291.86579829076  7.912742E-15
4294.64215320634  8.143553E-15
4297.41850812192  8.199961E-15
4300.1948630375  8.130120E-15
4302.97121795308  8.839040E-15
4305.74757286866  8.613008E-15
4308.52392778424  7.628410E-15
4311.30028269982  8.058162E-15
4314.0766376154  8.253218E-15
4316.85299253098  8.018120E-15
4319.62934744656  7.932698E-15
4322.40570236213  7.965027E-15
4325.18205727771  7.438957E-15
4327.95841219329  7.568186E-15
4330.73476710887  8.024256E-15
4333.51112202445  7.548617E-15
4336.28747694003  7.142334E-15
4339.06383185561  7.207397E-15
4341.84018677119  7.603913E-15
4344.61654168677  7.047355E-15
4347.39289660235  7.199483E-15
4350.16925151793  7.079820E-15
4352.94560643351  7.127753E-15
4355.72196134909  6.993483E-15
4358.49831626467  8.075293E-15
4361.27467118025  8.177411E-15
4364.05102609583  7.872424E-15
4366.82738101141  7.869669E-15
4369.60373592699  7.989837E-15
4372.38009084257  7.964420E-15
4375.15644575815  7.872705E-15
4377.93280067373  8.127544E-15
4380.70915558931  8.481807E-15
4383.48551050489  8.036041E-15
4386.26186542047  7.852242E-15
4389.03822033605  8.083873E-15
4391.81457525163  7.810297E-15
4394.59093016721  8.416939E-15
4397.36728508279  7.623468E-15
4400.14363999837  7.355998E-15
4402.91999491395  8.055885E-15
4405.69634982953  8.218269E-15
4408.47270474511  7.992566E-15
4411.24905966069  7.827191E-15
4414.02541457626  8.526797E-15
4416.80176949185  7.938247E-15
4419.57812440742  8.090435E-15
4422.354479323  8.295371E-15
4425.13083423858  8.298262E-15
4427.90718915416  8.563407E-15
4430.68354406974  8.137051E-15
4433.45989898532  8.041368E-15
4436.2362539009  8.376215E-15
4439.01260881648  8.539576E-15
4441.78896373206  8.420901E-15
4444.56531864764  7.579842E-15
4447.34167356322  7.625077E-15
4450.1180284788  7.896999E-15
4452.89438339438  7.953288E-15
4455.67073830996  8.326383E-15
4458.44709322554  8.394674E-15
4461.22344814112  8.410276E-15
4463.9998030567  8.619036E-15
4466.77615797228  8.303401E-15
4469.55251288786  7.803997E-15
4472.32886780344  8.046489E-15
4475.10522271902  7.238256E-15
4477.8815776346  7.145044E-15
4480.65793255018  7.361239E-15
4483.43428746576  7.516228E-15
4486.21064238134  8.109608E-15
4488.98699729692  7.741840E-15
4491.7633522125  8.217435E-15
4494.53970712808  8.001956E-15
4497.31606204366  7.812554E-15
4500.09241695924  8.272329E-15
4502.86877187482  7.606460E-15
4505.64512679039  8.507204E-15
4508.42148170598  8.257803E-15
4511.19783662155  7.812292E-15
4513.97419153713  8.149506E-15
4516.75054645271  8.360287E-15
4519.52690136829  7.917425E-15
4522.30325628387  8.202964E-15
4525.07961119945  7.847078E-15
4527.85596611503  7.623856E-15
4530.63232103061  8.104724E-15
4533.40867594619  7.983249E-15
4536.18503086177  8.103511E-15
4538.96138577735  7.851264E-15
4541.73774069293  8.216021E-15
4544.51409560851  8.036063E-15
4547.29045052409  8.255546E-15
4550.06680543967  7.901726E-15
4552.84316035525  7.907518E-15
4555.61951527083  7.356229E-15
4558.39587018641  7.420785E-15
4561.17222510199  7.793144E-15
4563.94858001757  8.097593E-15
4566.72493493315  7.842061E-15
4569.50128984873  8.498647E-15
4572.27764476431  8.659905E-15
4575.05399967989  8.076789E-15
4577.83035459547  8.084422E-15
4580.60670951105  8.261044E-15
4583.38306442663  7.762184E-15
4586.15941934221  7.529809E-15
4588.93577425779  7.954108E-15
4591.71212917337  7.915328E-15
4594.48848408895  8.170880E-15
4597.26483900453  8.376449E-15
4600.0411939201  9.037399E-15
4602.81754883568  8.510777E-15
4605.59390375127  8.202537E-15
4608.37025866684  7.880831E-15
4611.14661358242  8.067938E-15
4613.922968498  8.416610E-15
4616.69932341358  8.036947E-15
4619.47567832916  8.117183E-15
4622.25203324474  8.033575E-15
4625.02838816032  8.268570E-15
4627.8047430759  8.865576E-15
4630.58109799148  8.996568E-15
4633.35745290706  7.977874E-15
4636.13380782264  8.636528E-15
4638.91016273822  8.949065E-15
4641.6865176538  9.033694E-15
4644.46287256938  8.504860E-15
4647.23922748496  8.083264E-15
4650.01558240054  8.318598E-15
4652.79193731612  8.563224E-15
4655.5682922317  8.148581E-15
4658.34464714728  8.069488E-15
4661.12100206286  8.351221E-15
4663.89735697844  8.455878E-15
4666.67371189402  8.297630E-15
4669.4500668096  8.154825E-15
4672.22642172518  8.646245E-15
4675.00277664076  8.511972E-15
4677.77913155634  8.805401E-15
4680.55548647192  8.901265E-15
4683.3318413875  8.226819E-15
4686.10819630308  8.608471E-15
4688.88455121866  8.208279E-15
4691.66090613424  8.239660E-15
4694.43726104982  8.703590E-15
4697.21361596539  8.394700E-15
4699.98997088097  8.170371E-15
4702.76632579655  7.631344E-15
4705.54268071213  8.217967E-15
4708.31903562771  9.013970E-15
4711.09539054329  8.260101E-15
4713.87174545887  7.948151E-15
4716.64810037445  7.903992E-15
4719.42445529003  7.598090E-15
4722.20081020561  7.909185E-15
4724.97716512119  8.133895E-15
4727.75352003677  7.546500E-15
4730.52987495235  7.720042E-15
4733.30622986793  8.383256E-15
4736.08258478351  8.284071E-15
4738.85893969909  7.820945E-15
4741.63529461467  7.342240E-15
4744.41164953025  7.810351E-15
4747.18800444583  7.998880E-15
4749.96435936141  7.485512E-15
4752.74071427699  7.426133E-15
4755.51706919257  8.000158E-15
4758.29342410815  7.691118E-15
4761.06977902373  7.728258E-15
4763.84613393931  8.575358E-15
4766.62248885489  7.804564E-15
4769.39884377047  8.011301E-15
4772.17519868605  8.242089E-15
4774.95155360163  8.205805E-15
4777.72790851721  8.153460E-15
4780.50426343279  8.864481E-15
4783.28061834837  8.215950E-15
4786.05697326394  8.060858E-15
4788.83332817953  8.020033E-15
4791.6096830951  7.416681E-15
4794.38603801068  7.970505E-15
4797.16239292626  8.200419E-15
4799.93874784184  7.717125E-15
4802.71510275742  7.833532E-15
4805.491457673  8.130884E-15
4808.26781258858  7.817115E-15
4811.04416750416  8.177935E-15
4813.82052241974  8.514165E-15
4816.59687733532  8.501482E-15
4819.3732322509  8.241044E-15
4822.14958716648  7.836102E-15
4824.92594208206  7.499872E-15
4827.70229699764  7.968093E-15
4830.47865191322  7.560617E-15
4833.2550068288  7.980099E-15
4836.03136174438  7.582697E-15
4838.80771665996  7.968988E-15
4841.58407157554  8.556782E-15
4844.36042649112  8.096303E-15
4847.1367814067  7.713803E-15
4849.91313632228  7.699483E-15
4852.68949123786  7.689720E-15
4855.46584615344  7.441421E-15
4858.24220106902  8.196631E-15
4861.0185559846  7.961170E-15
4863.79491090018  7.568771E-15
4866.57126581576  8.529860E-15
4869.34762073134  8.359056E-15
4872.12397564692  7.447659E-15
4874.9003305625  7.437777E-15
4877.67668547807  8.085935E-15
4880.45304039366  7.828963E-15
4883.22939530923  7.649546E-15
4886.00575022481  7.711522E-15
4888.7821051404  7.572687E-15
4891.55846005597  7.398454E-15
4894.33481497155  7.577990E-15
4897.11116988713  7.616434E-15
4899.88752480271  7.801226E-15
4902.66387971829  7.995586E-15
4905.44023463387  7.659348E-15
4908.21658954945  8.172947E-15
4910.99294446503  7.840256E-15
4913.76929938061  7.687811E-15
4916.54565429619  8.390610E-15
4919.32200921177  7.437071E-15
4922.09836412735  7.241308E-15
4924.87471904293  7.604708E-15
4927.65107395851  7.363799E-15
4930.42742887409  7.941475E-15
4933.20378378967  8.483100E-15
4935.98013870525  7.816373E-15
4938.75649362083  7.839224E-15
4941.53284853641  8.216502E-15
4944.30920345199  7.955112E-15
4947.08555836757  7.586751E-15
4949.86191328315  8.069104E-15
4952.63826819873  8.071090E-15
4955.41462311431  8.047347E-15
4958.19097802989  7.758736E-15
4960.96733294547  7.624782E-15
4963.74368786104  7.574884E-15
4966.52004277663  7.924815E-15
4969.29639769221  7.820507E-15
4972.07275260778  7.403856E-15
4974.84910752337  7.522561E-15
4977.62546243894  7.675446E-15
4980.40181735452  7.499456E-15
4983.1781722701  7.268056E-15
4985.95452718569  7.618332E-15
4988.73088210126  7.526127E-15
4991.50723701684  7.864668E-15
4994.28359193242  7.982992E-15
4997.059946848  7.495367E-15
4999.83630176358  7.440716E-15
5002.61265667916  7.530241E-15
5005.38901159474  7.552154E-15
5008.16536651032  7.721073E-15
5010.9417214259  7.334787E-15
5013.71807634148  7.140850E-15
5016.49443125706  7.889983E-15
5019.27078617264  7.692908E-15
5022.04714108822  6.943963E-15
5024.8234960038  7.441224E-15
5027.59985091938  7.843728E-15
5030.37620583496  7.353733E-15
5033.15256075054  7.792020E-15
5035.92891566612  7.537789E-15
5038.7052705817  7.585053E-15
5041.48162549728  7.711983E-15
5044.25798041286  7.535402E-15
5047.03433532844  8.127909E-15
5049.81069024402  7.766685E-15
5052.5870451596  7.846191E-15
5055.36340007518  7.472075E-15
5058.13975499076  7.666769E-15
5060.91610990634  8.311537E-15
5063.69246482192  7.859410E-15
5066.4688197375  7.502151E-15
5069.24517465307  7.257876E-15
5072.02152956866  7.545286E-15
5074.79788448423  8.046890E-15
5077.57423939981  7.648557E-15
5080.3505943154  7.766466E-15
5083.12694923098  7.823386E-15
5085.90330414655  7.615254E-15
5088.67965906213  7.537462E-15
5091.45601397771  7.287867E-15
5094.23236889329  7.298237E-15
5097.00872380887  7.663862E-15
5099.78507872445  7.938194E-15
5102.56143364003  7.487098E-15
5105.33778855561  7.119185E-15
5108.11414347119  7.273392E-15
5110.89049838677  6.994806E-15
5113.66685330235  7.280938E-15
5116.44320821793  7.529454E-15
5119.21956313351  8.019591E-15
5121.99591804909  7.633723E-15
5124.77227296467  7.285338E-15
5127.54862788025  7.306624E-15
5130.32498279583  7.639128E-15
5133.10133771141  7.098796E-15
5135.87769262699  7.625116E-15
5138.65404754257  7.511389E-15
5141.43040245815  7.000045E-15
5144.20675737373  7.057095E-15
5146.98311228931  7.268874E-15
5149.75946720489  7.769457E-15
5152.53582212047  7.579285E-15
5155.31217703605  7.521575E-15
5158.08853195163  6.994549E-15
5160.86488686721  7.751820E-15
5163.64124178279  7.704028E-15
5166.41759669837  7.347223E-15
5169.19395161395  7.512970E-15
5171.97030652952  7.396708E-15
5174.74666144511  7.177532E-15
5177.52301636068  7.102826E-15
5180.29937127626  6.878708E-15
5183.07572619184  7.168711E-15
5185.85208110742  7.102301E-15
5188.628436023  7.050803E-15
5191.40479093858  7.702868E-15
5194.18114585416  7.160629E-15
5196.95750076974  7.288443E-15
5199.73385568532  7.278774E-15
5202.5102106009  7.272015E-15
5205.28656551648  7.333747E-15
5208.06292043206  7.930228E-15
5210.83927534764  7.756221E-15
5213.61563026322  7.741187E-15
5216.3919851788  7.160559E-15
5219.16834009438  7.829316E-15
5221.94469500996  7.215579E-15
5224.72104992554  7.126164E-15
5227.49740484112  6.873290E-15
5230.2737597567  7.007950E-15
5233.05011467228  7.251464E-15
5235.82646958786  7.137743E-15
5238.60282450344  7.541095E-15
5241.37917941902  7.230353E-15
5244.1555343346  6.880454E-15
5246.93188925018  7.498797E-15
5249.70824416576  7.162559E-15
5252.48459908134  7.588129E-15
5255.26095399692  7.380342E-15
5258.0373089125  6.974316E-15
5260.81366382808  7.240717E-15
5263.59001874365  7.040052E-15
5266.36637365923  6.902137E-15
5269.14272857481  7.195805E-15
5271.91908349039  7.195248E-15
5274.69543840597  7.190150E-15
5277.47179332155  7.242817E-15
5280.24814823713  7.080199E-15
5283.02450315271  6.883764E-15
5285.80085806829  6.486966E-15
5288.57721298387  6.704658E-15
5291.35356789945  7.245864E-15
5294.12992281503  6.951589E-15
5296.90627773061  7.448235E-15
5299.68263264619  7.079599E-15
5302.45898756177  7.112941E-15
5305.23534247735  6.888403E-15
5308.01169739293  6.908285E-15
5310.78805230851  7.154557E-15
5313.56440722409  6.934430E-15
5316.34076213967  6.922028E-15
5319.11711705525  7.077071E-15
5321.89347197083  6.755554E-15
5324.66982688641  7.246363E-15
5327.44618180199  7.019772E-15
5330.22253671757  6.966660E-15
5332.99889163315  7.574603E-15
5335.77524654873  7.191208E-15
5338.55160146431  7.312902E-15
5341.32795637989  7.067516E-15
5344.10431129547  7.027170E-15
5346.88066621105  6.815447E-15
5349.65702112662  6.647095E-15
5352.43337604221  6.575458E-15
5355.20973095778  6.824829E-15
5357.98608587337  7.165995E-15
5360.76244078894  7.319539E-15
5363.53879570452  6.664447E-15
5366.3151506201  7.129198E-15
5369.09150553568  7.096657E-15
5371.86786045126  6.412626E-15
5374.64421536684  6.842822E-15
5377.42057028242  6.860273E-15
5380.196925198  6.952093E-15
5382.97328011358  6.679061E-15
5385.74963502916  6.611199E-15
5388.52598994474  7.076032E-15
5391.30234486032  6.876154E-15
5394.0786997759  6.747170E-15
5396.85505469148  6.985044E-15
5399.63140960706  7.327426E-15
5402.40776452264  6.940611E-15
5405.18411943822  6.818105E-15
5407.9604743538  6.916439E-15
5410.73682926938  6.469727E-15
5413.51318418496  6.252061E-15
5416.28953910054  6.996034E-15
5419.06589401612  7.126776E-15
5421.8422489317  6.449426E-15
5424.61860384728  6.483816E-15
5427.39495876286  6.607859E-15
5430.17131367844  7.201960E-15
5432.94766859402  7.001126E-15
5435.7240235096  6.977948E-15
5438.50037842518  6.978119E-15
5441.27673334076  6.810031E-15
5444.05308825634  6.627425E-15
5446.82944317192  7.212505E-15
5449.6057980875  7.063688E-15
5452.38215300308  6.767546E-15
5455.15850791866  6.654531E-15
5457.93486283423  6.806563E-15
5460.71121774981  6.567515E-15
5463.48757266539  6.419635E-15
5466.26392758097  6.687960E-15
5469.04028249655  6.305999E-15
5471.81663741213  6.558854E-15
5474.59299232771  6.541910E-15
5477.36934724329  6.736457E-15
5480.14570215887  6.480930E-15
5482.92205707445  6.183105E-15
5485.69841199003  6.783337E-15
5488.47476690561  6.941399E-15
5491.25112182119  6.807197E-15
5494.02747673677  6.924662E-15
5496.80383165235  6.560625E-15
5499.58018656793  6.529898E-15
5502.35654148351  6.820146E-15
5505.13289639909  6.681104E-15
5507.90925131467  6.512382E-15
5510.68560623025  6.625940E-15
5513.46196114583  6.778451E-15
5516.23831606141  6.773079E-15
5519.01467097699  6.544376E-15
5521.79102589257  6.385363E-15
5524.56738080815  6.695506E-15
5527.34373572373  6.605876E-15
5530.12009063931  6.680480E-15
5532.89644555489  6.706856E-15
5535.67280047047  6.753517E-15
5538.44915538605  6.631599E-15
5541.22551030163  6.745148E-15
5544.0018652172  6.523440E-15
5546.77822013278  6.401662E-15
5549.55457504837  6.721224E-15
5552.33092996394  6.460771E-15
5555.10728487952  6.264001E-15
5557.8836397951  6.619460E-15
5560.65999471068  6.482299E-15
5563.43634962626  6.216743E-15
5566.21270454184  6.413973E-15
5568.98905945742  6.422139E-15
5571.765414373  6.612912E-15
5574.54176928858  6.574993E-15
5577.31812420416  6.606979E-15
5580.09447911974  6.442521E-15
5582.87083403532  6.036157E-15
5585.6471889509  6.277739E-15
5588.42354386648  6.382775E-15
5591.19989878206  6.424938E-15
5593.97625369764  6.326015E-15
5596.75260861322  6.637466E-15
5599.5289635288  6.537682E-15
5602.30531844438  6.028951E-15
5605.08167335996  6.069517E-15
5607.85802827554  6.387539E-15
5610.63438319112  6.707722E-15
5613.4107381067  6.715636E-15
5616.18709302228  6.440322E-15
5618.96344793786  6.237479E-15
5621.73980285344  6.548182E-15
5624.51615776902  6.698661E-15
5627.2925126846  6.199745E-15
5630.06886760018  6.125187E-15
5632.84522251576  6.187214E-15
5635.62157743134  6.145793E-15
5638.39793234691  6.193144E-15
5641.1742872625  6.282465E-15
5643.95064217807  6.502028E-15
5646.72699709365  6.229041E-15
5649.50335200923  6.104904E-15
5652.27970692482  5.953141E-15
5655.05606184039  6.113590E-15
5657.83241675597  6.625521E-15
5660.60877167155  6.123550E-15
5663.38512658713  6.299039E-15
5666.16148150271  6.274845E-15
5668.93783641829  6.152728E-15
5671.71419133387  6.170063E-15
5674.49054624945  6.474784E-15
5677.26690116503  6.568763E-15
5680.04325608061  6.046502E-15
5682.81961099619  5.970427E-15
5685.59596591177  6.397238E-15
5688.37232082735  6.048781E-15
5691.14867574293  5.875493E-15
5693.92503065851  6.213775E-15
5696.70138557409  6.059362E-15
5699.47774048967  6.183645E-15
5702.25409540525  6.069544E-15
5705.03045032083  6.492101E-15
5707.80680523641  5.912980E-15
5710.58316015199  6.315423E-15
5713.35951506757  6.354677E-15
5716.13586998315  5.892155E-15
5718.91222489873  5.892172E-15
5721.68857981431  6.189776E-15
5724.46493472989  6.041506E-15
5727.24128964546  5.982491E-15
5730.01764456105  6.125308E-15
5732.79399947663  6.115991E-15
5735.5703543922  6.155499E-15
5738.34670930778  5.949430E-15
5741.12306422336  5.812514E-15
5743.89941913894  6.063665E-15
5746.67577405452  6.139418E-15
5749.4521289701  6.125279E-15
5752.22848388568  6.232025E-15
5755.00483880126  5.819653E-15
5757.78119371684  5.762893E-15
5760.55754863242  6.021279E-15
5763.333903548  5.922086E-15
5766.11025846358  5.868312E-15
5768.88661337916  5.965479E-15
5771.66296829474  6.213339E-15
5774.43932321032  6.516147E-15
5777.2156781259  6.088095E-15
5779.99203304148  5.812664E-15
5782.76838795706  5.994614E-15
5785.54474287264  5.908838E-15
5788.32109778822  5.930596E-15
5791.0974527038  6.276057E-15
5793.87380761938  6.167857E-15
5796.65016253496  6.248757E-15
5799.42651745054  6.334602E-15
5802.20287236612  5.890235E-15
5804.9792272817  6.017689E-15
5807.75558219728  6.021558E-15
5810.53193711286  6.149826E-15
5813.30829202844  6.379036E-15
5816.08464694402  6.214560E-15
5818.8610018596  5.800632E-15
5821.63735677518  6.251091E-15
5824.41371169076  6.478132E-15
5827.19006660633  6.129085E-15
5829.96642152192  6.130963E-15
5832.74277643749  6.077306E-15
5835.51913135307  6.374542E-15
5838.29548626865  5.746361E-15
5841.07184118423  5.978046E-15
5843.84819609981  6.014484E-15
5846.62455101539  5.839437E-15
5849.40090593097  5.873168E-15
5852.17726084655  5.887613E-15
5854.95361576213  5.868732E-15
5857.72997067771  6.120815E-15
5860.50632559329  6.045518E-15
5863.28268050887  6.107516E-15
5866.05903542445  6.338982E-15
5868.83539034003  6.741556E-15
5871.61174525561  5.905789E-15
5874.38810017119  5.658353E-15
5877.16445508677  6.210889E-15
5879.94081000235  6.090153E-15
5882.71716491793  6.028138E-15
5885.49351983351  5.659329E-15
5888.26987474909  5.561192E-15
5891.04622966467  5.420263E-15
5893.82258458025  5.467099E-15
5896.59893949583  5.864226E-15
5899.37529441141  5.725899E-15
5902.15164932699  5.541811E-15
5904.92800424257  5.689810E-15
5907.70435915815  5.663349E-15
5910.48071407373  5.729347E-15
5913.25706898931  5.879474E-15
5916.03342390489  5.788501E-15
5918.80977882047  5.742928E-15
5921.58613373604  5.759475E-15
5924.36248865163  5.734748E-15
5927.1388435672  5.712539E-15
5929.91519848278  5.591311E-15
5932.69155339836  5.665108E-15
5935.46790831394  5.584039E-15
5938.24426322952  5.490433E-15
5941.0206181451  5.387244E-15
5943.79697306068  5.680959E-15
5946.57332797626  5.759172E-15
5949.34968289184  5.686520E-15
5952.12603780742  5.547934E-15
5954.902392723  5.555459E-15
5957.67874763858  5.606070E-15
5960.45510255416  5.541371E-15
5963.23145746974  5.549494E-15
5966.00781238532  5.643090E-15
5968.7841673009  5.599520E-15
5971.56052221648  5.502243E-15
5974.33687713206  5.371093E-15
5977.11323204764  5.690787E-15
5979.88958696322  5.776605E-15
5982.6659418788  5.512078E-15
5985.44229679438  5.621442E-15
5988.21865170996  5.809287E-15
5990.99500662554  5.673751E-15
5993.77136154112  5.449235E-15
5996.5477164567  5.521697E-15
5999.32407137228  5.549294E-15
6002.10042628786  5.529108E-15
6004.87678120344  5.402305E-15
6007.65313611902  5.524572E-15
6010.42949103459  5.838252E-15
6013.20584595018  5.872927E-15
6015.98220086575  5.869927E-15
6018.75855578134  5.513941E-15
6021.53491069691  5.261984E-15
6024.31126561249  5.520626E-15
6027.08762052807  5.652823E-15
6029.86397544365  5.329589E-15
6032.64033035923  5.287583E-15
6035.41668527481  5.447622E-15
6038.19304019039  5.304138E-15
6040.96939510597  5.228313E-15
6043.74575002155  5.437023E-15
6046.52210493713  5.743143E-15
6049.29845985271  5.571551E-15
6052.07481476829  5.480623E-15
6054.85116968387  5.448165E-15
6057.62752459945  4.880838E-15
6060.40387951503  5.280258E-15
6063.18023443061  5.359053E-15
6065.95658934619  5.726664E-15
6068.73294426177  5.409186E-15
6071.50929917735  5.262410E-15
6074.28565409293  5.408695E-15
6077.06200900851  5.608052E-15
6079.83836392409  5.336183E-15
6082.61471883967  5.320283E-15
6085.39107375525  5.426938E-15
6088.16742867083  5.310808E-15
6090.94378358641  5.401160E-15
6093.72013850199  5.491141E-15
6096.49649341757  5.602707E-15
6099.27284833315  5.525406E-15
6102.04920324873  5.360501E-15
6104.82555816431  5.005448E-15
6107.60191307989  5.380661E-15
6110.37826799546  5.310499E-15
6113.15462291105  5.384323E-15
6115.93097782662  4.950819E-15
6118.7073327422  5.441375E-15
6121.48368765778  5.570400E-15
6124.26004257336  5.226239E-15
6127.03639748894  5.672656E-15
6129.81275240452  5.153680E-15
6132.5891073201  5.545445E-15
6135.36546223568  5.340842E-15
6138.14181715126  5.476331E-15
6140.91817206684  5.351250E-15
6143.69452698242  5.220533E-15
6146.470881898  5.315582E-15
6149.24723681358  5.287145E-15
6152.02359172916  5.293250E-15
6154.79994664474  5.533330E-15
6157.57630156032  5.722176E-15
6160.3526564759  5.701574E-15
6163.12901139148  5.327476E-15
6165.90536630706  5.182294E-15
6168.68172122264  5.284962E-15
6171.45807613822  5.151479E-15
6174.2344310538  5.260046E-15
6177.01078596938  5.422690E-15
6179.78714088496  5.337395E-15
6182.56349580054  5.176253E-15
6185.33985071612  5.089288E-15
6188.1162056317  5.321828E-15
6190.89256054728  5.290723E-15
6193.66891546286  5.258810E-15
6196.44527037844  5.326515E-15
6199.22162529402  5.117552E-15
6201.9979802096  5.252367E-15
6204.77433512517  5.494991E-15
6207.55069004076  5.278597E-15
6210.32704495633  5.259917E-15
6213.10339987191  5.418133E-15
6215.87975478749  5.339291E-15
6218.65610970307  5.350142E-15
6221.43246461865  5.315481E-15
6224.20881953423  5.408930E-15
6226.98517444981  5.496885E-15
6229.76152936539  5.464063E-15
6232.53788428097  5.349761E-15
6235.31423919655  5.396798E-15
6238.09059411213  5.435147E-15
6240.86694902771  5.229909E-15
6243.64330394329  5.480978E-15
6246.41965885887  5.558847E-15
6249.19601377445  5.089992E-15
6251.97236869003  5.085588E-15
6254.74872360561  4.612192E-15
6257.52507852119  5.142658E-15
6260.30143343677  5.279233E-15
6263.07778835235  5.479494E-15
6265.85414326793  5.353571E-15
6268.63049818351  5.084606E-15
6271.40685309909  4.853488E-15
6274.18320801467  4.632813E-15
6276.95956293025  5.094051E-15
6279.73591784583  4.813477E-15
6282.51227276141  4.860219E-15
6285.28862767699  4.981237E-15
6288.06498259257  5.048267E-15
6290.84133750815  5.136004E-15
6293.61769242373  5.231596E-15
6296.39404733931  4.867953E-15
6299.17040225488  4.674217E-15
6301.94675717047  5.016952E-15
6304.72311208604  4.786172E-15
6307.49946700162  4.890792E-15
6310.2758219172  5.200493E-15
6313.05217683278  5.317324E-15
6315.82853174836  5.450220E-15
6318.60488666394  5.327098E-15
6321.38124157952  5.220534E-15
6324.1575964951  4.924805E-15
6326.93395141068  5.102089E-15
6329.71030632626  5.052753E-15
6332.48666124184  5.055726E-15
6335.26301615742  5.390314E-15
6338.039371073  5.138298E-15
6340.81572598858  5.204666E-15
6343.59208090416  5.343999E-15
6346.36843581974  5.124659E-15
6349.14479073532  4.747629E-15
6351.9211456509  4.393565E-15
6354.69750056648  4.804249E-15
6357.47385548206  4.979840E-15
6360.25021039764  4.983841E-15
6363.02656531322  5.181687E-15
6365.8029202288  4.953187E-15
6368.57927514438  4.683497E-15
6371.35563005996  4.917028E-15
6374.13198497554  4.765144E-15
6376.90833989111  4.996611E-15
6379.6846948067  4.847937E-15
6382.46104972228  4.985584E-15
6385.23740463786  4.942916E-15
6388.01375955344  5.165594E-15
6390.79011446902  5.092576E-15
6393.56646938459  4.969477E-15
6396.34282430017  4.870500E-15
6399.11917921575  5.157964E-15
6401.89553413133  5.308703E-15
6404.67188904691  4.795865E-15
6407.44824396249  4.752186E-15
6410.22459887807  5.206190E-15
6413.00095379365  5.237362E-15
6415.77730870923  5.008750E-15
6418.55366362481  5.077744E-15
6421.33001854039  4.865671E-15
6424.10637345597  5.012193E-15
6426.88272837155  4.852747E-15
6429.65908328713  5.090666E-15
6432.43543820271  5.177761E-15
6435.21179311829  4.617238E-15
6437.98814803387  4.810836E-15
6440.76450294945  5.023656E-15
6443.54085786503  5.097290E-15
6446.31721278061  5.117345E-15
6449.09356769619  5.109910E-15
6451.86992261177  5.082022E-15
6454.64627752735  4.646265E-15
6457.42263244293  4.639253E-15
6460.19898735851  4.830014E-15
6462.97534227409  4.757603E-15
6465.75169718967  4.683905E-15
6468.52805210525  4.657960E-15
6471.30440702083  4.787530E-15
6474.08076193641  4.579319E-15
6476.85711685199  4.762432E-15
6479.63347176757  4.624126E-15
6482.40982668315  4.706149E-15
6485.18618159872  4.691555E-15
6487.9625365143  4.597891E-15
6490.73889142988  4.482701E-15
6493.51524634546  4.625414E-15
6496.29160126104  4.811242E-15
6499.06795617662  4.886163E-15
6501.8443110922  4.731604E-15
6504.62066600778  4.665911E-15
6507.39702092336  4.634100E-15
6510.17337583894  4.526196E-15
6512.94973075452  4.237108E-15
6515.7260856701  4.446971E-15
6518.50244058568  4.569257E-15
6521.27879550126  4.889220E-15
6524.05515041684  4.752564E-15
6526.83150533242  4.840130E-15
6529.607860248  4.861720E-15
6532.38421516358  4.692161E-15
6535.16057007916  4.515855E-15
6537.93692499474  4.610388E-15
6540.71327991032  4.670948E-15
6543.4896348259  4.815326E-15
6546.26598974148  5.547068E-15
6549.04234465706  6.475087E-15
6551.81869957264  7.122760E-15
6554.59505448822  7.768824E-15
6557.3714094038  8.311762E-15
6560.14776431938  8.595719E-15
6562.92411923496  8.472951E-15
6565.70047415053  8.110719E-15
6568.47682906612  7.474918E-15
6571.25318398169  6.012710E-15
6574.02953889728  5.007496E-15
6576.80589381286  4.677309E-15
6579.58224872843  4.631612E-15
6582.35860364401  4.670239E-15
6585.13495855959  4.486775E-15
6587.91131347517  4.377815E-15
6590.68766839076  4.503163E-15
6593.46402330633  4.267502E-15
6596.24037822191  4.528861E-15
6599.01673313749  4.713336E-15
6601.79308805307  4.596041E-15
6604.56944296865  4.528741E-15
6607.34579788423  4.529802E-15
6610.12215279981  4.448539E-15
6612.89850771539  4.477846E-15
6615.67486263097  4.492943E-15
6618.45121754655  4.538871E-15
6621.22757246213  4.658533E-15
6624.00392737771  4.412739E-15
6626.78028229329  4.486396E-15
6629.55663720887  4.393226E-15
6632.33299212445  4.618433E-15
6635.10934704003  4.642416E-15
6637.88570195561  4.465680E-15
6640.66205687119  4.620297E-15
6643.43841178677  4.397483E-15
6646.21476670235  4.196590E-15
6648.99112161793  4.562064E-15
6651.76747653351  4.683610E-15
6654.54383144909  4.487057E-15
6657.32018636467  4.696489E-15
6660.09654128025  4.760773E-15
6662.87289619583  4.435895E-15
6665.64925111141  4.587907E-15
6668.42560602698  4.384810E-15
6671.20196094257  4.334874E-15
6673.97831585815  4.728880E-15
6676.75467077372  4.592692E-15
6679.5310256893  4.189613E-15
6682.30738060488  4.588231E-15
6685.08373552046  4.691492E-15
6687.86009043604  4.542158E-15
6690.63644535162  4.074346E-15
6693.4128002672  4.173888E-15
6696.18915518278  4.298306E-15
6698.96551009836  4.223564E-15
6701.74186501394  4.182380E-15
6704.51821992952  4.549014E-15
6707.2945748451  4.220179E-15
6710.07092976068  4.567672E-15
6712.84728467626  4.385255E-15
6715.62363959184  4.522661E-15
6718.39999450742  4.604726E-15
6721.176349423  4.489249E-15
6723.95270433858  4.538039E-15
6726.72905925416  4.434517E-15
6729.50541416974  4.459661E-15
6732.28176908532  4.695647E-15
6735.0581240009  4.606912E-15
6737.83447891648  4.457098E-15
6740.61083383206  4.461683E-15
6743.38718874764  4.402651E-15
6746.16354366322  4.407851E-15
6748.9398985788  4.313288E-15
6751.71625349438  4.466874E-15
6754.49260840996  4.322132E-15
6757.26896332554  4.365211E-15
6760.04531824112  4.480602E-15
6762.82167315669  4.168058E-15
6765.59802807227  4.114943E-15
6768.37438298785  4.365042E-15
6771.15073790343  4.409330E-15
6773.92709281901  4.531458E-15
6776.70344773459  4.187654E-15
6779.47980265018  4.249226E-15
6782.25615756575  4.291742E-15
6785.03251248133  4.490125E-15
6787.80886739691  4.753811E-15
6790.58522231249  4.415952E-15
6793.36157722807  4.412495E-15
6796.13793214365  4.429398E-15
6798.91428705923  4.137639E-15
6801.69064197481  4.440447E-15
6804.46699689039  4.612147E-15
6807.24335180597  4.193000E-15
6810.01970672155  4.244545E-15
6812.79606163713  4.453091E-15
6815.57241655271  4.346536E-15
6818.34877146829  4.203703E-15
6821.12512638387  4.121756E-15
6823.90148129945  4.296970E-15
6826.67783621503  4.343133E-15
6829.45419113061  4.389464E-15
6832.23054604619  4.403652E-15
6835.00690096177  4.222872E-15
6837.78325587735  4.021041E-15
6840.55961079293  3.857813E-15
6843.33596570851  3.797367E-15
6846.11232062409  3.873981E-15
6848.88867553967  4.411210E-15
6851.66503045524  4.138647E-15
6854.44138537082  4.072488E-15
6857.21774028641  4.285030E-15
6859.99409520199  4.390666E-15
6862.77045011756  4.344168E-15
6865.54680503314  4.245443E-15
6868.32315994872  4.276522E-15
6871.0995148643  4.105285E-15
6873.87586977988  4.305825E-15
6876.65222469546  4.418342E-15
6879.42857961104  4.382757E-15
6882.20493452662  4.143827E-15
6884.9812894422  4.239726E-15
6887.75764435778  4.360025E-15
6890.53399927336  4.219924E-15
6893.31035418894  3.969607E-15
6896.08670910452  3.931101E-15
6898.8630640201  4.457940E-15
6901.63941893568  4.193821E-15
6904.41577385126  4.099897E-15
6907.19212876684  3.959200E-15
6909.96848368242  3.958151E-15
6912.744838598  4.298963E-15
6915.52119351358  3.982442E-15
6918.29754842916  4.475698E-15
6921.07390334474  4.250923E-15
6923.85025826032  4.089820E-15
6926.6266131759  4.246042E-15
6929.40296809148  4.044762E-15
6932.17932300706  4.004722E-15
6934.95567792264  4.044650E-15
6937.73203283822  4.080052E-15
6940.5083877538  4.297469E-15
6943.28474266938  4.194807E-15
6946.06109758495  4.284871E-15
6948.83745250054  4.478832E-15
6951.61380741612  4.109808E-15
6954.39016233169  3.864138E-15
6957.16651724727  4.422488E-15
6959.94287216285  4.586291E-15
6962.71922707843  4.075681E-15
6965.49558199401  4.114766E-15
6968.27193690959  4.202954E-15
6971.04829182517  3.974821E-15
6973.82464674075  4.137382E-15
6976.60100165633  4.299880E-15
6979.37735657191  4.183642E-15
6982.15371148749  3.676818E-15
6984.93006640307  4.091873E-15
6987.70642131865  4.119804E-15
6990.48277623423  4.340779E-15
6993.25913114981  3.795931E-15
6996.03548606539  3.959197E-15
6998.81184098097  4.108346E-15
7001.58819589655  4.092269E-15
7004.36455081213  4.158695E-15
7007.14090572771  4.185683E-15
7009.91726064329  3.924701E-15
7012.69361555887  4.102072E-15
7015.46997047445  3.806376E-15
7018.24632539003  3.670900E-15
7021.02268030561  3.827529E-15
7023.79903522119  3.929042E-15
7026.57539013677  3.982527E-15
7029.35174505235  3.797469E-15
7032.12809996793  3.803900E-15
7034.90445488351  4.248698E-15
7037.68080979909  4.354141E-15
7040.45716471466  3.965305E-15
7043.23351963024  3.825421E-15
7046.00987454583  3.884815E-15
7048.7862294614  4.178407E-15
7051.56258437698  4.332325E-15
7054.33893929256  4.035508E-15
7057.11529420814  3.849166E-15
7059.89164912372  4.314779E-15
7062.6680040393  4.190282E-15
7065.44435895488  4.010575E-15
7068.22071387046  4.279707E-15
7070.99706878604  4.291704E-15
7073.77342370162  3.994944E-15
7076.5497786172  4.088756E-15
7079.32613353278  3.910076E-15
7082.10248844836  3.702895E-15
7084.87884336394  3.795844E-15
7087.65519827952  4.107632E-15
7090.4315531951  4.057045E-15
7093.20790811068  3.830139E-15
7095.98426302626  3.980004E-15
7098.76061794184  4.058553E-15
7101.53697285742  3.947503E-15
7104.313327773  3.930421E-15
7107.08968268858  3.783666E-15
7109.86603760416  3.705726E-15
7112.64239251974  4.072861E-15
7115.41874743532  4.246216E-15
7118.1951023509  3.740681E-15
7120.97145726648  3.775931E-15
7123.74781218206  3.865403E-15
7126.52416709764  3.874817E-15
7129.30052201322  4.127022E-15
7132.0768769288  4.099977E-15
7134.85323184437  4.246673E-15
7137.62958675996  4.180451E-15
7140.40594167553  3.739839E-15
7143.18229659112  3.665219E-15
7145.95865150669  3.833340E-15
7148.73500642227  4.002416E-15
7151.51136133785  3.834707E-15
7154.28771625343  3.941051E-15
7157.06407116901  4.001596E-15
7159.84042608459  3.923726E-15
7162.61678100017  3.815853E-15
7165.39313591575  3.781241E-15
7168.16949083133  4.050313E-15
7170.94584574691  3.906416E-15
7173.72220066249  3.818500E-15
7176.49855557807  3.951227E-15
7179.27491049365  3.989218E-15
7182.05126540923  3.993992E-15
7184.82762032481  3.895182E-15
7187.60397524039  3.685188E-15
7190.38033015597  3.780816E-15
7193.15668507155  3.762126E-15
7195.93303998713  3.618071E-15
7198.70939490271  3.464478E-15
7201.48574981829  3.679581E-15
7204.26210473387  3.713930E-15
7207.03845964945  3.741758E-15
7209.81481456503  3.860028E-15
7212.59116948061  3.908749E-15
7215.36752439619  3.698729E-15
7218.14387931177  3.705122E-15
7220.92023422735  3.825974E-15
7223.69658914293  3.739686E-15
7226.47294405851  3.911759E-15
7229.24929897409  4.030309E-15
7232.02565388966  3.746262E-15
7234.80200880524  3.789737E-15
7237.57836372083  3.911787E-15
7240.3547186364  3.688214E-15
7243.13107355198  3.608660E-15
7245.90742846756  3.784299E-15
7248.68378338314  3.978983E-15
7251.46013829872  3.713729E-15
7254.2364932143  3.836137E-15
7257.01284812988  3.984548E-15
7259.78920304546  3.907282E-15
7262.56555796104  3.854075E-15
7265.34191287662  3.820880E-15
7268.1182677922  3.674907E-15
7270.89462270778  3.949290E-15
7273.67097762336  3.864908E-15
7276.44733253894  3.754680E-15
7279.22368745452  3.674903E-15
7282.0000423701  3.545996E-15
7284.77639728568  3.584362E-15
7287.55275220126  3.548472E-15
7290.32910711684  3.581904E-15
7293.10546203242  3.768907E-15
7295.881816948  3.556587E-15
7298.65817186358  3.220301E-15
7301.43452677916  3.429919E-15
7304.21088169474  3.753875E-15
7306.98723661032  3.792382E-15
7309.7635915259  3.605327E-15
7312.53994644148  3.474038E-15
7315.31630135706  3.492202E-15
7318.09265627264  3.551928E-15
7320.86901118822  3.743274E-15
7323.6453661038  3.644413E-15
7326.42172101938  3.493593E-15
7329.19807593495  3.627664E-15
7331.97443085053  3.539659E-15
7334.75078576611  3.422997E-15
7337.52714068169  3.393868E-15
7340.30349559727  3.683556E-15
7343.07985051285  3.629821E-15
7345.85620542843  3.452300E-15
7348.63256034401  3.371156E-15
7351.40891525959  3.270809E-15
7354.18527017517  3.591492E-15
7356.96162509075  3.626591E-15
7359.73798000633  3.345311E-15
7362.51433492191  3.284200E-15
7365.29068983749  3.391114E-15
7368.06704475307  3.350677E-15
7370.84339966865  3.338764E-15
7373.61975458423  3.365508E-15
7376.39610949981  3.643234E-15
7379.17246441539  3.266899E-15
7381.94881933097  3.061847E-15
7384.72517424655  3.385596E-15
7387.50152916213  3.498310E-15
7390.27788407771  3.337572E-15
7393.05423899329  3.145973E-15
7395.83059390887  3.174239E-15
7398.60694882445  3.318670E-15
7401.38330374003  3.470801E-15
7404.15965865561  3.499329E-15
7406.93601357119  3.632062E-15
7409.71236848677  3.607327E-15
7412.48872340235  3.320637E-15
7415.26507831793  3.416755E-15
7418.04143323351  3.464569E-15
7420.81778814909  3.424408E-15
7423.59414306466  3.396236E-15
7426.37049798024  3.234522E-15
7429.14685289582  3.522218E-15
7431.9232078114  3.641120E-15
7434.69956272698  3.444826E-15
7437.47591764256  3.485730E-15
7440.25227255814  3.382911E-15
7443.02862747372  3.068318E-15
7445.8049823893  3.252600E-15
7448.58133730488  3.232906E-15
7451.35769222046  3.422436E-15
7454.13404713604  3.509729E-15
7456.91040205162  3.345295E-15
7459.6867569672  3.169144E-15
7462.46311188278  3.223923E-15
7465.23946679836  3.473809E-15
7468.01582171394  3.564524E-15
7470.79217662952  3.372342E-15
7473.5685315451  3.253580E-15
7476.34488646068  3.372796E-15
7479.12124137626  3.248389E-15
7481.89759629184  3.236110E-15
7484.67395120742  3.285605E-15
7487.450306123  3.287428E-15
7490.22666103858  3.260129E-15
7493.00301595416  3.122779E-15
7495.77937086974  3.121212E-15
7498.55572578532  3.104887E-15
7501.3320807009  3.397615E-15
7504.10843561648  3.353652E-15
7506.88479053206  3.124849E-15
7509.66114544764  3.272989E-15
7512.43750036321  3.442110E-15
7515.2138552788  3.370729E-15
7517.99021019437  3.415458E-15
7520.76656510995  3.443087E-15
7523.54292002553  3.233191E-15
7526.31927494111  3.298784E-15
7529.09562985669  3.460833E-15
7531.87198477227  3.272034E-15
7534.64833968785  3.290992E-15
7537.42469460343  3.308905E-15
7540.20104951901  3.378686E-15
7542.97740443459  3.738754E-15
7545.75375935017  3.590991E-15
7548.53011426575  3.434502E-15
7551.30646918133  3.469924E-15
7554.08282409691  3.548394E-15
7556.85917901249  3.242076E-15
7559.63553392807  3.412125E-15
7562.41188884365  3.408290E-15
7565.18824375923  3.236981E-15
7567.96459867481  3.032656E-15
7570.74095359039  3.181594E-15
7573.51730850597  3.214059E-15
7576.29366342155  3.183244E-15
7579.07001833713  3.077012E-15
7581.84637325271  3.070818E-15
7584.62272816829  3.230033E-15
7587.39908308387  3.036705E-15
7590.17543799945  2.983736E-15
7592.95179291503  2.814209E-15
7595.72814783061  2.895648E-15
7598.50450274619  2.924190E-15
7601.28085766177  2.714447E-15
7604.05721257735  2.729390E-15
7606.83356749292  2.868447E-15
7609.60992240851  2.595595E-15
7612.38627732408  2.571934E-15
7615.16263223967  3.054178E-15
7617.93898715524  3.120712E-15
7620.71534207082  3.043957E-15
7623.4916969864  2.777238E-15
7626.26805190198  2.824680E-15
7629.04440681756  2.968835E-15
7631.82076173314  2.941271E-15
7634.59711664872  2.817512E-15
7637.3734715643  2.876184E-15
7640.14982647988  2.872958E-15
7642.92618139546  2.855720E-15
7645.70253631104  3.194971E-15
7648.47889122662  2.963405E-15
7651.2552461422  3.023180E-15
7654.03160105778  3.014710E-15
7656.80795597336  2.773846E-15
7659.58431088894  2.901574E-15
7662.36066580452  3.261555E-15
7665.1370207201  3.192636E-15
7667.91337563568  2.665253E-15
7670.68973055126  3.010901E-15
7673.46608546684  2.954117E-15
7676.24244038242  2.645200E-15
7679.018795298  2.767772E-15
7681.79515021358  2.919283E-15
7684.57150512916  2.913625E-15
7687.34786004474  2.940403E-15
7690.12421496032  2.740363E-15
7692.9005698759  2.776407E-15
7695.67692479148  2.932689E-15
7698.45327970706  2.807473E-15
7701.22963462264  3.048106E-15
7704.00598953821  2.995421E-15
7706.78234445379  3.084507E-15
7709.55869936937  3.032347E-15
7712.33505428495  2.855829E-15
7715.11140920053  2.810294E-15
7717.88776411611  2.830264E-15
7720.66411903169  2.864227E-15
7723.44047394727  2.620684E-15
7726.21682886285  3.032090E-15
7728.99318377843  2.958868E-15
7731.76953869401  3.017793E-15
7734.54589360959  2.996749E-15
7737.32224852517  2.855788E-15
7740.09860344075  2.792055E-15
7742.87495835633  2.913500E-15
7745.65131327191  3.019040E-15
7748.42766818749  2.848116E-15
7751.20402310307  2.737797E-15
7753.98037801865  2.900116E-15
7756.75673293423  3.009716E-15
7759.53308784981  2.903721E-15
7762.30944276539  3.017066E-15
7765.08579768097  2.601483E-15
7767.86215259655  2.605495E-15
7770.63850751213  2.745903E-15
7773.41486242771  2.945224E-15
7776.19121734329  2.892320E-15
7778.96757225887  2.973910E-15
7781.74392717445  2.875821E-15
7784.52028209003  2.849139E-15
7787.29663700561  2.861658E-15
7790.07299192119  2.935100E-15
7792.84934683677  3.045297E-15
7795.62570175234  2.862147E-15
7798.40205666793  2.688032E-15
7801.1784115835  2.757235E-15
7803.95476649909  2.928500E-15
7806.73112141466  3.023784E-15
7809.50747633024  2.865981E-15
7812.28383124582  2.810764E-15
7815.0601861614  2.812555E-15
7817.83654107698  2.967143E-15
7820.61289599256  3.079548E-15
7823.38925090814  3.050120E-15
7826.16560582372  2.747499E-15
7828.9419607393  2.907049E-15
7831.71831565488  2.945222E-15
7834.49467057046  2.875357E-15
7837.27102548604  2.773916E-15
7840.04738040162  2.853150E-15
7842.8237353172  2.912190E-15
7845.60009023278  2.987556E-15
7848.37644514836  2.819319E-15
7851.15280006394  2.759415E-15
7853.92915497952  2.790480E-15
7856.7055098951  2.756425E-15
7859.48186481068  2.675521E-15
7862.25821972626  2.457769E-15
7865.03457464184  2.713388E-15
7867.81092955742  2.823990E-15
7870.587284473  2.744505E-15
7873.36363938858  2.565140E-15
7876.13999430416  2.893618E-15
7878.91634921974  2.988992E-15
7881.69270413532  2.856748E-15
7884.4690590509  2.638274E-15
7887.24541396648  2.609149E-15
7890.02176888206  2.897845E-15
7892.79812379764  3.104448E-15
7895.57447871321  2.999375E-15
7898.3508336288  2.900502E-15
7901.12718854437  2.828115E-15
7903.90354345995  2.826518E-15
7906.67989837553  2.805882E-15
7909.45625329111  2.772490E-15
7912.23260820669  2.906933E-15
7915.00896312227  2.896260E-15
7917.78531803785  2.729918E-15
7920.56167295343  2.727634E-15
7923.33802786901  2.717950E-15
7926.11438278459  2.731961E-15
7928.89073770017  2.892429E-15
7931.66709261575  2.813915E-15
7934.44344753133  2.785484E-15
7937.21980244691  2.544919E-15
7939.99615736249  2.589711E-15
7942.77251227807  2.795535E-15
7945.54886719365  2.884186E-15
7948.32522210923  2.826446E-15
7951.10157702481  2.602153E-15
7953.87793194039  2.706843E-15
7956.65428685597  2.838395E-15
7959.43064177155  2.785638E-15
7962.20699668713  2.630558E-15
7964.98335160271  2.520142E-15
7967.75970651829  2.730335E-15
7970.53606143387  2.725754E-15
7973.31241634945  2.667991E-15
7976.08877126503  2.812577E-15
7978.86512618061  2.607976E-15
7981.64148109619  2.708120E-15
7984.41783601176  2.932139E-15
7987.19419092735  2.881903E-15
7989.97054584292  2.767395E-15
7992.74690075851  2.802428E-15
7995.52325567408  2.702553E-15
7998.29961058966  2.802445E-15
8001.07596550524  2.784534E-15
8003.85232042082  2.615487E-15
8006.6286753364  2.763687E-15
8009.40503025198  2.884758E-15
8012.18138516756  2.835741E-15
8014.95774008314  2.749763E-15
8017.73409499872  2.618533E-15
8020.5104499143  2.569428E-15
8023.28680482988  2.606537E-15
8026.06315974546  2.767090E-15
8028.83951466104  2.673926E-15
8031.61586957662  2.600605E-15
8034.3922244922  2.791148E-15
8037.16857940778  2.462719E-15
8039.94493432336  2.601321E-15
8042.72128923894  2.883390E-15
8045.49764415452  2.857080E-15
8048.2739990701  2.700547E-15
8051.05035398568  2.562785E-15
8053.82670890126  2.475878E-15
8056.60306381684  2.313182E-15
8059.37941873242  2.490141E-15
8062.155773648  2.576601E-15
8064.93212856357  2.444117E-15
8067.70848347916  2.472400E-15
8070.48483839474  2.497655E-15
8073.26119331031  2.489531E-15
8076.03754822589  2.579797E-15
8078.81390314148  2.754460E-15
8081.59025805706  2.746294E-15
8084.36661297263  2.805817E-15
8087.14296788822  2.614694E-15
8089.91932280379  2.709771E-15
8092.69567771937  2.495821E-15
8095.47203263495  2.371339E-15
8098.24838755053  2.394457E-15
8101.02474246611  2.808781E-15
8103.80109738169  2.580362E-15
8106.57745229727  2.648501E-15
8109.35380721285  2.787391E-15
8112.13016212843  2.598496E-15
8114.90651704401  2.515399E-15
8117.68287195959  2.819935E-15
8120.45922687517  2.692498E-15
8123.23558179075  2.455424E-15
8126.01193670633  2.764422E-15
8128.78829162191  2.610258E-15
8131.56464653749  2.620614E-15
8134.34100145307  2.604800E-15
8137.11735636865  2.634743E-15
8139.89371128423  2.425571E-15
8142.67006619981  2.505968E-15
8145.44642111539  2.370352E-15
8148.22277603097  2.358096E-15
8150.99913094655  2.317871E-15
8153.77548586213  2.365723E-15
8156.55184077771  2.265766E-15
8159.32819569329  2.229523E-15
8162.10455060886  2.242852E-15
8164.88090552445  2.413474E-15
8167.65726044003  2.308900E-15
8170.43361535561  2.266177E-15
8173.20997027118  2.502439E-15
8175.98632518676  2.354518E-15
8178.76268010234  2.178802E-15
8181.53903501792  2.345083E-15
8184.3153899335  2.453037E-15
8187.09174484908  2.317228E-15
8189.86809976466  2.512323E-15
8192.64445468024  2.418117E-15
8195.42080959582  2.458825E-15
8198.1971645114  2.360343E-15
8200.97351942698  2.397587E-15
8203.74987434256  2.455353E-15
8206.52622925814  2.715867E-15
8209.30258417372  2.687376E-15
8212.0789390893  2.610766E-15
8214.85529400488  2.514116E-15
8217.63164892046  2.576122E-15
8220.40800383604  2.455554E-15
8223.18435875162  2.279268E-15
8225.9607136672  2.424140E-15
8228.73706858278  2.297283E-15
8231.51342349836  2.122435E-15
8234.28977841394  2.477158E-15
8237.06613332952  2.609675E-15
8239.8424882451  2.397344E-15
8242.61884316068  2.737047E-15
8245.39519807626  2.757168E-15
8248.17155299184  2.390546E-15
8250.94790790742  2.424650E-15
8253.724262823  2.516657E-15
8256.50061773858  2.571520E-15
8259.27697265415  2.642028E-15
8262.05332756974  2.377353E-15
8264.82968248532  2.530343E-15
8267.60603740089  2.845399E-15
8270.38239231647  2.489683E-15
8273.15874723205  2.342319E-15
8275.93510214764  2.713772E-15
8278.71145706321  2.650675E-15
8281.48781197879  2.682113E-15
8284.26416689437  2.948630E-15
8287.04052180995  2.575486E-15
8289.81687672553  2.697971E-15
8292.59323164111  2.922741E-15
8295.36958655669  2.564731E-15
8298.14594147227  2.437605E-15
8300.92229638785  2.780002E-15
8303.69865130343  2.587752E-15
8306.47500621901  2.659282E-15
8309.25136113459  2.327353E-15
8312.02771605017  2.478404E-15
8314.80407096575  2.689068E-15
8317.58042588133  2.792850E-15
8320.35678079691  2.637366E-15
8323.13313571249  2.430084E-15
8325.90949062807  2.414906E-15
8328.68584554365  2.383126E-15
8331.46220045923  2.583072E-15
8334.23855537481  2.636887E-15
8337.01491029039  2.316248E-15
8339.79126520597  2.490883E-15
8342.56762012155  2.537860E-15
8345.34397503712  2.485040E-15
8348.12032995271  2.419064E-15
8350.89668486829  2.747752E-15
8353.67303978387  2.683458E-15
8356.44939469944  2.592880E-15
8359.22574961502  2.732015E-15
8362.00210453061  2.537299E-15
8364.77845944619  2.693308E-15
8367.55481436176  2.575576E-15
8370.33116927734  2.406823E-15
8373.10752419292  2.626777E-15
8375.8838791085  2.492258E-15
8378.66023402408  2.398498E-15
8381.43658893966  2.647721E-15
8384.21294385524  2.617488E-15
8386.98929877082  2.493792E-15
8389.7656536864  2.376609E-15
8392.54200860198  2.309791E-15
8395.31836351756  2.568559E-15
8398.09471843314  2.721011E-15
8400.87107334872  2.829691E-15
8403.6474282643  2.630845E-15
8406.42378317988  2.605279E-15
8409.20013809546  2.240039E-15
8411.97649301104  2.351977E-15
8414.75284792662  2.297201E-15
8417.5292028422  2.383693E-15
8420.30555775778  2.484993E-15
8423.08191267336  2.410799E-15
8425.85826758894  2.305490E-15
8428.63462250452  2.180132E-15
8431.4109774201  2.451822E-15
8434.18733233568  2.890558E-15
8436.96368725126  2.856588E-15
8439.74004216684  2.524316E-15
8442.51639708242  2.290666E-15
8445.292751998  2.449351E-15
8448.06910691358  2.533018E-15
8450.84546182916  2.369302E-15
8453.62181674473  2.472711E-15
8456.39817166031  2.535972E-15
8459.1745265759  2.460177E-15
8461.95088149147  2.347154E-15
8464.72723640705  2.213171E-15
8467.50359132263  2.493031E-15
8470.27994623821  2.558784E-15
8473.05630115379  2.483971E-15
8475.83265606937  2.070359E-15
8478.60901098495  2.223813E-15
8481.38536590053  2.349972E-15
8484.16172081611  2.243502E-15
8486.93807573169  2.434788E-15
8489.71443064727  2.404824E-15
8492.49078556285  2.295502E-15
8495.26714047843  2.386828E-15
8498.04349539401  2.521106E-15
8500.81985030959  2.420652E-15
8503.59620522517  2.149097E-15
8506.37256014075  2.399237E-15
8509.14891505633  2.533995E-15
8511.92526997191  2.227976E-15
8514.70162488749  2.338317E-15
8517.47797980307  2.446996E-15
8520.25433471865  2.240950E-15
8523.03068963423  2.358788E-15
8525.80704454981  2.271830E-15
8528.58339946539  2.093379E-15
8531.35975438097  2.371711E-15
8534.13610929655  2.570900E-15
8536.91246421213  2.303983E-15
8539.6888191277  2.258759E-15
8542.46517404328  2.444385E-15
8545.24152895887  2.292336E-15
8548.01788387445  2.182420E-15
8550.79423879002  2.240831E-15
8553.5705937056  2.323398E-15
8556.34694862118  2.475834E-15
8559.12330353676  2.197790E-15
8561.89965845234  2.213928E-15
8564.67601336792  2.397540E-15
8567.4523682835  2.425360E-15
8570.22872319908  2.293707E-15
8573.00507811466  2.582725E-15
8575.78143303024  2.621705E-15
8578.55778794582  2.514614E-15
8581.3341428614  2.285204E-15
8584.11049777698  2.287602E-15
8586.88685269256  2.618753E-15
8589.66320760814  2.420327E-15
8592.43956252372  2.393596E-15
8595.2159174393  2.540361E-15
8597.99227235488  2.396888E-15
8600.76862727046  2.546986E-15
8603.54498218604  2.146472E-15
8606.32133710162  2.259685E-15
8609.0976920172  2.229406E-15
8611.87404693278  2.178994E-15
8614.65040184836  2.364829E-15
8617.42675676394  2.612830E-15
8620.20311167952  2.261905E-15
8622.97946659509  2.165178E-15
8625.75582151068  2.288663E-15
8628.53217642626  2.081352E-15
8631.30853134184  2.129114E-15
8634.08488625742  2.304271E-15
8636.861241173  2.002346E-15
8639.63759608857  2.131874E-15
8642.41395100416  2.307163E-15
8645.19030591974  2.320318E-15
8647.96666083531  2.388809E-15
8650.74301575089  2.455556E-15
8653.51937066647  2.548114E-15
8656.29572558205  2.225796E-15
8659.07208049763  2.585516E-15
8661.84843541321  2.404131E-15
8664.62479032879  2.593053E-15
8667.40114524437  2.179146E-15
8670.17750015995  2.363904E-15
8672.95385507553  2.351180E-15
8675.73020999111  2.572755E-15
8678.50656490669  2.543777E-15
8681.28291982227  2.270714E-15
8684.05927473785  2.452428E-15
8686.83562965343  2.339130E-15
8689.61198456901  2.215369E-15
8692.38833948459  2.395580E-15
8695.16469440017  2.692938E-15
8697.94104931575  2.445363E-15
8700.71740423133  2.027373E-15
8703.49375914691  2.186428E-15
8706.27011406249  2.419502E-15
8709.04646897807  2.433190E-15
8711.82282389365  2.182648E-15
8714.59917880923  2.419054E-15
8717.37553372481  2.383005E-15
8720.15188864039  2.476961E-15
8722.92824355597  2.299252E-15
8725.70459847155  2.336836E-15
8728.48095338713  2.292274E-15
8731.25730830271  2.220694E-15
8734.03366321828  2.436645E-15
8736.81001813386  2.324994E-15
8739.58637304945  2.476210E-15
8742.36272796502  2.394082E-15
8745.1390828806  2.166148E-15
8747.91543779618  2.055905E-15
8750.69179271176  2.222725E-15
8753.46814762734  2.470209E-15
8756.24450254292  2.229395E-15
8759.0208574585  2.024298E-15
8761.79721237408  2.245290E-15
8764.57356728966  2.320679E-15
8767.34992220524  2.057599E-15
8770.12627712082  1.795894E-15
8772.9026320364  2.098541E-15
8775.67898695198  2.234036E-15
8778.45534186756  2.038056E-15
8781.23169678314  2.059715E-15
8784.00805169872  2.031779E-15
8786.7844066143  2.049180E-15
8789.56076152988  1.945421E-15
8792.33711644546  2.186732E-15
8795.11347136104  2.117991E-15
8797.88982627662  1.971994E-15
8800.6661811922  2.175318E-15
8803.44253610778  2.193271E-15
8806.21889102336  2.055689E-15
8808.99524593894  1.856159E-15
8811.77160085452  1.651092E-15
8814.5479557701  1.706623E-15
8817.32431068567  1.784197E-15
8820.10066560126  1.895808E-15
8822.87702051683  1.912154E-15
8825.65337543242  2.020986E-15
8828.429730348  1.842754E-15
8831.20608526358  1.609592E-15
