3861.5307863759  1.290837E-14
3864.30714129148  1.549556E-14
3867.08349620706  1.576750E-14
3869.85985112264  1.527229E-14
3872.63620603822  1.157505E-14
3875.4125609538  1.027559E-14
3878.18891586938  1.302675E-14
3880.96527078496  1.357312E-14
3883.74162570054  1.454030E-14
3886.51798061612  1.080388E-14
3889.2943355317  1.091702E-14
3892.07069044728  1.147436E-14
3894.84704536286  1.275557E-14
3897.62340027844  9.587143E-15
3900.39975519402  1.135450E-14
3903.1761101096  1.293364E-14
3905.95246502518  1.199464E-14
3908.72881994076  1.173288E-14
3911.50517485634  1.176201E-14
3914.28152977192  1.215272E-14
3917.0578846875  1.190123E-14
3919.83423960308  1.215749E-14
3922.61059451866  1.170717E-14
3925.38694943424  9.008953E-15
3928.16330434982  9.499579E-15
3930.9396592654  9.529891E-15
3933.71601418098  1.009541E-14
3936.49236909656  1.115607E-14
3939.26872401214  1.064193E-14
3942.04507892772  1.062401E-14
3944.82143384329  1.020551E-14
3947.59778875887  1.010255E-14
3950.37414367445  1.047851E-14
3953.15049859003  1.053151E-14
3955.92685350561  1.105619E-14
3958.70320842119  9.644071E-15
3961.47956333677  1.090107E-14
3964.25591825235  9.726632E-15
3967.03227316793  8.960164E-15
3969.80862808351  7.778176E-15
3972.58498299909  8.534611E-15
3975.36133791467  8.326421E-15
3978.13769283025  8.012619E-15
3980.91404774583  9.482315E-15
3983.69040266141  1.024948E-14
3986.46675757699  9.797852E-15
3989.24311249257  9.695919E-15
3992.01946740815  1.012452E-14
3994.79582232373  9.860434E-15
3997.57217723931  9.268509E-15
4000.34853215489  1.048995E-14
4003.12488707047  9.973761E-15
4005.90124198605  9.665783E-15
4008.67759690163  9.480054E-15
4011.45395181721  9.877620E-15
4014.23030673279  9.943958E-15
4017.00666164837  9.983705E-15
4019.78301656395  8.677742E-15
4022.55937147953  8.419053E-15
4025.33572639511  9.687239E-15
4028.11208131069  1.053962E-14
4030.88843622627  9.768935E-15
4033.66479114185  1.101048E-14
4036.44114605743  1.006579E-14
4039.21750097301  1.016828E-14
4041.99385588858  1.014982E-14
4044.77021080416  1.063022E-14
4047.54656571974  1.165420E-14
4050.32292063532  1.032670E-14
4053.0992755509  9.678321E-15
4055.87563046648  9.988420E-15
4058.65198538206  1.120652E-14
4061.42834029764  1.096195E-14
4064.20469521322  1.081383E-14
4066.9810501288  1.115351E-14
4069.75740504438  1.022924E-14
4072.53375995996  9.073835E-15
4075.31011487554  9.566183E-15
4078.08646979112  9.475116E-15
4080.8628247067  9.965934E-15
4083.63917962228  1.012112E-14
4086.41553453786  9.469755E-15
4089.19188945344  9.099844E-15
4091.96824436902  9.168075E-15
4094.7445992846  8.375989E-15
4097.52095420018  8.843466E-15
4100.29730911576  9.132217E-15
4103.07366403134  9.162041E-15
4105.85001894692  9.188236E-15
4108.6263738625  9.567707E-15
4111.40272877808  9.301960E-15
4114.17908369366  9.431672E-15
4116.95543860924  9.792437E-15
4119.73179352482  9.368608E-15
4122.5081484404  9.567013E-15
4125.28450335598  9.913693E-15
4128.06085827156  9.908269E-15
4130.83721318714  9.394997E-15
4133.61356810271  1.048585E-14
4136.38992301829  8.845985E-15
4139.16627793387  9.939955E-15
4141.94263284945  1.041662E-14
4144.71898776503  1.013268E-14
4147.49534268061  1.068165E-14
4150.27169759619  1.092048E-14
4153.04805251177  1.044723E-14
4155.82440742735  9.870300E-15
4158.60076234293  1.096252E-14
4161.37711725851  1.088537E-14
4164.15347217409  9.773781E-15
4166.92982708967  1.027612E-14
4169.70618200525  1.108825E-14
4172.48253692083  1.033937E-14
4175.25889183641  1.090845E-14
4178.03524675199  1.094061E-14
4180.81160166757  1.097717E-14
4183.58795658315  9.200036E-15
4186.36431149873  1.001734E-14
4189.14066641431  1.016774E-14
4191.91702132989  1.068403E-14
4194.69337624547  1.100786E-14
4197.46973116105  9.538687E-15
4200.24608607663  1.021041E-14
4203.02244099221  1.029811E-14
4205.79879590779  9.804879E-15
4208.57515082337  9.836056E-15
4211.35150573895  1.102596E-14
4214.12786065453  1.030694E-14
4216.90421557011  1.050723E-14
4219.68057048569  9.098171E-15
4222.45692540127  9.453097E-15
4225.23328031684  1.031668E-14
4228.00963523242  1.032271E-14
4230.785990148  9.744814E-15
4233.56234506358  1.022744E-14
4236.33869997916  9.327733E-15
4239.11505489474  9.594087E-15
4241.89140981032  9.855735E-15
4244.6677647259  1.015745E-14
4247.44411964148  1.062227E-14
4250.22047455706  1.094056E-14
4252.99682947264  1.056248E-14
4255.77318438822  9.684602E-15
4258.5495393038  1.007122E-14
4261.32589421938  1.091406E-14
4264.10224913496  9.650552E-15
4266.87860405054  1.024054E-14
4269.65495896612  1.090087E-14
4272.4313138817  1.045292E-14
4275.20766879728  9.807729E-15
4277.98402371286  9.682867E-15
4280.76037862844  9.711195E-15
4283.53673354402  1.013824E-14
4286.3130884596  9.107314E-15
4289.08944337518  9.389543E-15
4291.86579829076  1.072881E-14
4294.64215320634  9.729727E-15
4297.41850812192  9.389450E-15
4300.1948630375  9.834019E-15
4302.97121795308  1.039042E-14
4305.74757286866  9.540164E-15
4308.52392778424  9.922534E-15
4311.30028269982  9.826445E-15
4314.0766376154  8.871340E-15
4316.85299253098  9.639841E-15
4319.62934744656  1.029234E-14
4322.40570236213  9.214478E-15
4325.18205727771  1.010924E-14
4327.95841219329  1.011382E-14
4330.73476710887  9.306935E-15
4333.51112202445  9.344068E-15
4336.28747694003  8.606929E-15
4339.06383185561  9.204601E-15
4341.84018677119  9.239003E-15
4344.61654168677  8.178825E-15
4347.39289660235  7.862853E-15
4350.16925151793  8.457310E-15
4352.94560643351  8.935657E-15
4355.72196134909  8.895898E-15
4358.49831626467  8.820512E-15
4361.27467118025  8.518676E-15
4364.05102609583  9.066397E-15
4366.82738101141  9.848815E-15
4369.60373592699  9.718411E-15
4372.38009084257  8.555736E-15
4375.15644575815  8.710986E-15
4377.93280067373  9.868788E-15
4380.70915558931  9.167981E-15
4383.48551050489  9.853134E-15
4386.26186542047  9.937525E-15
4389.03822033605  9.517434E-15
4391.81457525163  1.031958E-14
4394.59093016721  9.820430E-15
4397.36728508279  9.526358E-15
4400.14363999837  9.147435E-15
4402.91999491395  9.587659E-15
4405.69634982953  9.686277E-15
4408.47270474511  9.680778E-15
4411.24905966069  9.127281E-15
4414.02541457626  1.096083E-14
4416.80176949185  1.010774E-14
4419.57812440742  9.321180E-15
4422.354479323  9.382311E-15
4425.13083423858  9.678544E-15
4427.90718915416  1.030601E-14
4430.68354406974  9.896927E-15
4433.45989898532  8.776407E-15
4436.2362539009  9.245266E-15
4439.01260881648  9.545295E-15
4441.78896373206  9.660539E-15
4444.56531864764  9.523656E-15
4447.34167356322  9.959844E-15
4450.1180284788  9.735385E-15
4452.89438339438  9.533461E-15
4455.67073830996  1.004814E-14
4458.44709322554  9.963745E-15
4461.22344814112  9.346807E-15
4463.9998030567  9.430390E-15
4466.77615797228  8.994244E-15
4469.55251288786  9.668214E-15
4472.32886780344  8.746486E-15
4475.10522271902  9.180323E-15
4477.8815776346  8.703061E-15
4480.65793255018  8.796208E-15
4483.43428746576  8.798372E-15
4486.21064238134  8.690721E-15
4488.98699729692  9.021671E-15
4491.7633522125  9.916631E-15
4494.53970712808  9.506286E-15
4497.31606204366  1.012291E-14
4500.09241695924  9.305466E-15
4502.86877187482  1.012695E-14
4505.64512679039  1.035035E-14
4508.42148170598  1.040638E-14
4511.19783662155  9.978692E-15
4513.97419153713  9.025867E-15
4516.75054645271  9.281031E-15
4519.52690136829  1.050184E-14
4522.30325628387  1.010463E-14
4525.07961119945  9.022585E-15
4527.85596611503  8.276258E-15
4530.63232103061  9.218218E-15
4533.40867594619  9.510268E-15
4536.18503086177  9.671032E-15
4538.96138577735  8.575028E-15
4541.73774069293  8.813978E-15
4544.51409560851  9.466782E-15
4547.29045052409  9.220678E-15
4550.06680543967  9.742498E-15
4552.84316035525  9.814451E-15
4555.61951527083  9.546662E-15
4558.39587018641  9.221807E-15
4561.17222510199  8.989596E-15
4563.94858001757  9.276142E-15
4566.72493493315  9.249991E-15
4569.50128984873  9.025637E-15
4572.27764476431  9.215552E-15
4575.05399967989  8.891404E-15
4577.83035459547  9.637024E-15
4580.60670951105  9.266196E-15
4583.38306442663  9.023578E-15
4586.15941934221  9.104874E-15
4588.93577425779  8.566231E-15
4591.71212917337  9.128811E-15
4594.48848408895  1.018069E-14
4597.26483900453  9.802916E-15
4600.0411939201  9.560287E-15
4602.81754883568  9.245753E-15
4605.59390375127  8.874529E-15
4608.37025866684  9.225260E-15
4611.14661358242  9.181298E-15
4613.922968498  9.805671E-15
4616.69932341358  1.004467E-14
4619.47567832916  9.962852E-15
4622.25203324474  9.358699E-15
4625.02838816032  9.121004E-15
4627.8047430759  9.974528E-15
4630.58109799148  9.536979E-15
4633.35745290706  9.545289E-15
4636.13380782264  9.721019E-15
4638.91016273822  9.511630E-15
4641.6865176538  9.502903E-15
4644.46287256938  9.696721E-15
4647.23922748496  9.252688E-15
4650.01558240054  8.969428E-15
4652.79193731612  9.793141E-15
4655.5682922317  9.565100E-15
4658.34464714728  9.541335E-15
4661.12100206286  1.026289E-14
4663.89735697844  9.611678E-15
4666.67371189402  9.665158E-15
4669.4500668096  9.701089E-15
4672.22642172518  9.092576E-15
4675.00277664076  1.029663E-14
4677.77913155634  1.025864E-14
4680.55548647192  9.582650E-15
4683.3318413875  9.361286E-15
4686.10819630308  1.025192E-14
4688.88455121866  1.022341E-14
4691.66090613424  9.978129E-15
4694.43726104982  9.372232E-15
4697.21361596539  9.372882E-15
4699.98997088097  1.010879E-14
4702.76632579655  1.010501E-14
4705.54268071213  9.064187E-15
4708.31903562771  9.305041E-15
4711.09539054329  9.706615E-15
4713.87174545887  9.646200E-15
4716.64810037445  9.129649E-15
4719.42445529003  9.116069E-15
4722.20081020561  9.078972E-15
4724.97716512119  9.184765E-15
4727.75352003677  9.364076E-15
4730.52987495235  9.758937E-15
4733.30622986793  8.948153E-15
4736.08258478351  9.314350E-15
4738.85893969909  9.758885E-15
4741.63529461467  9.338131E-15
4744.41164953025  9.397340E-15
4747.18800444583  9.584472E-15
4749.96435936141  9.971933E-15
4752.74071427699  9.372318E-15
4755.51706919257  9.163950E-15
4758.29342410815  9.032709E-15
4761.06977902373  9.224909E-15
4763.84613393931  8.720614E-15
4766.62248885489  9.410376E-15
4769.39884377047  8.799849E-15
4772.17519868605  8.832520E-15
4774.95155360163  8.391579E-15
4777.72790851721  8.836221E-15
4780.50426343279  9.102557E-15
4783.28061834837  9.106964E-15
4786.05697326394  8.467584E-15
4788.83332817953  9.309790E-15
4791.6096830951  9.192423E-15
4794.38603801068  8.830804E-15
4797.16239292626  8.957362E-15
4799.93874784184  8.982340E-15
4802.71510275742  9.402921E-15
4805.491457673  8.745835E-15
4808.26781258858  8.920034E-15
4811.04416750416  9.373250E-15
4813.82052241974  9.518311E-15
4816.59687733532  9.121838E-15
4819.3732322509  9.047153E-15
4822.14958716648  8.671705E-15
4824.92594208206  9.044285E-15
4827.70229699764  9.218180E-15
4830.47865191322  9.291191E-15
4833.2550068288  8.865526E-15
4836.03136174438  8.835223E-15
4838.80771665996  8.550728E-15
4841.58407157554  8.893389E-15
4844.36042649112  9.656672E-15
4847.1367814067  9.233648E-15
4849.91313632228  8.973500E-15
4852.68949123786  8.793190E-15
4855.46584615344  9.046504E-15
4858.24220106902  9.326912E-15
4861.0185559846  8.985928E-15
4863.79491090018  8.797099E-15
4866.57126581576  8.996468E-15
4869.34762073134  8.713445E-15
4872.12397564692  8.369004E-15
4874.9003305625  8.759327E-15
4877.67668547807  8.691027E-15
4880.45304039366  8.442650E-15
4883.22939530923  8.444537E-15
4886.00575022481  9.023984E-15
4888.7821051404  8.626636E-15
4891.55846005597  8.762313E-15
4894.33481497155  8.926508E-15
4897.11116988713  8.610344E-15
4899.88752480271  8.574230E-15
4902.66387971829  9.172893E-15
4905.44023463387  8.948592E-15
4908.21658954945  9.102854E-15
4910.99294446503  8.829806E-15
4913.76929938061  8.553241E-15
4916.54565429619  8.383272E-15
4919.32200921177  9.209800E-15
4922.09836412735  8.282657E-15
4924.87471904293  8.461408E-15
4927.65107395851  8.599618E-15
4930.42742887409  9.447906E-15
4933.20378378967  9.326071E-15
4935.98013870525  8.526576E-15
4938.75649362083  8.873748E-15
4941.53284853641  7.950728E-15
4944.30920345199  7.881757E-15
4947.08555836757  8.184544E-15
4949.86191328315  9.079006E-15
4952.63826819873  8.791060E-15
4955.41462311431  8.232395E-15
4958.19097802989  8.396383E-15
4960.96733294547  8.786812E-15
4963.74368786104  8.885183E-15
4966.52004277663  8.113000E-15
4969.29639769221  8.603634E-15
4972.07275260778  8.296989E-15
4974.84910752337  8.517275E-15
4977.62546243894  8.480242E-15
4980.40181735452  8.966955E-15
4983.1781722701  7.988159E-15
4985.95452718569  8.385200E-15
4988.73088210126  8.283961E-15
4991.50723701684  8.354895E-15
4994.28359193242  8.327803E-15
4997.059946848  8.838866E-15
4999.83630176358  7.891104E-15
5002.61265667916  8.203581E-15
5005.38901159474  8.576588E-15
5008.16536651032  8.709525E-15
5010.9417214259  8.503827E-15
5013.71807634148  8.004575E-15
5016.49443125706  8.813111E-15
5019.27078617264  8.917840E-15
5022.04714108822  8.544501E-15
5024.8234960038  9.231814E-15
5027.59985091938  8.488916E-15
5030.37620583496  8.340387E-15
5033.15256075054  8.769002E-15
5035.92891566612  8.928160E-15
5038.7052705817  8.435143E-15
5041.48162549728  8.702071E-15
5044.25798041286  8.620608E-15
5047.03433532844  8.217831E-15
5049.81069024402  8.399968E-15
5052.5870451596  8.455257E-15
5055.36340007518  8.229427E-15
5058.13975499076  8.405868E-15
5060.91610990634  8.611825E-15
5063.69246482192  8.850110E-15
5066.4688197375  8.220811E-15
5069.24517465307  8.195152E-15
5072.02152956866  8.342134E-15
5074.79788448423  8.860093E-15
5077.57423939981  8.501117E-15
5080.3505943154  8.491059E-15
5083.12694923098  8.079841E-15
5085.90330414655  8.008841E-15
5088.67965906213  8.256183E-15
5091.45601397771  8.781917E-15
5094.23236889329  8.641181E-15
5097.00872380887  8.281614E-15
5099.78507872445  8.558996E-15
5102.56143364003  8.726085E-15
5105.33778855561  8.578479E-15
5108.11414347119  8.721404E-15
5110.89049838677  8.464086E-15
5113.66685330235  8.279423E-15
5116.44320821793  8.461151E-15
5119.21956313351  8.580652E-15
5121.99591804909  8.564690E-15
5124.77227296467  8.601642E-15
5127.54862788025  8.726260E-15
5130.32498279583  8.872208E-15
5133.10133771141  8.727789E-15
5135.87769262699  8.711181E-15
5138.65404754257  8.710118E-15
5141.43040245815  8.128381E-15
5144.20675737373  8.163616E-15
5146.98311228931  8.286061E-15
5149.75946720489  8.439852E-15
5152.53582212047  8.618514E-15
5155.31217703605  8.366178E-15
5158.08853195163  8.270464E-15
5160.86488686721  8.042032E-15
5163.64124178279  8.659841E-15
5166.41759669837  8.778328E-15
5169.19395161395  8.611925E-15
5171.97030652952  7.994173E-15
5174.74666144511  8.199404E-15
5177.52301636068  7.888414E-15
5180.29937127626  7.770578E-15
5183.07572619184  8.531518E-15
5185.85208110742  8.234224E-15
5188.628436023  7.702590E-15
5191.40479093858  8.129478E-15
5194.18114585416  8.439188E-15
5196.95750076974  8.487695E-15
5199.73385568532  8.496848E-15
5202.5102106009  8.162147E-15
5205.28656551648  8.256995E-15
5208.06292043206  8.629632E-15
5210.83927534764  8.261056E-15
5213.61563026322  7.853797E-15
5216.3919851788  8.044896E-15
5219.16834009438  7.841713E-15
5221.94469500996  7.791799E-15
5224.72104992554  7.341496E-15
5227.49740484112  7.925234E-15
5230.2737597567  7.716499E-15
5233.05011467228  8.203214E-15
5235.82646958786  7.803486E-15
5238.60282450344  7.875143E-15
5241.37917941902  8.514390E-15
5244.1555343346  8.109469E-15
5246.93188925018  8.404632E-15
5249.70824416576  8.127048E-15
5252.48459908134  8.407147E-15
5255.26095399692  8.741898E-15
5258.0373089125  8.611528E-15
5260.81366382808  7.736115E-15
5263.59001874365  7.647846E-15
5266.36637365923  8.082641E-15
5269.14272857481  8.123572E-15
5271.91908349039  8.047992E-15
5274.69543840597  8.169351E-15
5277.47179332155  8.287042E-15
5280.24814823713  8.115371E-15
5283.02450315271  7.678549E-15
5285.80085806829  8.273285E-15
5288.57721298387  8.343442E-15
5291.35356789945  8.220290E-15
5294.12992281503  7.803153E-15
5296.90627773061  7.608925E-15
5299.68263264619  7.729156E-15
5302.45898756177  8.093324E-15
5305.23534247735  8.125956E-15
5308.01169739293  8.240017E-15
5310.78805230851  7.818754E-15
5313.56440722409  8.069236E-15
5316.34076213967  8.026735E-15
5319.11711705525  7.741402E-15
5321.89347197083  7.681347E-15
5324.66982688641  7.980517E-15
5327.44618180199  7.546670E-15
5330.22253671757  8.028086E-15
5332.99889163315  7.977827E-15
5335.77524654873  7.836413E-15
5338.55160146431  7.836736E-15
5341.32795637989  7.490276E-15
5344.10431129547  8.126963E-15
5346.88066621105  8.038948E-15
5349.65702112662  7.947424E-15
5352.43337604221  7.547600E-15
5355.20973095778  7.594803E-15
5357.98608587337  7.825107E-15
5360.76244078894  8.105161E-15
5363.53879570452  7.289808E-15
5366.3151506201  7.019203E-15
5369.09150553568  7.472649E-15
5371.86786045126  7.546349E-15
5374.64421536684  7.720423E-15
5377.42057028242  7.089955E-15
5380.196925198  7.139654E-15
5382.97328011358  7.699956E-15
5385.74963502916  7.675686E-15
5388.52598994474  7.621711E-15
5391.30234486032  7.690527E-15
5394.0786997759  7.387023E-15
5396.85505469148  7.505292E-15
5399.63140960706  7.793037E-15
5402.40776452264  7.480712E-15
5405.18411943822  7.252161E-15
5407.9604743538  8.059500E-15
5410.73682926938  8.194503E-15
5413.51318418496  7.200828E-15
5416.28953910054  7.418374E-15
5419.06589401612  7.184104E-15
5421.8422489317  7.714534E-15
5424.61860384728  7.597857E-15
5427.39495876286  7.089890E-15
5430.17131367844  7.380612E-15
5432.94766859402  7.906072E-15
5435.7240235096  7.596958E-15
5438.50037842518  7.999530E-15
5441.27673334076  7.402708E-15
5444.05308825634  6.896799E-15
5446.82944317192  7.737398E-15
5449.6057980875  7.547269E-15
5452.38215300308  7.227105E-15
5455.15850791866  7.479408E-15
5457.93486283423  7.399617E-15
5460.71121774981  7.953280E-15
5463.48757266539  7.606336E-15
5466.26392758097  7.465778E-15
5469.04028249655  7.956657E-15
5471.81663741213  7.318389E-15
5474.59299232771  7.435471E-15
5477.36934724329  7.159382E-15
5480.14570215887  7.157461E-15
5482.92205707445  7.780942E-15
5485.69841199003  7.222147E-15
5488.47476690561  6.804829E-15
5491.25112182119  7.128552E-15
5494.02747673677  7.586829E-15
5496.80383165235  6.947612E-15
5499.58018656793  7.093053E-15
5502.35654148351  7.720785E-15
5505.13289639909  7.440119E-15
5507.90925131467  7.151112E-15
5510.68560623025  7.637719E-15
5513.46196114583  7.358747E-15
5516.23831606141  7.453810E-15
5519.01467097699  7.328711E-15
5521.79102589257  7.548288E-15
5524.56738080815  7.155670E-15
5527.34373572373  7.056163E-15
5530.12009063931  7.527339E-15
5532.89644555489  7.260976E-15
5535.67280047047  7.060894E-15
5538.44915538605  7.256594E-15
5541.22551030163  7.649504E-15
5544.0018652172  7.660729E-15
5546.77822013278  7.055922E-15
5549.55457504837  7.190802E-15
5552.33092996394  7.164331E-15
5555.10728487952  7.154445E-15
5557.8836397951  7.191806E-15
5560.65999471068  7.068422E-15
5563.43634962626  7.064084E-15
5566.21270454184  7.022317E-15
5568.98905945742  7.130210E-15
5571.765414373  7.074505E-15
5574.54176928858  6.798369E-15
5577.31812420416  6.616878E-15
5580.09447911974  7.244673E-15
5582.87083403532  7.597130E-15
5585.6471889509  7.234521E-15
5588.42354386648  7.079386E-15
5591.19989878206  7.190763E-15
5593.97625369764  7.334652E-15
5596.75260861322  7.282764E-15
5599.5289635288  6.911013E-15
5602.30531844438  6.924424E-15
5605.08167335996  6.965708E-15
5607.85802827554  7.000635E-15
5610.63438319112  6.941128E-15
5613.4107381067  7.243786E-15
5616.18709302228  7.382368E-15
5618.96344793786  7.098275E-15
5621.73980285344  7.027940E-15
5624.51615776902  7.195608E-15
5627.2925126846  7.446238E-15
5630.06886760018  7.177482E-15
5632.84522251576  6.780139E-15
5635.62157743134  6.785019E-15
5638.39793234691  6.963448E-15
5641.1742872625  7.020860E-15
5643.95064217807  6.724383E-15
5646.72699709365  7.061031E-15
5649.50335200923  6.992769E-15
5652.27970692482  6.582875E-15
5655.05606184039  6.955332E-15
5657.83241675597  7.044399E-15
5660.60877167155  7.048778E-15
5663.38512658713  7.009207E-15
5666.16148150271  6.833978E-15
5668.93783641829  6.864155E-15
5671.71419133387  7.322740E-15
5674.49054624945  6.867598E-15
5677.26690116503  7.492830E-15
5680.04325608061  6.996919E-15
5682.81961099619  6.580509E-15
5685.59596591177  6.958485E-15
5688.37232082735  6.785765E-15
5691.14867574293  6.687058E-15
5693.92503065851  6.761828E-15
5696.70138557409  6.977073E-15
5699.47774048967  6.744181E-15
5702.25409540525  6.376864E-15
5705.03045032083  6.505158E-15
5707.80680523641  6.712987E-15
5710.58316015199  6.774672E-15
5713.35951506757  6.643759E-15
5716.13586998315  6.562026E-15
5718.91222489873  6.539091E-15
5721.68857981431  6.746129E-15
5724.46493472989  6.884875E-15
5727.24128964546  6.350151E-15
5730.01764456105  6.822304E-15
5732.79399947663  6.878276E-15
5735.5703543922  7.019777E-15
5738.34670930778  6.691419E-15
5741.12306422336  6.381503E-15
5743.89941913894  6.562476E-15
5746.67577405452  6.901047E-15
5749.4521289701  6.323678E-15
5752.22848388568  6.402268E-15
5755.00483880126  6.676185E-15
5757.78119371684  6.738645E-15
5760.55754863242  6.606172E-15
5763.333903548  6.400953E-15
5766.11025846358  6.426464E-15
5768.88661337916  6.736852E-15
5771.66296829474  6.863714E-15
5774.43932321032  6.519727E-15
5777.2156781259  6.858236E-15
5779.99203304148  6.417548E-15
5782.76838795706  6.742688E-15
5785.54474287264  6.940852E-15
5788.32109778822  6.806056E-15
5791.0974527038  7.172882E-15
5793.87380761938  6.830576E-15
5796.65016253496  6.581665E-15
5799.42651745054  7.011158E-15
5802.20287236612  6.571627E-15
5804.9792272817  6.599921E-15
5807.75558219728  6.326199E-15
5810.53193711286  6.691840E-15
5813.30829202844  6.827109E-15
5816.08464694402  6.579881E-15
5818.8610018596  6.629532E-15
5821.63735677518  7.151023E-15
5824.41371169076  6.817734E-15
5827.19006660633  6.369421E-15
5829.96642152192  6.706389E-15
5832.74277643749  6.746570E-15
5835.51913135307  6.587273E-15
5838.29548626865  6.783229E-15
5841.07184118423  6.807585E-15
5843.84819609981  6.581585E-15
5846.62455101539  6.783600E-15
5849.40090593097  6.715422E-15
5852.17726084655  7.028747E-15
5854.95361576213  6.571300E-15
5857.72997067771  6.909358E-15
5860.50632559329  6.570706E-15
5863.28268050887  6.762021E-15
5866.05903542445  6.978507E-15
5868.83539034003  7.095999E-15
5871.61174525561  7.308376E-15
5874.38810017119  6.791167E-15
5877.16445508677  6.759724E-15
5879.94081000235  6.326080E-15
5882.71716491793  6.739330E-15
5885.49351983351  6.849064E-15
5888.26987474909  6.394192E-15
5891.04622966467  6.417757E-15
5893.82258458025  6.444235E-15
5896.59893949583  6.251237E-15
5899.37529441141  6.550930E-15
5902.15164932699  6.337095E-15
5904.92800424257  6.511492E-15
5907.70435915815  6.775652E-15
5910.48071407373  6.534530E-15
5913.25706898931  6.662337E-15
5916.03342390489  6.436650E-15
5918.80977882047  6.135382E-15
5921.58613373604  6.098027E-15
5924.36248865163  7.002122E-15
5927.1388435672  6.781464E-15
5929.91519848278  5.809050E-15
5932.69155339836  6.208014E-15
5935.46790831394  6.482598E-15
5938.24426322952  6.417094E-15
5941.0206181451  6.267266E-15
5943.79697306068  6.254496E-15
5946.57332797626  6.360852E-15
5949.34968289184  6.199477E-15
5952.12603780742  5.936707E-15
5954.902392723  6.334103E-15
5957.67874763858  6.459308E-15
5960.45510255416  5.883271E-15
5963.23145746974  6.068031E-15
5966.00781238532  6.336918E-15
5968.7841673009  6.037592E-15
5971.56052221648  5.903595E-15
5974.33687713206  5.888175E-15
5977.11323204764  5.833737E-15
5979.88958696322  6.296417E-15
5982.6659418788  6.635327E-15
5985.44229679438  6.219626E-15
5988.21865170996  6.250803E-15
5990.99500662554  6.165589E-15
5993.77136154112  6.235505E-15
5996.5477164567  6.413888E-15
5999.32407137228  6.202404E-15
6002.10042628786  6.245288E-15
6004.87678120344  6.385335E-15
6007.65313611902  6.379576E-15
6010.42949103459  6.148590E-15
6013.20584595018  6.043357E-15
6015.98220086575  5.645098E-15
6018.75855578134  5.740893E-15
6021.53491069691  6.018734E-15
6024.31126561249  5.885841E-15
6027.08762052807  5.908029E-15
6029.86397544365  6.070353E-15
6032.64033035923  6.289907E-15
6035.41668527481  6.362258E-15
6038.19304019039  6.109158E-15
6040.96939510597  6.046673E-15
6043.74575002155  6.078248E-15
6046.52210493713  6.376007E-15
6049.29845985271  6.347232E-15
6052.07481476829  6.186796E-15
6054.85116968387  5.911824E-15
6057.62752459945  6.012276E-15
6060.40387951503  6.202148E-15
6063.18023443061  6.365085E-15
6065.95658934619  6.145750E-15
6068.73294426177  5.967708E-15
6071.50929917735  6.310863E-15
6074.28565409293  6.100712E-15
6077.06200900851  6.067255E-15
6079.83836392409  6.059651E-15
6082.61471883967  6.062989E-15
6085.39107375525  6.132946E-15
6088.16742867083  5.840559E-15
6090.94378358641  5.973431E-15
6093.72013850199  6.071408E-15
6096.49649341757  6.246056E-15
6099.27284833315  6.079311E-15
6102.04920324873  5.761245E-15
6104.82555816431  5.803812E-15
6107.60191307989  6.044394E-15
6110.37826799546  6.127592E-15
6113.15462291105  6.043920E-15
6115.93097782662  5.876177E-15
6118.7073327422  5.706133E-15
6121.48368765778  5.768827E-15
6124.26004257336  5.688212E-15
6127.03639748894  5.845648E-15
6129.81275240452  6.129570E-15
6132.5891073201  5.850817E-15
6135.36546223568  5.737371E-15
6138.14181715126  5.996129E-15
6140.91817206684  5.941580E-15
6143.69452698242  5.808175E-15
6146.470881898  5.511761E-15
6149.24723681358  6.045544E-15
6152.02359172916  6.024348E-15
6154.79994664474  5.706513E-15
6157.57630156032  5.465612E-15
6160.3526564759  5.844443E-15
6163.12901139148  6.065489E-15
6165.90536630706  5.728362E-15
6168.68172122264  5.992575E-15
6171.45807613822  5.802244E-15
6174.2344310538  5.820934E-15
6177.01078596938  6.021734E-15
6179.78714088496  5.836709E-15
6182.56349580054  5.703762E-15
6185.33985071612  5.460190E-15
6188.1162056317  5.799534E-15
6190.89256054728  6.051860E-15
6193.66891546286  6.136309E-15
6196.44527037844  6.103902E-15
6199.22162529402  6.001204E-15
6201.9979802096  5.847949E-15
6204.77433512517  5.772586E-15
6207.55069004076  5.876069E-15
6210.32704495633  5.702132E-15
6213.10339987191  5.752989E-15
6215.87975478749  5.707318E-15
6218.65610970307  5.867183E-15
6221.43246461865  6.097919E-15
6224.20881953423  5.782393E-15
6226.98517444981  5.672945E-15
6229.76152936539  5.973020E-15
6232.53788428097  5.553159E-15
6235.31423919655  5.797365E-15
6238.09059411213  6.076738E-15
6240.86694902771  5.762000E-15
6243.64330394329  5.562079E-15
6246.41965885887  5.364324E-15
6249.19601377445  5.700436E-15
6251.97236869003  5.827479E-15
6254.74872360561  5.613796E-15
6257.52507852119  5.777618E-15
6260.30143343677  6.158635E-15
6263.07778835235  5.667952E-15
6265.85414326793  5.836918E-15
6268.63049818351  5.665720E-15
6271.40685309909  5.571456E-15
6274.18320801467  5.531492E-15
6276.95956293025  5.588385E-15
6279.73591784583  5.465372E-15
6282.51227276141  5.515685E-15
6285.28862767699  5.279009E-15
6288.06498259257  5.241984E-15
6290.84133750815  5.528178E-15
6293.61769242373  5.611764E-15
6296.39404733931  5.834669E-15
6299.17040225488  5.493001E-15
6301.94675717047  5.148558E-15
6304.72311208604  5.261904E-15
6307.49946700162  5.413846E-15
6310.2758219172  5.417407E-15
6313.05217683278  5.558126E-15
6315.82853174836  5.458803E-15
6318.60488666394  5.479954E-15
6321.38124157952  5.429096E-15
6324.1575964951  5.452205E-15
6326.93395141068  5.463287E-15
6329.71030632626  5.291808E-15
6332.48666124184  5.549877E-15
6335.26301615742  5.295152E-15
6338.039371073  5.556747E-15
6340.81572598858  5.531863E-15
6343.59208090416  5.120714E-15
6346.36843581974  5.550999E-15
6349.14479073532  5.459273E-15
6351.9211456509  5.466091E-15
6354.69750056648  5.506440E-15
6357.47385548206  5.551593E-15
6360.25021039764  5.745195E-15
6363.02656531322  5.858535E-15
6365.8029202288  5.461390E-15
6368.57927514438  5.349672E-15
6371.35563005996  5.262928E-15
6374.13198497554  5.550473E-15
6376.90833989111  5.724478E-15
6379.6846948067  5.726275E-15
6382.46104972228  5.431485E-15
6385.23740463786  5.731013E-15
6388.01375955344  5.840471E-15
6390.79011446902  5.591820E-15
6393.56646938459  5.363577E-15
6396.34282430017  5.314729E-15
6399.11917921575  5.361820E-15
6401.89553413133  5.119587E-15
6404.67188904691  5.268653E-15
6407.44824396249  5.486761E-15
6410.22459887807  5.629552E-15
6413.00095379365  5.334698E-15
6415.77730870923  5.398603E-15
6418.55366362481  5.596615E-15
6421.33001854039  5.846916E-15
6424.10637345597  5.378718E-15
6426.88272837155  5.319146E-15
6429.65908328713  5.210443E-15
6432.43543820271  5.104520E-15
6435.21179311829  5.124372E-15
6437.98814803387  5.401115E-15
6440.76450294945  5.514243E-15
6443.54085786503  5.284756E-15
6446.31721278061  5.429879E-15
6449.09356769619  5.762762E-15
6451.86992261177  5.529299E-15
6454.64627752735  5.405617E-15
6457.42263244293  5.788956E-15
6460.19898735851  5.483240E-15
6462.97534227409  4.942975E-15
6465.75169718967  5.146098E-15
6468.52805210525  5.004329E-15
6471.30440702083  4.834125E-15
6474.08076193641  5.232682E-15
6476.85711685199  5.348999E-15
6479.63347176757  5.373529E-15
6482.40982668315  5.126366E-15
6485.18618159872  5.463210E-15
6487.9625365143  5.438818E-15
6490.73889142988  5.449801E-15
6493.51524634546  5.165928E-15
6496.29160126104  4.949243E-15
6499.06795617662  5.186996E-15
6501.8443110922  5.183948E-15
6504.62066600778  4.903746E-15
6507.39702092336  5.147173E-15
6510.17337583894  5.125379E-15
6512.94973075452  4.961160E-15
6515.7260856701  5.375708E-15
6518.50244058568  5.196831E-15
6521.27879550126  4.927787E-15
6524.05515041684  4.953892E-15
6526.83150533242  5.269118E-15
6529.607860248  5.058889E-15
6532.38421516358  4.892733E-15
6535.16057007916  5.007054E-15
6537.93692499474  5.583415E-15
6540.71327991032  5.339866E-15
6543.4896348259  5.467286E-15
6546.26598974148  6.308527E-15
6549.04234465706  6.720615E-15
6551.81869957264  7.279495E-15
6554.59505448822  8.048028E-15
6557.3714094038  8.830056E-15
6560.14776431938  8.895201E-15
6562.92411923496  8.560799E-15
6565.70047415053  8.620443E-15
6568.47682906612  7.709238E-15
6571.25318398169  6.638263E-15
6574.02953889728  5.847051E-15
6576.80589381286  5.165461E-15
6579.58224872843  5.314757E-15
6582.35860364401  4.861350E-15
6585.13495855959  5.062847E-15
6587.91131347517  4.960082E-15
6590.68766839076  4.621368E-15
6593.46402330633  4.875176E-15
6596.24037822191  4.881331E-15
6599.01673313749  5.177407E-15
6601.79308805307  4.841980E-15
6604.56944296865  5.039344E-15
6607.34579788423  5.217322E-15
6610.12215279981  4.999230E-15
6612.89850771539  4.879802E-15
6615.67486263097  4.871920E-15
6618.45121754655  5.078411E-15
6621.22757246213  5.168105E-15
6624.00392737771  5.020690E-15
6626.78028229329  4.889581E-15
6629.55663720887  4.637057E-15
6632.33299212445  4.561041E-15
6635.10934704003  4.962180E-15
6637.88570195561  5.064925E-15
6640.66205687119  5.159828E-15
6643.43841178677  5.334594E-15
6646.21476670235  5.078104E-15
6648.99112161793  4.764213E-15
6651.76747653351  4.660152E-15
6654.54383144909  4.626131E-15
6657.32018636467  4.871790E-15
6660.09654128025  5.020601E-15
6662.87289619583  4.795397E-15
6665.64925111141  4.939878E-15
6668.42560602698  4.694866E-15
6671.20196094257  4.640119E-15
6673.97831585815  5.138032E-15
6676.75467077372  5.000587E-15
6679.5310256893  5.078658E-15
6682.30738060488  5.111485E-15
6685.08373552046  4.957369E-15
6687.86009043604  5.235556E-15
6690.63644535162  5.044833E-15
6693.4128002672  4.813492E-15
6696.18915518278  4.909392E-15
6698.96551009836  5.019050E-15
6701.74186501394  5.123398E-15
6704.51821992952  5.084690E-15
6707.2945748451  4.715426E-15
6710.07092976068  4.710948E-15
6712.84728467626  4.506287E-15
6715.62363959184  4.716081E-15
6718.39999450742  4.781354E-15
6721.176349423  4.548650E-15
6723.95270433858  4.743434E-15
6726.72905925416  5.120947E-15
6729.50541416974  5.034121E-15
6732.28176908532  4.788405E-15
6735.0581240009  4.824949E-15
6737.83447891648  4.947943E-15
6740.61083383206  4.988200E-15
6743.38718874764  4.922482E-15
6746.16354366322  4.940606E-15
6748.9398985788  5.062756E-15
6751.71625349438  4.931157E-15
6754.49260840996  4.694464E-15
6757.26896332554  4.832262E-15
6760.04531824112  4.672898E-15
6762.82167315669  4.962469E-15
6765.59802807227  4.998022E-15
6768.37438298785  4.725384E-15
6771.15073790343  4.478372E-15
6773.92709281901  4.766209E-15
6776.70344773459  4.465532E-15
6779.47980265018  4.728892E-15
6782.25615756575  4.639533E-15
6785.03251248133  4.593692E-15
6787.80886739691  4.581442E-15
6790.58522231249  4.614757E-15
6793.36157722807  4.647440E-15
6796.13793214365  4.711583E-15
6798.91428705923  4.655886E-15
6801.69064197481  4.583387E-15
6804.46699689039  4.710288E-15
6807.24335180597  4.759064E-15
6810.01970672155  4.669069E-15
6812.79606163713  4.678217E-15
6815.57241655271  4.759452E-15
6818.34877146829  4.668673E-15
6821.12512638387  4.725795E-15
6823.90148129945  4.974635E-15
6826.67783621503  4.738991E-15
6829.45419113061  4.659175E-15
6832.23054604619  4.687264E-15
6835.00690096177  4.576681E-15
6837.78325587735  4.843564E-15
6840.55961079293  4.611628E-15
6843.33596570851  4.247119E-15
6846.11232062409  4.516556E-15
6848.88867553967  4.476371E-15
6851.66503045524  4.616568E-15
6854.44138537082  4.560299E-15
6857.21774028641  4.657739E-15
6859.99409520199  5.068042E-15
6862.77045011756  4.712519E-15
6865.54680503314  4.515422E-15
6868.32315994872  4.816968E-15
6871.0995148643  4.690497E-15
6873.87586977988  4.755999E-15
6876.65222469546  4.870860E-15
6879.42857961104  4.323487E-15
6882.20493452662  4.393688E-15
6884.9812894422  4.793459E-15
6887.75764435778  4.582195E-15
6890.53399927336  4.701966E-15
6893.31035418894  4.650550E-15
6896.08670910452  4.211210E-15
6898.8630640201  4.667898E-15
6901.63941893568  4.795823E-15
6904.41577385126  4.397562E-15
6907.19212876684  4.814232E-15
6909.96848368242  4.884244E-15
6912.744838598  4.783797E-15
6915.52119351358  4.307035E-15
6918.29754842916  4.493601E-15
6921.07390334474  4.138485E-15
6923.85025826032  4.544888E-15
6926.6266131759  4.533665E-15
6929.40296809148  4.605698E-15
6932.17932300706  4.579805E-15
6934.95567792264  4.174567E-15
6937.73203283822  4.691826E-15
6940.5083877538  4.542055E-15
6943.28474266938  4.243918E-15
6946.06109758495  4.567510E-15
6948.83745250054  4.757484E-15
6951.61380741612  4.893852E-15
6954.39016233169  4.472596E-15
6957.16651724727  4.044096E-15
6959.94287216285  4.170677E-15
6962.71922707843  4.307361E-15
6965.49558199401  4.576057E-15
6968.27193690959  4.848173E-15
6971.04829182517  4.830858E-15
6973.82464674075  4.540378E-15
6976.60100165633  4.455724E-15
6979.37735657191  4.594075E-15
6982.15371148749  4.398030E-15
6984.93006640307  4.448825E-15
6987.70642131865  4.548281E-15
6990.48277623423  4.798852E-15
6993.25913114981  4.561557E-15
6996.03548606539  4.426227E-15
6998.81184098097  4.684161E-15
7001.58819589655  4.561962E-15
7004.36455081213  4.304578E-15
7007.14090572771  4.372788E-15
7009.91726064329  4.392040E-15
7012.69361555887  4.508119E-15
7015.46997047445  4.347357E-15
7018.24632539003  4.418239E-15
7021.02268030561  4.564434E-15
7023.79903522119  4.360682E-15
7026.57539013677  4.242961E-15
7029.35174505235  4.403193E-15
7032.12809996793  4.554091E-15
7034.90445488351  4.463731E-15
7037.68080979909  4.256846E-15
7040.45716471466  4.229416E-15
7043.23351963024  4.322186E-15
7046.00987454583  4.345521E-15
7048.7862294614  4.420831E-15
7051.56258437698  4.418469E-15
7054.33893929256  4.306090E-15
7057.11529420814  4.567294E-15
7059.89164912372  4.627328E-15
7062.6680040393  4.832472E-15
7065.44435895488  4.635873E-15
7068.22071387046  4.558316E-15
7070.99706878604  4.531967E-15
7073.77342370162  4.571106E-15
7076.5497786172  4.155906E-15
7079.32613353278  4.231841E-15
7082.10248844836  4.250801E-15
7084.87884336394  4.385445E-15
7087.65519827952  4.480593E-15
7090.4315531951  4.174745E-15
7093.20790811068  4.174011E-15
7095.98426302626  4.195033E-15
7098.76061794184  3.995799E-15
7101.53697285742  4.030137E-15
7104.313327773  4.183525E-15
7107.08968268858  4.307045E-15
7109.86603760416  4.366822E-15
7112.64239251974  4.501997E-15
7115.41874743532  4.302240E-15
7118.1951023509  4.321648E-15
7120.97145726648  4.336718E-15
7123.74781218206  4.169432E-15
7126.52416709764  4.229517E-15
7129.30052201322  4.047323E-15
7132.0768769288  4.264385E-15
7134.85323184437  4.306091E-15
7137.62958675996  4.427860E-15
7140.40594167553  4.258010E-15
7143.18229659112  4.260038E-15
7145.95865150669  4.229133E-15
7148.73500642227  4.270765E-15
7151.51136133785  4.277654E-15
7154.28771625343  4.266507E-15
7157.06407116901  4.256172E-15
7159.84042608459  4.239942E-15
7162.61678100017  4.106147E-15
7165.39313591575  3.877971E-15
7168.16949083133  3.881480E-15
7170.94584574691  4.059870E-15
7173.72220066249  4.132781E-15
7176.49855557807  3.993342E-15
7179.27491049365  3.969496E-15
7182.05126540923  3.862823E-15
7184.82762032481  3.765847E-15
7187.60397524039  3.839846E-15
7190.38033015597  3.711575E-15
7193.15668507155  3.953523E-15
7195.93303998713  3.791837E-15
7198.70939490271  3.576557E-15
7201.48574981829  3.824043E-15
7204.26210473387  3.915684E-15
7207.03845964945  4.137873E-15
7209.81481456503  4.135109E-15
7212.59116948061  4.123855E-15
7215.36752439619  3.794168E-15
7218.14387931177  3.971036E-15
7220.92023422735  4.430093E-15
7223.69658914293  4.079125E-15
7226.47294405851  3.758671E-15
7229.24929897409  3.854861E-15
7232.02565388966  3.661310E-15
7234.80200880524  3.795389E-15
7237.57836372083  4.103337E-15
7240.3547186364  3.700332E-15
7243.13107355198  3.888091E-15
7245.90742846756  3.793323E-15
7248.68378338314  3.976982E-15
7251.46013829872  4.254111E-15
7254.2364932143  3.837228E-15
7257.01284812988  4.139863E-15
7259.78920304546  4.045398E-15
7262.56555796104  3.831504E-15
7265.34191287662  3.959995E-15
7268.1182677922  4.131686E-15
7270.89462270778  4.239738E-15
7273.67097762336  3.969946E-15
7276.44733253894  3.679014E-15
7279.22368745452  3.652146E-15
7282.0000423701  3.554568E-15
7284.77639728568  3.681274E-15
7287.55275220126  3.942896E-15
7290.32910711684  4.195158E-15
7293.10546203242  3.987940E-15
7295.881816948  3.426614E-15
7298.65817186358  3.666987E-15
7301.43452677916  3.518955E-15
7304.21088169474  3.607657E-15
7306.98723661032  4.035598E-15
7309.7635915259  3.908700E-15
7312.53994644148  3.284467E-15
7315.31630135706  3.768728E-15
7318.09265627264  3.977293E-15
7320.86901118822  3.916339E-15
7323.6453661038  4.068866E-15
7326.42172101938  4.102713E-15
7329.19807593495  3.880932E-15
7331.97443085053  3.635393E-15
7334.75078576611  3.740829E-15
7337.52714068169  3.963361E-15
7340.30349559727  3.963249E-15
7343.07985051285  3.850102E-15
7345.85620542843  3.513587E-15
7348.63256034401  3.475919E-15
7351.40891525959  3.843249E-15
7354.18527017517  4.013434E-15
7356.96162509075  3.981267E-15
7359.73798000633  3.634801E-15
7362.51433492191  3.709701E-15
7365.29068983749  3.871525E-15
7368.06704475307  3.660330E-15
7370.84339966865  4.023982E-15
7373.61975458423  3.799977E-15
7376.39610949981  3.485037E-15
7379.17246441539  3.685971E-15
7381.94881933097  3.469391E-15
7384.72517424655  3.403766E-15
7387.50152916213  3.872397E-15
7390.27788407771  3.720044E-15
7393.05423899329  3.621330E-15
7395.83059390887  3.664431E-15
7398.60694882445  3.966267E-15
7401.38330374003  3.938634E-15
7404.15965865561  3.694369E-15
7406.93601357119  3.773518E-15
7409.71236848677  3.779075E-15
7412.48872340235  3.711484E-15
7415.26507831793  3.846286E-15
7418.04143323351  3.953832E-15
7420.81778814909  3.776781E-15
7423.59414306466  3.696545E-15
7426.37049798024  3.622906E-15
7429.14685289582  3.734257E-15
7431.9232078114  3.542666E-15
7434.69956272698  3.926329E-15
7437.47591764256  3.550445E-15
7440.25227255814  3.517311E-15
7443.02862747372  3.806123E-15
7445.8049823893  3.893182E-15
7448.58133730488  3.664585E-15
7451.35769222046  3.828934E-15
7454.13404713604  3.747612E-15
7456.91040205162  3.772614E-15
7459.6867569672  3.681699E-15
7462.46311188278  3.535979E-15
7465.23946679836  3.608501E-15
7468.01582171394  3.730169E-15
7470.79217662952  3.894544E-15
7473.5685315451  3.745138E-15
7476.34488646068  3.592567E-15
7479.12124137626  3.519914E-15
7481.89759629184  3.538677E-15
7484.67395120742  3.847636E-15
7487.450306123  3.434619E-15
7490.22666103858  3.577954E-15
7493.00301595416  3.468806E-15
7495.77937086974  3.473017E-15
7498.55572578532  3.434364E-15
7501.3320807009  3.685340E-15
7504.10843561648  3.930778E-15
7506.88479053206  3.715505E-15
7509.66114544764  3.704333E-15
7512.43750036321  3.823527E-15
7515.2138552788  3.968136E-15
7517.99021019437  3.981395E-15
7520.76656510995  3.748943E-15
7523.54292002553  3.451413E-15
7526.31927494111  3.649042E-15
7529.09562985669  3.941910E-15
7531.87198477227  3.658291E-15
7534.64833968785  3.699077E-15
7537.42469460343  3.823128E-15
7540.20104951901  4.087738E-15
7542.97740443459  4.069026E-15
7545.75375935017  3.852659E-15
7548.53011426575  3.672264E-15
7551.30646918133  3.871844E-15
7554.08282409691  3.954661E-15
7556.85917901249  3.897649E-15
7559.63553392807  3.986825E-15
7562.41188884365  3.657736E-15
7565.18824375923  3.657251E-15
7567.96459867481  3.663769E-15
7570.74095359039  3.543417E-15
7573.51730850597  3.800765E-15
7576.29366342155  3.736774E-15
7579.07001833713  3.570537E-15
7581.84637325271  3.721121E-15
7584.62272816829  3.502292E-15
7587.39908308387  3.523372E-15
7590.17543799945  3.845869E-15
7592.95179291503  3.397210E-15
7595.72814783061  3.550587E-15
7598.50450274619  3.993906E-15
7601.28085766177  3.133415E-15
7604.05721257735  3.444356E-15
7606.83356749292  3.656888E-15
7609.60992240851  3.307143E-15
7612.38627732408  3.628722E-15
7615.16263223967  3.670885E-15
7617.93898715524  4.233308E-15
7620.71534207082  3.974791E-15
7623.4916969864  3.823083E-15
7626.26805190198  3.732276E-15
7629.04440681756  3.601429E-15
7631.82076173314  3.464140E-15
7634.59711664872  3.553864E-15
7637.3734715643  3.488938E-15
7640.14982647988  3.320518E-15
7642.92618139546  3.421532E-15
7645.70253631104  3.350371E-15
7648.47889122662  3.615965E-15
7651.2552461422  3.381636E-15
7654.03160105778  3.524082E-15
7656.80795597336  3.491166E-15
7659.58431088894  3.381502E-15
7662.36066580452  3.474964E-15
7665.1370207201  3.316108E-15
7667.91337563568  2.971538E-15
7670.68973055126  3.326708E-15
7673.46608546684  3.506125E-15
7676.24244038242  3.384853E-15
7679.018795298  3.169910E-15
7681.79515021358  3.178536E-15
7684.57150512916  2.810676E-15
7687.34786004474  2.839462E-15
7690.12421496032  3.500749E-15
7692.9005698759  3.640583E-15
7695.67692479148  3.368200E-15
7698.45327970706  3.284300E-15
7701.22963462264  3.279141E-15
7704.00598953821  3.107029E-15
7706.78234445379  3.238259E-15
7709.55869936937  3.333663E-15
7712.33505428495  3.519538E-15
7715.11140920053  2.885300E-15
7717.88776411611  3.110784E-15
7720.66411903169  3.388985E-15
7723.44047394727  3.180890E-15
7726.21682886285  3.115444E-15
7728.99318377843  3.274832E-15
7731.76953869401  3.433682E-15
7734.54589360959  3.358773E-15
7737.32224852517  3.314709E-15
7740.09860344075  3.338464E-15
7742.87495835633  3.244477E-15
7745.65131327191  3.036233E-15
7748.42766818749  3.091537E-15
7751.20402310307  3.442135E-15
7753.98037801865  3.499648E-15
7756.75673293423  3.413609E-15
7759.53308784981  3.342261E-15
7762.30944276539  3.136728E-15
7765.08579768097  3.373965E-15
7767.86215259655  3.522730E-15
7770.63850751213  3.119613E-15
7773.41486242771  3.155234E-15
7776.19121734329  3.333316E-15
7778.96757225887  3.527794E-15
7781.74392717445  3.489800E-15
7784.52028209003  3.166052E-15
7787.29663700561  3.130558E-15
7790.07299192119  3.315280E-15
7792.84934683677  3.564978E-15
7795.62570175234  3.248075E-15
7798.40205666793  2.975193E-15
7801.1784115835  3.266602E-15
7803.95476649909  3.391566E-15
7806.73112141466  3.320798E-15
7809.50747633024  3.243194E-15
7812.28383124582  3.286582E-15
7815.0601861614  3.390240E-15
7817.83654107698  3.460828E-15
7820.61289599256  3.260529E-15
7823.38925090814  3.273006E-15
7826.16560582372  3.502543E-15
7828.9419607393  3.210827E-15
7831.71831565488  3.337756E-15
7834.49467057046  3.246060E-15
7837.27102548604  3.359091E-15
7840.04738040162  3.736358E-15
7842.8237353172  3.432576E-15
7845.60009023278  3.319621E-15
7848.37644514836  3.323385E-15
7851.15280006394  3.315373E-15
7853.92915497952  3.417631E-15
7856.7055098951  3.450049E-15
7859.48186481068  3.312730E-15
7862.25821972626  3.117780E-15
7865.03457464184  3.469930E-15
7867.81092955742  3.402176E-15
7870.587284473  2.998028E-15
7873.36363938858  3.122620E-15
7876.13999430416  3.272305E-15
7878.91634921974  3.053021E-15
7881.69270413532  3.008033E-15
7884.4690590509  3.092914E-15
7887.24541396648  3.191388E-15
7890.02176888206  3.456064E-15
7892.79812379764  3.334950E-15
7895.57447871321  3.310174E-15
7898.3508336288  3.249801E-15
7901.12718854437  3.151047E-15
7903.90354345995  3.300719E-15
7906.67989837553  3.379655E-15
7909.45625329111  3.164395E-15
7912.23260820669  3.035398E-15
7915.00896312227  3.255347E-15
7917.78531803785  3.321864E-15
7920.56167295343  3.188514E-15
7923.33802786901  3.424934E-15
7926.11438278459  3.312728E-15
7928.89073770017  3.181164E-15
7931.66709261575  3.510803E-15
7934.44344753133  3.356623E-15
7937.21980244691  3.375816E-15
7939.99615736249  3.241645E-15
7942.77251227807  3.062630E-15
7945.54886719365  3.108570E-15
7948.32522210923  3.225726E-15
7951.10157702481  3.155165E-15
7953.87793194039  3.203102E-15
7956.65428685597  3.185874E-15
7959.43064177155  2.805384E-15
7962.20699668713  2.910044E-15
7964.98335160271  3.179379E-15
7967.75970651829  2.976091E-15
7970.53606143387  3.120041E-15
7973.31241634945  3.139837E-15
7976.08877126503  3.230987E-15
7978.86512618061  3.389951E-15
7981.64148109619  3.231626E-15
7984.41783601176  3.122875E-15
7987.19419092735  3.330531E-15
7989.97054584292  3.336634E-15
7992.74690075851  3.149141E-15
7995.52325567408  2.865103E-15
7998.29961058966  3.157951E-15
8001.07596550524  2.954385E-15
8003.85232042082  2.774353E-15
8006.6286753364  2.960289E-15
8009.40503025198  2.937429E-15
8012.18138516756  3.010989E-15
8014.95774008314  2.997075E-15
8017.73409499872  2.804072E-15
8020.5104499143  2.974841E-15
8023.28680482988  3.015957E-15
8026.06315974546  2.990522E-15
8028.83951466104  3.109239E-15
8031.61586957662  2.796994E-15
8034.3922244922  2.925398E-15
8037.16857940778  3.074633E-15
8039.94493432336  2.958651E-15
8042.72128923894  3.181305E-15
8045.49764415452  2.757696E-15
8048.2739990701  3.117177E-15
8051.05035398568  2.954016E-15
8053.82670890126  2.611878E-15
8056.60306381684  2.974985E-15
8059.37941873242  3.132550E-15
8062.155773648  3.043015E-15
8064.93212856357  2.921619E-15
8067.70848347916  2.794408E-15
8070.48483839474  2.915784E-15
8073.26119331031  3.114504E-15
8076.03754822589  3.280098E-15
8078.81390314148  3.233335E-15
8081.59025805706  2.948570E-15
8084.36661297263  2.785149E-15
8087.14296788822  3.190038E-15
8089.91932280379  3.155652E-15
8092.69567771937  3.029400E-15
8095.47203263495  2.676598E-15
8098.24838755053  2.995423E-15
8101.02474246611  3.115126E-15
8103.80109738169  3.018312E-15
8106.57745229727  2.895678E-15
8109.35380721285  2.808719E-15
8112.13016212843  2.920528E-15
8114.90651704401  2.953691E-15
8117.68287195959  3.077650E-15
8120.45922687517  2.922727E-15
8123.23558179075  2.534368E-15
8126.01193670633  2.611462E-15
8128.78829162191  2.711136E-15
8131.56464653749  2.910331E-15
8134.34100145307  3.011138E-15
8137.11735636865  3.276863E-15
8139.89371128423  2.569062E-15
8142.67006619981  2.650450E-15
8145.44642111539  2.708046E-15
8148.22277603097  2.773386E-15
8150.99913094655  2.717063E-15
8153.77548586213  2.632305E-15
8156.55184077771  2.856605E-15
8159.32819569329  2.582340E-15
8162.10455060886  2.738058E-15
8164.88090552445  2.848653E-15
8167.65726044003  2.675336E-15
8170.43361535561  2.374180E-15
8173.20997027118  2.505876E-15
8175.98632518676  2.996317E-15
8178.76268010234  2.535545E-15
8181.53903501792  2.349195E-15
8184.3153899335  2.783438E-15
8187.09174484908  2.764923E-15
8189.86809976466  2.834538E-15
8192.64445468024  2.734469E-15
8195.42080959582  2.720092E-15
8198.1971645114  2.571087E-15
8200.97351942698  2.770329E-15
8203.74987434256  2.742717E-15
8206.52622925814  2.754687E-15
8209.30258417372  2.685225E-15
8212.0789390893  2.714121E-15
8214.85529400488  2.742230E-15
8217.63164892046  2.917661E-15
8220.40800383604  2.901297E-15
8223.18435875162  2.871550E-15
8225.9607136672  2.700064E-15
8228.73706858278  2.435603E-15
8231.51342349836  2.650290E-15
8234.28977841394  2.640897E-15
8237.06613332952  2.866292E-15
8239.8424882451  2.730108E-15
8242.61884316068  2.349331E-15
8245.39519807626  2.744424E-15
8248.17155299184  3.057841E-15
8250.94790790742  3.151237E-15
8253.724262823  2.596819E-15
8256.50061773858  2.555647E-15
8259.27697265415  2.474486E-15
8262.05332756974  2.952318E-15
8264.82968248532  2.966068E-15
8267.60603740089  3.018925E-15
8270.38239231647  2.842594E-15
8273.15874723205  2.476867E-15
8275.93510214764  2.914838E-15
8278.71145706321  3.210069E-15
8281.48781197879  2.944362E-15
8284.26416689437  2.787418E-15
8287.04052180995  2.589094E-15
8289.81687672553  2.711965E-15
8292.59323164111  2.661361E-15
8295.36958655669  2.750460E-15
8298.14594147227  2.721487E-15
8300.92229638785  2.799240E-15
8303.69865130343  2.638303E-15
8306.47500621901  2.779120E-15
8309.25136113459  2.785176E-15
8312.02771605017  2.695317E-15
8314.80407096575  2.450452E-15
8317.58042588133  2.825464E-15
8320.35678079691  2.896873E-15
8323.13313571249  2.545689E-15
8325.90949062807  2.314488E-15
8328.68584554365  2.768395E-15
8331.46220045923  3.165181E-15
8334.23855537481  3.101793E-15
8337.01491029039  3.133579E-15
8339.79126520597  2.559730E-15
8342.56762012155  3.033254E-15
8345.34397503712  3.195406E-15
8348.12032995271  2.902564E-15
8350.89668486829  2.721891E-15
8353.67303978387  3.199683E-15
8356.44939469944  3.011495E-15
8359.22574961502  2.851410E-15
8362.00210453061  2.836920E-15
8364.77845944619  2.702592E-15
8367.55481436176  2.767191E-15
8370.33116927734  2.714794E-15
8373.10752419292  2.925135E-15
8375.8838791085  2.649080E-15
8378.66023402408  2.623299E-15
8381.43658893966  2.971554E-15
8384.21294385524  3.087147E-15
8386.98929877082  3.184208E-15
8389.7656536864  2.662410E-15
8392.54200860198  2.637995E-15
8395.31836351756  2.973997E-15
8398.09471843314  2.975320E-15
8400.87107334872  2.457126E-15
8403.6474282643  2.776662E-15
8406.42378317988  2.793265E-15
8409.20013809546  2.774368E-15
8411.97649301104  2.953325E-15
8414.75284792662  2.768319E-15
8417.5292028422  2.485414E-15
8420.30555775778  2.656607E-15
8423.08191267336  2.713952E-15
8425.85826758894  2.728193E-15
8428.63462250452  2.930078E-15
8431.4109774201  2.976804E-15
8434.18733233568  2.915465E-15
8436.96368725126  2.698924E-15
8439.74004216684  2.648102E-15
8442.51639708242  2.893002E-15
8445.292751998  2.643719E-15
8448.06910691358  2.790552E-15
8450.84546182916  2.872305E-15
8453.62181674473  2.568340E-15
8456.39817166031  2.636832E-15
8459.1745265759  2.645929E-15
8461.95088149147  2.570164E-15
8464.72723640705  2.722623E-15
8467.50359132263  2.959663E-15
8470.27994623821  2.702186E-15
8473.05630115379  2.659497E-15
8475.83265606937  2.751289E-15
8478.60901098495  2.759694E-15
8481.38536590053  2.880086E-15
8484.16172081611  2.931303E-15
8486.93807573169  3.070471E-15
8489.71443064727  2.955903E-15
8492.49078556285  2.451721E-15
8495.26714047843  2.583983E-15
8498.04349539401  2.830354E-15
8500.81985030959  2.641601E-15
8503.59620522517  2.521537E-15
8506.37256014075  2.673033E-15
8509.14891505633  2.661553E-15
8511.92526997191  2.515127E-15
8514.70162488749  2.685797E-15
8517.47797980307  2.512821E-15
8520.25433471865  2.640748E-15
8523.03068963423  2.669470E-15
8525.80704454981  2.377740E-15
8528.58339946539  2.579558E-15
8531.35975438097  2.667392E-15
8534.13610929655  2.543181E-15
8536.91246421213  2.570151E-15
8539.6888191277  2.857476E-15
8542.46517404328  2.882021E-15
8545.24152895887  2.470170E-15
8548.01788387445  2.519004E-15
8550.79423879002  2.608449E-15
8553.5705937056  2.717656E-15
8556.34694862118  2.598145E-15
8559.12330353676  2.322515E-15
8561.89965845234  2.468647E-15
8564.67601336792  2.531550E-15
8567.4523682835  2.782740E-15
8570.22872319908  2.656000E-15
8573.00507811466  2.397887E-15
8575.78143303024  2.363497E-15
8578.55778794582  2.406944E-15
8581.3341428614  2.637243E-15
8584.11049777698  2.449330E-15
8586.88685269256  2.479048E-15
8589.66320760814  2.541459E-15
8592.43956252372  2.428895E-15
8595.2159174393  2.696415E-15
8597.99227235488  2.820559E-15
8600.76862727046  2.566802E-15
8603.54498218604  2.086550E-15
8606.32133710162  2.181169E-15
8609.0976920172  2.730998E-15
8611.87404693278  2.438626E-15
8614.65040184836  2.318339E-15
8617.42675676394  2.313832E-15
8620.20311167952  2.584561E-15
8622.97946659509  2.972656E-15
8625.75582151068  2.602326E-15
8628.53217642626  2.212542E-15
8631.30853134184  2.323343E-15
8634.08488625742  2.404676E-15
8636.861241173  2.555914E-15
8639.63759608857  2.605279E-15
8642.41395100416  2.525866E-15
8645.19030591974  2.336454E-15
8647.96666083531  2.236082E-15
8650.74301575089  2.372747E-15
8653.51937066647  2.302115E-15
8656.29572558205  2.445645E-15
8659.07208049763  2.690442E-15
8661.84843541321  2.472483E-15
8664.62479032879  2.380832E-15
8667.40114524437  2.362598E-15
8670.17750015995  2.173185E-15
8672.95385507553  2.298963E-15
8675.73020999111  2.592312E-15
8678.50656490669  2.662850E-15
8681.28291982227  2.213598E-15
8684.05927473785  2.222496E-15
8686.83562965343  2.603096E-15
8689.61198456901  2.544548E-15
8692.38833948459  2.498382E-15
8695.16469440017  2.650793E-15
8697.94104931575  2.714031E-15
8700.71740423133  2.483983E-15
8703.49375914691  2.273338E-15
8706.27011406249  2.618730E-15
8709.04646897807  2.702114E-15
8711.82282389365  2.478866E-15
8714.59917880923  2.825454E-15
8717.37553372481  2.699603E-15
8720.15188864039  2.671879E-15
8722.92824355597  2.644296E-15
8725.70459847155  2.280226E-15
8728.48095338713  2.474688E-15
8731.25730830271  2.200403E-15
8734.03366321828  2.312928E-15
8736.81001813386  2.303664E-15
8739.58637304945  2.274838E-15
8742.36272796502  2.404234E-15
8745.1390828806  2.675219E-15
8747.91543779618  2.485501E-15
8750.69179271176  2.550418E-15
8753.46814762734  2.561162E-15
8756.24450254292  2.427469E-15
8759.0208574585  2.716501E-15
8761.79721237408  2.496495E-15
8764.57356728966  2.622577E-15
8767.34992220524  2.494916E-15
8770.12627712082  2.196345E-15
8772.9026320364  2.089752E-15
8775.67898695198  2.394232E-15
8778.45534186756  2.065951E-15
8781.23169678314  2.316320E-15
8784.00805169872  2.253665E-15
8786.7844066143  2.103383E-15
8789.56076152988  2.136751E-15
8792.33711644546  2.023798E-15
8795.11347136104  2.166058E-15
8797.88982627662  2.216563E-15
8800.6661811922  2.171002E-15
8803.44253610778  1.915710E-15
8806.21889102336  1.927171E-15
8808.99524593894  2.119252E-15
8811.77160085452  2.115277E-15
8814.5479557701  2.167544E-15
8817.32431068567  1.826864E-15
8820.10066560126  1.911335E-15
8822.87702051683  2.159796E-15
8825.65337543242  1.963733E-15
8828.429730348  2.229894E-15
8831.20608526358  2.209999E-15
