3861.5307863759  7.015741E-15
3864.30714129148  9.413122E-15
3867.08349620706  9.567911E-15
3869.85985112264  9.059383E-15
3872.63620603822  1.034283E-14
3875.4125609538  7.902378E-15
3878.18891586938  1.006276E-14
3880.96527078496  9.671567E-15
3883.74162570054  5.630199E-15
3886.51798061612  7.200226E-15
3889.2943355317  6.912839E-15
3892.07069044728  8.893657E-15
3894.84704536286  9.601025E-15
3897.62340027844  8.618726E-15
3900.39975519402  7.672064E-15
3903.1761101096  9.315388E-15
3905.95246502518  9.848911E-15
3908.72881994076  9.264437E-15
3911.50517485634  1.034677E-14
3914.28152977192  9.261016E-15
3917.0578846875  1.071721E-14
3919.83423960308  9.416861E-15
3922.61059451866  1.056029E-14
3925.38694943424  9.098033E-15
3928.16330434982  7.558584E-15
3930.9396592654  7.018446E-15
3933.71601418098  8.846593E-15
3936.49236909656  9.487503E-15
3939.26872401214  9.301232E-15
3942.04507892772  1.068532E-14
3944.82143384329  9.054243E-15
3947.59778875887  9.587329E-15
3950.37414367445  8.081926E-15
3953.15049859003  8.376214E-15
3955.92685350561  8.548601E-15
3958.70320842119  7.987625E-15
3961.47956333677  7.182377E-15
3964.25591825235  6.169803E-15
3967.03227316793  6.832687E-15
3969.80862808351  6.282986E-15
3972.58498299909  7.158736E-15
3975.36133791467  7.653290E-15
3978.13769283025  7.448184E-15
3980.91404774583  7.928608E-15
3983.69040266141  7.983647E-15
3986.46675757699  8.286306E-15
3989.24311249257  8.458438E-15
3992.01946740815  9.030004E-15
3994.79582232373  8.458835E-15
3997.57217723931  8.443642E-15
4000.34853215489  8.024318E-15
4003.12488707047  8.763371E-15
4005.90124198605  9.401157E-15
4008.67759690163  7.896355E-15
4011.45395181721  7.056879E-15
4014.23030673279  8.360717E-15
4017.00666164837  7.338315E-15
4019.78301656395  6.496037E-15
4022.55937147953  7.492206E-15
4025.33572639511  7.347690E-15
4028.11208131069  7.415888E-15
4030.88843622627  6.812176E-15
4033.66479114185  8.206977E-15
4036.44114605743  8.522653E-15
4039.21750097301  8.900312E-15
4041.99385588858  8.205902E-15
4044.77021080416  8.147455E-15
4047.54656571974  8.386166E-15
4050.32292063532  7.003752E-15
4053.0992755509  7.622389E-15
4055.87563046648  8.980013E-15
4058.65198538206  7.966610E-15
4061.42834029764  7.647706E-15
4064.20469521322  8.378486E-15
4066.9810501288  9.091618E-15
4069.75740504438  8.446380E-15
4072.53375995996  8.428538E-15
4075.31011487554  8.342444E-15
4078.08646979112  8.007860E-15
4080.8628247067  8.450445E-15
4083.63917962228  8.581310E-15
4086.41553453786  8.598493E-15
4089.19188945344  8.879034E-15
4091.96824436902  7.868349E-15
4094.7445992846  7.653873E-15
4097.52095420018  7.439745E-15
4100.29730911576  7.039985E-15
4103.07366403134  7.294607E-15
4105.85001894692  6.987441E-15
4108.6263738625  7.685951E-15
4111.40272877808  8.181202E-15
4114.17908369366  8.013128E-15
4116.95543860924  8.016914E-15
4119.73179352482  8.366703E-15
4122.5081484404  7.480738E-15
4125.28450335598  7.844236E-15
4128.06085827156  7.446402E-15
4130.83721318714  8.151632E-15
4133.61356810271  8.787601E-15
4136.38992301829  7.621707E-15
4139.16627793387  8.128315E-15
4141.94263284945  7.387182E-15
4144.71898776503  7.844978E-15
4147.49534268061  9.034745E-15
4150.27169759619  8.973304E-15
4153.04805251177  8.800980E-15
4155.82440742735  8.338355E-15
4158.60076234293  7.869615E-15
4161.37711725851  8.021440E-15
4164.15347217409  9.162495E-15
4166.92982708967  7.463468E-15
4169.70618200525  8.279357E-15
4172.48253692083  8.861512E-15
4175.25889183641  8.758554E-15
4178.03524675199  9.261420E-15
4180.81160166757  8.419473E-15
4183.58795658315  8.344293E-15
4186.36431149873  9.277117E-15
4189.14066641431  8.270819E-15
4191.91702132989  8.204077E-15
4194.69337624547  9.269022E-15
4197.46973116105  8.247894E-15
4200.24608607663  7.759499E-15
4203.02244099221  7.622554E-15
4205.79879590779  9.010463E-15
4208.57515082337  9.410689E-15
4211.35150573895  8.511835E-15
4214.12786065453  8.061446E-15
4216.90421557011  7.786820E-15
4219.68057048569  8.088414E-15
4222.45692540127  8.299198E-15
4225.23328031684  8.527702E-15
4228.00963523242  8.464454E-15
4230.785990148  8.770124E-15
4233.56234506358  8.243702E-15
4236.33869997916  8.128870E-15
4239.11505489474  8.440177E-15
4241.89140981032  8.345545E-15
4244.6677647259  8.185048E-15
4247.44411964148  8.074752E-15
4250.22047455706  8.271610E-15
4252.99682947264  8.180681E-15
4255.77318438822  8.157542E-15
4258.5495393038  8.381105E-15
4261.32589421938  8.385021E-15
4264.10224913496  8.757598E-15
4266.87860405054  8.265716E-15
4269.65495896612  7.726926E-15
4272.4313138817  7.890671E-15
4275.20766879728  8.322703E-15
4277.98402371286  8.159599E-15
4280.76037862844  7.601961E-15
4283.53673354402  8.357942E-15
4286.3130884596  7.808830E-15
4289.08944337518  8.053567E-15
4291.86579829076  8.238763E-15
4294.64215320634  8.377214E-15
4297.41850812192  8.375960E-15
4300.1948630375  7.941342E-15
4302.97121795308  8.078041E-15
4305.74757286866  7.768340E-15
4308.52392778424  8.183199E-15
4311.30028269982  8.440167E-15
4314.0766376154  8.353311E-15
4316.85299253098  7.349201E-15
4319.62934744656  7.464365E-15
4322.40570236213  7.441009E-15
4325.18205727771  7.966086E-15
4327.95841219329  7.971055E-15
4330.73476710887  7.772870E-15
4333.51112202445  8.042058E-15
4336.28747694003  7.654629E-15
4339.06383185561  7.891846E-15
4341.84018677119  7.621254E-15
4344.61654168677  6.887316E-15
4347.39289660235  7.141630E-15
4350.16925151793  6.943248E-15
4352.94560643351  6.862382E-15
4355.72196134909  7.227611E-15
4358.49831626467  8.143484E-15
4361.27467118025  7.812819E-15
4364.05102609583  7.909628E-15
4366.82738101141  7.851342E-15
4369.60373592699  7.294350E-15
4372.38009084257  8.071468E-15
4375.15644575815  8.211696E-15
4377.93280067373  9.197549E-15
4380.70915558931  8.046162E-15
4383.48551050489  7.977770E-15
4386.26186542047  8.584816E-15
4389.03822033605  8.112494E-15
4391.81457525163  7.681511E-15
4394.59093016721  7.606026E-15
4397.36728508279  8.304128E-15
4400.14363999837  8.498597E-15
4402.91999491395  8.156832E-15
4405.69634982953  7.902127E-15
4408.47270474511  8.087677E-15
4411.24905966069  8.564222E-15
4414.02541457626  8.424775E-15
4416.80176949185  8.076651E-15
4419.57812440742  8.347521E-15
4422.354479323  8.169911E-15
4425.13083423858  7.995835E-15
4427.90718915416  8.340799E-15
4430.68354406974  8.475311E-15
4433.45989898532  8.234688E-15
4436.2362539009  8.704388E-15
4439.01260881648  8.321611E-15
4441.78896373206  7.680887E-15
4444.56531864764  7.805442E-15
4447.34167356322  8.656444E-15
4450.1180284788  7.894232E-15
4452.89438339438  7.361331E-15
4455.67073830996  8.401251E-15
4458.44709322554  8.628621E-15
4461.22344814112  7.411840E-15
4463.9998030567  8.259805E-15
4466.77615797228  7.154726E-15
4469.55251288786  7.795425E-15
4472.32886780344  8.187907E-15
4475.10522271902  8.534681E-15
4477.8815776346  7.937346E-15
4480.65793255018  7.638348E-15
4483.43428746576  7.644372E-15
4486.21064238134  7.538619E-15
4488.98699729692  7.890241E-15
4491.7633522125  8.226021E-15
4494.53970712808  8.616809E-15
4497.31606204366  8.228328E-15
4500.09241695924  8.413533E-15
4502.86877187482  8.226549E-15
4505.64512679039  7.719990E-15
4508.42148170598  7.611903E-15
4511.19783662155  7.773694E-15
4513.97419153713  7.660502E-15
4516.75054645271  7.819236E-15
4519.52690136829  8.028137E-15
4522.30325628387  7.631525E-15
4525.07961119945  7.552894E-15
4527.85596611503  7.728686E-15
4530.63232103061  8.063115E-15
4533.40867594619  7.301914E-15
4536.18503086177  8.019463E-15
4538.96138577735  7.788437E-15
4541.73774069293  8.112435E-15
4544.51409560851  8.005259E-15
4547.29045052409  7.406464E-15
4550.06680543967  7.800794E-15
4552.84316035525  8.064629E-15
4555.61951527083  7.377811E-15
4558.39587018641  7.651628E-15
4561.17222510199  8.119618E-15
4563.94858001757  8.079750E-15
4566.72493493315  7.930242E-15
4569.50128984873  8.227167E-15
4572.27764476431  8.532370E-15
4575.05399967989  7.938300E-15
4577.83035459547  7.798709E-15
4580.60670951105  8.029422E-15
4583.38306442663  8.507344E-15
4586.15941934221  7.959924E-15
4588.93577425779  8.059103E-15
4591.71212917337  8.513692E-15
4594.48848408895  7.992710E-15
4597.26483900453  7.804733E-15
4600.0411939201  7.798469E-15
4602.81754883568  7.584449E-15
4605.59390375127  8.045838E-15
4608.37025866684  8.300677E-15
4611.14661358242  8.401102E-15
4613.922968498  8.151453E-15
4616.69932341358  8.530613E-15
4619.47567832916  8.295498E-15
4622.25203324474  8.411924E-15
4625.02838816032  8.273394E-15
4627.8047430759  7.849359E-15
4630.58109799148  8.741378E-15
4633.35745290706  8.528585E-15
4636.13380782264  8.224901E-15
4638.91016273822  8.912807E-15
4641.6865176538  9.091958E-15
4644.46287256938  8.755313E-15
4647.23922748496  8.698444E-15
4650.01558240054  8.527510E-15
4652.79193731612  9.367894E-15
4655.5682922317  9.118128E-15
4658.34464714728  8.370391E-15
4661.12100206286  8.400066E-15
4663.89735697844  8.489460E-15
4666.67371189402  8.742671E-15
4669.4500668096  9.282266E-15
4672.22642172518  9.278800E-15
4675.00277664076  9.210513E-15
4677.77913155634  8.325689E-15
4680.55548647192  8.521744E-15
4683.3318413875  9.178305E-15
4686.10819630308  9.113410E-15
4688.88455121866  9.346229E-15
4691.66090613424  9.226560E-15
4694.43726104982  9.035260E-15
4697.21361596539  8.261584E-15
4699.98997088097  8.419622E-15
4702.76632579655  8.212739E-15
4705.54268071213  8.276686E-15
4708.31903562771  8.317910E-15
4711.09539054329  8.134469E-15
4713.87174545887  8.315431E-15
4716.64810037445  8.326185E-15
4719.42445529003  7.988668E-15
4722.20081020561  7.829743E-15
4724.97716512119  8.350159E-15
4727.75352003677  8.044233E-15
4730.52987495235  8.095061E-15
4733.30622986793  8.535419E-15
4736.08258478351  7.916007E-15
4738.85893969909  7.772811E-15
4741.63529461467  8.066551E-15
4744.41164953025  8.063616E-15
4747.18800444583  8.149207E-15
4749.96435936141  7.978677E-15
4752.74071427699  8.021892E-15
4755.51706919257  8.117760E-15
4758.29342410815  8.073576E-15
4761.06977902373  8.150187E-15
4763.84613393931  8.217126E-15
4766.62248885489  8.015644E-15
4769.39884377047  8.125457E-15
4772.17519868605  8.085715E-15
4774.95155360163  8.172426E-15
4777.72790851721  7.711808E-15
4780.50426343279  7.852451E-15
4783.28061834837  8.563967E-15
4786.05697326394  8.078507E-15
4788.83332817953  7.738352E-15
4791.6096830951  8.120181E-15
4794.38603801068  7.971227E-15
4797.16239292626  8.480768E-15
4799.93874784184  8.248810E-15
4802.71510275742  8.106066E-15
4805.491457673  8.107653E-15
4808.26781258858  7.817522E-15
4811.04416750416  8.135397E-15
4813.82052241974  8.837563E-15
4816.59687733532  8.154923E-15
4819.3732322509  7.886849E-15
4822.14958716648  7.834707E-15
4824.92594208206  8.185438E-15
4827.70229699764  8.403078E-15
4830.47865191322  8.252562E-15
4833.2550068288  7.635789E-15
4836.03136174438  8.004223E-15
4838.80771665996  7.766823E-15
4841.58407157554  7.847538E-15
4844.36042649112  7.891300E-15
4847.1367814067  7.084929E-15
4849.91313632228  7.693959E-15
4852.68949123786  7.560658E-15
4855.46584615344  7.542160E-15
4858.24220106902  8.017900E-15
4861.0185559846  7.404992E-15
4863.79491090018  7.288838E-15
4866.57126581576  8.465494E-15
4869.34762073134  7.715517E-15
4872.12397564692  7.792388E-15
4874.9003305625  7.794347E-15
4877.67668547807  7.478912E-15
4880.45304039366  8.118616E-15
4883.22939530923  7.719851E-15
4886.00575022481  7.328846E-15
4888.7821051404  7.586899E-15
4891.55846005597  8.030697E-15
4894.33481497155  7.892623E-15
4897.11116988713  7.999552E-15
4899.88752480271  7.992531E-15
4902.66387971829  7.403827E-15
4905.44023463387  7.806982E-15
4908.21658954945  7.950106E-15
4910.99294446503  7.636298E-15
4913.76929938061  7.907769E-15
4916.54565429619  7.744758E-15
4919.32200921177  7.282907E-15
4922.09836412735  7.546390E-15
4924.87471904293  7.846319E-15
4927.65107395851  7.291270E-15
4930.42742887409  8.024238E-15
4933.20378378967  8.160056E-15
4935.98013870525  8.030585E-15
4938.75649362083  7.819325E-15
4941.53284853641  7.613594E-15
4944.30920345199  7.595621E-15
4947.08555836757  7.722927E-15
4949.86191328315  7.794739E-15
4952.63826819873  8.007154E-15
4955.41462311431  8.437996E-15
4958.19097802989  8.178245E-15
4960.96733294547  7.581167E-15
4963.74368786104  7.882028E-15
4966.52004277663  8.265392E-15
4969.29639769221  7.724956E-15
4972.07275260778  7.705814E-15
4974.84910752337  8.118048E-15
4977.62546243894  7.837970E-15
4980.40181735452  8.034869E-15
4983.1781722701  7.617606E-15
4985.95452718569  7.746099E-15
4988.73088210126  7.922784E-15
4991.50723701684  7.494528E-15
4994.28359193242  7.585059E-15
4997.059946848  7.686813E-15
4999.83630176358  7.441555E-15
5002.61265667916  7.781996E-15
5005.38901159474  7.706298E-15
5008.16536651032  7.805038E-15
5010.9417214259  7.951259E-15
5013.71807634148  7.562172E-15
5016.49443125706  7.248470E-15
5019.27078617264  7.288193E-15
5022.04714108822  7.522481E-15
5024.8234960038  8.069733E-15
5027.59985091938  8.038349E-15
5030.37620583496  7.635457E-15
5033.15256075054  7.378352E-15
5035.92891566612  7.573891E-15
5038.7052705817  8.062459E-15
5041.48162549728  8.056386E-15
5044.25798041286  7.921887E-15
5047.03433532844  8.133713E-15
5049.81069024402  7.629667E-15
5052.5870451596  8.052485E-15
5055.36340007518  7.986987E-15
5058.13975499076  7.850963E-15
5060.91610990634  7.857738E-15
5063.69246482192  7.707586E-15
5066.4688197375  7.600889E-15
5069.24517465307  7.568846E-15
5072.02152956866  7.667592E-15
5074.79788448423  7.709765E-15
5077.57423939981  7.398883E-15
5080.3505943154  8.011372E-15
5083.12694923098  7.481806E-15
5085.90330414655  7.604372E-15
5088.67965906213  7.730042E-15
5091.45601397771  7.903992E-15
5094.23236889329  7.973606E-15
5097.00872380887  7.695173E-15
5099.78507872445  7.521510E-15
5102.56143364003  7.862729E-15
5105.33778855561  7.986131E-15
5108.11414347119  7.710651E-15
5110.89049838677  7.811132E-15
5113.66685330235  8.241801E-15
5116.44320821793  7.899667E-15
5119.21956313351  7.839085E-15
5121.99591804909  7.509061E-15
5124.77227296467  7.484112E-15
5127.54862788025  7.904524E-15
5130.32498279583  7.801504E-15
5133.10133771141  7.506907E-15
5135.87769262699  7.481501E-15
5138.65404754257  7.504913E-15
5141.43040245815  7.177549E-15
5144.20675737373  7.756827E-15
5146.98311228931  8.121148E-15
5149.75946720489  7.893037E-15
5152.53582212047  8.061415E-15
5155.31217703605  8.135467E-15
5158.08853195163  7.673566E-15
5160.86488686721  7.278429E-15
5163.64124178279  7.260223E-15
5166.41759669837  7.478626E-15
5169.19395161395  7.153689E-15
5171.97030652952  7.109805E-15
5174.74666144511  7.203108E-15
5177.52301636068  7.406695E-15
5180.29937127626  7.339484E-15
5183.07572619184  7.754061E-15
5185.85208110742  7.738129E-15
5188.628436023  7.523123E-15
5191.40479093858  7.452535E-15
5194.18114585416  7.279161E-15
5196.95750076974  7.143991E-15
5199.73385568532  7.298795E-15
5202.5102106009  7.539312E-15
5205.28656551648  8.070346E-15
5208.06292043206  7.337071E-15
5210.83927534764  7.375443E-15
5213.61563026322  7.334670E-15
5216.3919851788  7.349569E-15
5219.16834009438  7.603656E-15
5221.94469500996  7.510495E-15
5224.72104992554  7.580325E-15
5227.49740484112  7.482460E-15
5230.2737597567  7.875464E-15
5233.05011467228  7.710281E-15
5235.82646958786  7.961221E-15
5238.60282450344  7.957335E-15
5241.37917941902  8.071805E-15
5244.1555343346  7.681615E-15
5246.93188925018  7.724221E-15
5249.70824416576  8.140130E-15
5252.48459908134  7.683388E-15
5255.26095399692  7.277802E-15
5258.0373089125  7.919470E-15
5260.81366382808  7.562761E-15
5263.59001874365  6.885743E-15
5266.36637365923  7.070194E-15
5269.14272857481  7.467870E-15
5271.91908349039  7.245620E-15
5274.69543840597  6.999688E-15
5277.47179332155  7.343545E-15
5280.24814823713  7.361190E-15
5283.02450315271  7.308627E-15
5285.80085806829  7.443767E-15
5288.57721298387  7.496184E-15
5291.35356789945  7.166866E-15
5294.12992281503  7.489437E-15
5296.90627773061  7.486159E-15
5299.68263264619  6.988928E-15
5302.45898756177  7.770083E-15
5305.23534247735  7.788370E-15
5308.01169739293  7.190845E-15
5310.78805230851  6.895982E-15
5313.56440722409  7.417337E-15
5316.34076213967  7.391362E-15
5319.11711705525  7.311228E-15
5321.89347197083  6.757125E-15
5324.66982688641  6.682487E-15
5327.44618180199  6.916241E-15
5330.22253671757  7.059980E-15
5332.99889163315  7.209895E-15
5335.77524654873  7.144286E-15
5338.55160146431  7.421886E-15
5341.32795637989  7.210925E-15
5344.10431129547  7.177588E-15
5346.88066621105  7.247941E-15
5349.65702112662  7.085473E-15
5352.43337604221  6.940311E-15
5355.20973095778  7.098668E-15
5357.98608587337  7.378822E-15
5360.76244078894  6.814696E-15
5363.53879570452  6.992141E-15
5366.3151506201  6.976038E-15
5369.09150553568  6.950188E-15
5371.86786045126  7.400729E-15
5374.64421536684  7.560280E-15
5377.42057028242  7.461800E-15
5380.196925198  7.327355E-15
5382.97328011358  7.059934E-15
5385.74963502916  7.321367E-15
5388.52598994474  7.331636E-15
5391.30234486032  7.127888E-15
5394.0786997759  6.985732E-15
5396.85505469148  7.142782E-15
5399.63140960706  7.593445E-15
5402.40776452264  7.318035E-15
5405.18411943822  6.893879E-15
5407.9604743538  6.963372E-15
5410.73682926938  7.260246E-15
5413.51318418496  6.866784E-15
5416.28953910054  7.118707E-15
5419.06589401612  7.085532E-15
5421.8422489317  7.428499E-15
5424.61860384728  7.657450E-15
5427.39495876286  6.893893E-15
5430.17131367844  7.317204E-15
5432.94766859402  7.267433E-15
5435.7240235096  6.942468E-15
5438.50037842518  7.167192E-15
5441.27673334076  6.947939E-15
5444.05308825634  7.006832E-15
5446.82944317192  7.089992E-15
5449.6057980875  7.557544E-15
5452.38215300308  7.091589E-15
5455.15850791866  6.738899E-15
5457.93486283423  6.772261E-15
5460.71121774981  6.932992E-15
5463.48757266539  7.272854E-15
5466.26392758097  7.279509E-15
5469.04028249655  6.640305E-15
5471.81663741213  6.942503E-15
5474.59299232771  7.189196E-15
5477.36934724329  6.632268E-15
5480.14570215887  6.985712E-15
5482.92205707445  6.993960E-15
5485.69841199003  6.556244E-15
5488.47476690561  6.727615E-15
5491.25112182119  6.607075E-15
5494.02747673677  6.838300E-15
5496.80383165235  7.008867E-15
5499.58018656793  6.861973E-15
5502.35654148351  6.651574E-15
5505.13289639909  6.349737E-15
5507.90925131467  6.826766E-15
5510.68560623025  6.861520E-15
5513.46196114583  6.628204E-15
5516.23831606141  6.849324E-15
5519.01467097699  6.962774E-15
5521.79102589257  7.297852E-15
5524.56738080815  7.019363E-15
5527.34373572373  6.952687E-15
5530.12009063931  7.358011E-15
5532.89644555489  7.111511E-15
5535.67280047047  6.992711E-15
5538.44915538605  6.916639E-15
5541.22551030163  6.588917E-15
5544.0018652172  6.552126E-15
5546.77822013278  6.758979E-15
5549.55457504837  6.952995E-15
5552.33092996394  6.892212E-15
5555.10728487952  6.550274E-15
5557.8836397951  6.509812E-15
5560.65999471068  6.902499E-15
5563.43634962626  6.661674E-15
5566.21270454184  6.664739E-15
5568.98905945742  6.834473E-15
5571.765414373  6.480421E-15
5574.54176928858  6.574538E-15
5577.31812420416  6.667196E-15
5580.09447911974  6.740122E-15
5582.87083403532  6.708948E-15
5585.6471889509  6.820955E-15
5588.42354386648  6.676364E-15
5591.19989878206  6.554427E-15
5593.97625369764  6.607206E-15
5596.75260861322  6.513829E-15
5599.5289635288  6.541803E-15
5602.30531844438  6.493765E-15
5605.08167335996  6.438856E-15
5607.85802827554  6.528097E-15
5610.63438319112  6.694010E-15
5613.4107381067  7.106703E-15
5616.18709302228  6.631697E-15
5618.96344793786  6.140023E-15
5621.73980285344  6.774998E-15
5624.51615776902  6.560097E-15
5627.2925126846  6.611170E-15
5630.06886760018  6.906788E-15
5632.84522251576  6.668246E-15
5635.62157743134  6.340282E-15
5638.39793234691  6.780747E-15
5641.1742872625  6.786842E-15
5643.95064217807  6.842243E-15
5646.72699709365  6.544792E-15
5649.50335200923  6.814834E-15
5652.27970692482  6.559795E-15
5655.05606184039  6.026111E-15
5657.83241675597  6.249869E-15
5660.60877167155  6.446186E-15
5663.38512658713  6.783562E-15
5666.16148150271  6.521825E-15
5668.93783641829  6.509282E-15
5671.71419133387  6.491378E-15
5674.49054624945  6.375253E-15
5677.26690116503  6.482369E-15
5680.04325608061  6.673048E-15
5682.81961099619  6.374120E-15
5685.59596591177  6.584320E-15
5688.37232082735  6.681114E-15
5691.14867574293  6.738163E-15
5693.92503065851  6.284908E-15
5696.70138557409  6.766493E-15
5699.47774048967  6.207957E-15
5702.25409540525  6.271602E-15
5705.03045032083  6.219488E-15
5707.80680523641  6.018733E-15
5710.58316015199  6.324456E-15
5713.35951506757  6.443799E-15
5716.13586998315  6.578654E-15
5718.91222489873  6.686846E-15
5721.68857981431  6.470306E-15
5724.46493472989  5.974240E-15
5727.24128964546  6.004897E-15
5730.01764456105  5.935551E-15
5732.79399947663  6.035886E-15
5735.5703543922  6.368808E-15
5738.34670930778  6.320131E-15
5741.12306422336  6.335977E-15
5743.89941913894  6.187345E-15
5746.67577405452  6.329295E-15
5749.4521289701  6.258859E-15
5752.22848388568  6.146783E-15
5755.00483880126  6.078213E-15
5757.78119371684  5.747398E-15
5760.55754863242  6.382353E-15
5763.333903548  6.321455E-15
5766.11025846358  6.052886E-15
5768.88661337916  6.331510E-15
5771.66296829474  6.689581E-15
5774.43932321032  6.443307E-15
5777.2156781259  6.428435E-15
5779.99203304148  6.386631E-15
5782.76838795706  6.201575E-15
5785.54474287264  5.906666E-15
5788.32109778822  6.538000E-15
5791.0974527038  6.481699E-15
5793.87380761938  6.346380E-15
5796.65016253496  6.175560E-15
5799.42651745054  6.119273E-15
5802.20287236612  6.180367E-15
5804.9792272817  6.189805E-15
5807.75558219728  6.142229E-15
5810.53193711286  6.123184E-15
5813.30829202844  6.193329E-15
5816.08464694402  5.965191E-15
5818.8610018596  6.347539E-15
5821.63735677518  6.467577E-15
5824.41371169076  6.343668E-15
5827.19006660633  6.121698E-15
5829.96642152192  6.605109E-15
5832.74277643749  6.548668E-15
5835.51913135307  6.309736E-15
5838.29548626865  6.716331E-15
5841.07184118423  6.070846E-15
5843.84819609981  5.938274E-15
5846.62455101539  6.217436E-15
5849.40090593097  6.042037E-15
5852.17726084655  6.049525E-15
5854.95361576213  6.380405E-15
5857.72997067771  6.081771E-15
5860.50632559329  6.005462E-15
5863.28268050887  6.164818E-15
5866.05903542445  6.365742E-15
5868.83539034003  6.535490E-15
5871.61174525561  6.344688E-15
5874.38810017119  6.054187E-15
5877.16445508677  5.989709E-15
5879.94081000235  6.045908E-15
5882.71716491793  5.861550E-15
5885.49351983351  5.931446E-15
5888.26987474909  5.743189E-15
5891.04622966467  5.844820E-15
5893.82258458025  5.974673E-15
5896.59893949583  6.052130E-15
5899.37529441141  5.952358E-15
5902.15164932699  6.075295E-15
5904.92800424257  6.100341E-15
5907.70435915815  6.098822E-15
5910.48071407373  5.984048E-15
5913.25706898931  5.767971E-15
5916.03342390489  5.569270E-15
5918.80977882047  5.622994E-15
5921.58613373604  5.763122E-15
5924.36248865163  5.965579E-15
5927.1388435672  5.718339E-15
5929.91519848278  5.972162E-15
5932.69155339836  6.333660E-15
5935.46790831394  5.918492E-15
5938.24426322952  6.021005E-15
5941.0206181451  5.639684E-15
5943.79697306068  5.807284E-15
5946.57332797626  5.946386E-15
5949.34968289184  5.553369E-15
5952.12603780742  5.660454E-15
5954.902392723  5.931704E-15
5957.67874763858  5.998562E-15
5960.45510255416  5.767505E-15
5963.23145746974  5.712225E-15
5966.00781238532  5.906212E-15
5968.7841673009  5.869269E-15
5971.56052221648  5.915670E-15
5974.33687713206  6.027364E-15
5977.11323204764  5.835102E-15
5979.88958696322  5.720450E-15
5982.6659418788  5.748201E-15
5985.44229679438  6.120994E-15
5988.21865170996  6.016753E-15
5990.99500662554  5.776573E-15
5993.77136154112  5.836358E-15
5996.5477164567  5.692404E-15
5999.32407137228  5.834010E-15
6002.10042628786  5.855504E-15
6004.87678120344  5.793828E-15
6007.65313611902  5.741886E-15
6010.42949103459  5.813462E-15
6013.20584595018  5.776270E-15
6015.98220086575  5.732546E-15
6018.75855578134  5.715572E-15
6021.53491069691  5.534049E-15
6024.31126561249  5.933498E-15
6027.08762052807  5.720402E-15
6029.86397544365  5.517596E-15
6032.64033035923  5.673707E-15
6035.41668527481  5.685287E-15
6038.19304019039  5.741701E-15
6040.96939510597  5.678163E-15
6043.74575002155  5.769517E-15
6046.52210493713  5.787241E-15
6049.29845985271  5.762760E-15
6052.07481476829  5.546359E-15
6054.85116968387  5.486978E-15
6057.62752459945  5.676806E-15
6060.40387951503  5.406178E-15
6063.18023443061  5.601162E-15
6065.95658934619  5.468022E-15
6068.73294426177  5.851653E-15
6071.50929917735  5.710171E-15
6074.28565409293  5.538689E-15
6077.06200900851  5.287443E-15
6079.83836392409  5.610495E-15
6082.61471883967  5.785105E-15
6085.39107375525  5.797077E-15
6088.16742867083  5.604519E-15
6090.94378358641  5.433486E-15
6093.72013850199  5.440493E-15
6096.49649341757  5.904548E-15
6099.27284833315  6.035058E-15
6102.04920324873  5.295032E-15
6104.82555816431  6.061493E-15
6107.60191307989  6.019839E-15
6110.37826799546  5.366240E-15
6113.15462291105  5.468465E-15
6115.93097782662  5.590814E-15
6118.7073327422  5.534532E-15
6121.48368765778  5.534679E-15
6124.26004257336  5.550241E-15
6127.03639748894  5.619103E-15
6129.81275240452  5.449125E-15
6132.5891073201  5.874227E-15
6135.36546223568  5.899302E-15
6138.14181715126  5.766618E-15
6140.91817206684  5.666495E-15
6143.69452698242  5.690338E-15
6146.470881898  5.508508E-15
6149.24723681358  5.614594E-15
6152.02359172916  5.700907E-15
6154.79994664474  5.804862E-15
6157.57630156032  5.549311E-15
6160.3526564759  5.354014E-15
6163.12901139148  5.509350E-15
6165.90536630706  5.614269E-15
6168.68172122264  5.560316E-15
6171.45807613822  5.550862E-15
6174.2344310538  5.780489E-15
6177.01078596938  5.864835E-15
6179.78714088496  5.765271E-15
6182.56349580054  5.378932E-15
6185.33985071612  5.381776E-15
6188.1162056317  5.672050E-15
6190.89256054728  5.562950E-15
6193.66891546286  5.568525E-15
6196.44527037844  5.610861E-15
6199.22162529402  5.604058E-15
6201.9979802096  5.663124E-15
6204.77433512517  5.805998E-15
6207.55069004076  5.940042E-15
6210.32704495633  5.817441E-15
6213.10339987191  5.476534E-15
6215.87975478749  5.452949E-15
6218.65610970307  5.578725E-15
6221.43246461865  5.102179E-15
6224.20881953423  5.131792E-15
6226.98517444981  5.335039E-15
6229.76152936539  5.391798E-15
6232.53788428097  5.410370E-15
6235.31423919655  5.432748E-15
6238.09059411213  5.202966E-15
6240.86694902771  5.203251E-15
6243.64330394329  5.448154E-15
6246.41965885887  5.540818E-15
6249.19601377445  5.532155E-15
6251.97236869003  4.954095E-15
6254.74872360561  5.423318E-15
6257.52507852119  5.359016E-15
6260.30143343677  5.466811E-15
6263.07778835235  5.590013E-15
6265.85414326793  5.087487E-15
6268.63049818351  5.287012E-15
6271.40685309909  5.226671E-15
6274.18320801467  5.114451E-15
6276.95956293025  4.943268E-15
6279.73591784583  5.007904E-15
6282.51227276141  5.194841E-15
6285.28862767699  5.074733E-15
6288.06498259257  5.201200E-15
6290.84133750815  5.353942E-15
6293.61769242373  4.870827E-15
6296.39404733931  5.290156E-15
6299.17040225488  5.537660E-15
6301.94675717047  5.539785E-15
6304.72311208604  5.268735E-15
6307.49946700162  4.926520E-15
6310.2758219172  4.933661E-15
6313.05217683278  5.200979E-15
6315.82853174836  5.593529E-15
6318.60488666394  5.287736E-15
6321.38124157952  5.361124E-15
6324.1575964951  5.339674E-15
6326.93395141068  5.316896E-15
6329.71030632626  5.608042E-15
6332.48666124184  5.497682E-15
6335.26301615742  5.252589E-15
6338.039371073  5.439617E-15
6340.81572598858  5.263010E-15
6343.59208090416  5.087347E-15
6346.36843581974  5.203331E-15
6349.14479073532  5.138039E-15
6351.9211456509  5.249957E-15
6354.69750056648  5.013175E-15
6357.47385548206  4.843738E-15
6360.25021039764  4.965045E-15
6363.02656531322  5.109400E-15
6365.8029202288  4.892569E-15
6368.57927514438  4.965137E-15
6371.35563005996  5.536333E-15
6374.13198497554  5.248326E-15
6376.90833989111  4.848802E-15
6379.6846948067  5.242570E-15
6382.46104972228  5.262215E-15
6385.23740463786  5.220031E-15
6388.01375955344  5.379933E-15
6390.79011446902  5.067011E-15
6393.56646938459  5.009095E-15
6396.34282430017  5.268987E-15
6399.11917921575  5.192459E-15
6401.89553413133  5.511225E-15
6404.67188904691  5.429493E-15
6407.44824396249  5.201331E-15
6410.22459887807  5.158323E-15
6413.00095379365  5.085459E-15
6415.77730870923  5.142948E-15
6418.55366362481  5.266870E-15
6421.33001854039  5.042204E-15
6424.10637345597  5.032579E-15
6426.88272837155  4.940572E-15
6429.65908328713  4.908841E-15
6432.43543820271  5.120897E-15
6435.21179311829  4.817105E-15
6437.98814803387  4.793151E-15
6440.76450294945  5.071920E-15
6443.54085786503  5.252975E-15
6446.31721278061  5.134489E-15
6449.09356769619  5.017944E-15
6451.86992261177  5.113640E-15
6454.64627752735  5.153926E-15
6457.42263244293  4.942344E-15
6460.19898735851  4.894713E-15
6462.97534227409  4.932814E-15
6465.75169718967  4.648754E-15
6468.52805210525  4.848841E-15
6471.30440702083  5.094725E-15
6474.08076193641  4.947106E-15
6476.85711685199  5.002866E-15
6479.63347176757  4.865467E-15
6482.40982668315  4.763541E-15
6485.18618159872  5.113729E-15
6487.9625365143  5.013667E-15
6490.73889142988  5.167687E-15
6493.51524634546  4.938188E-15
6496.29160126104  4.914549E-15
6499.06795617662  5.085452E-15
6501.8443110922  5.009263E-15
6504.62066600778  4.591327E-15
6507.39702092336  4.512837E-15
6510.17337583894  4.560584E-15
6512.94973075452  4.776937E-15
6515.7260856701  4.857811E-15
6518.50244058568  4.879219E-15
6521.27879550126  4.858690E-15
6524.05515041684  5.057613E-15
6526.83150533242  5.008905E-15
6529.607860248  4.803496E-15
6532.38421516358  4.847202E-15
6535.16057007916  4.786039E-15
6537.93692499474  5.034437E-15
6540.71327991032  5.304030E-15
6543.4896348259  5.457386E-15
6546.26598974148  5.848907E-15
6549.04234465706  6.643022E-15
6551.81869957264  7.455017E-15
6554.59505448822  8.057241E-15
6557.3714094038  8.612717E-15
6560.14776431938  8.281129E-15
6562.92411923496  7.812375E-15
6565.70047415053  7.648601E-15
6568.47682906612  6.569693E-15
6571.25318398169  5.845058E-15
6574.02953889728  5.426495E-15
6576.80589381286  4.867787E-15
6579.58224872843  4.623618E-15
6582.35860364401  4.700694E-15
6585.13495855959  4.520081E-15
6587.91131347517  4.448021E-15
6590.68766839076  4.723615E-15
6593.46402330633  5.009376E-15
6596.24037822191  5.026619E-15
6599.01673313749  4.794265E-15
6601.79308805307  4.658465E-15
6604.56944296865  4.291787E-15
6607.34579788423  4.429427E-15
6610.12215279981  4.430544E-15
6612.89850771539  4.647257E-15
6615.67486263097  4.726651E-15
6618.45121754655  4.594900E-15
6621.22757246213  4.802336E-15
6624.00392737771  4.796478E-15
6626.78028229329  4.559600E-15
6629.55663720887  4.542837E-15
6632.33299212445  4.632046E-15
6635.10934704003  4.574109E-15
6637.88570195561  4.799108E-15
6640.66205687119  4.830490E-15
6643.43841178677  4.489172E-15
6646.21476670235  4.445379E-15
6648.99112161793  4.600035E-15
6651.76747653351  4.625110E-15
6654.54383144909  4.507695E-15
6657.32018636467  4.390205E-15
6660.09654128025  4.469721E-15
6662.87289619583  4.790402E-15
6665.64925111141  5.063376E-15
6668.42560602698  4.833524E-15
6671.20196094257  4.647032E-15
6673.97831585815  4.844745E-15
6676.75467077372  4.876073E-15
6679.5310256893  4.842238E-15
6682.30738060488  4.562895E-15
6685.08373552046  4.885034E-15
6687.86009043604  4.697166E-15
6690.63644535162  4.597306E-15
6693.4128002672  4.540326E-15
6696.18915518278  4.493816E-15
6698.96551009836  4.626909E-15
6701.74186501394  4.584794E-15
6704.51821992952  4.464509E-15
6707.2945748451  4.734005E-15
6710.07092976068  4.737318E-15
6712.84728467626  4.386313E-15
6715.62363959184  4.311357E-15
6718.39999450742  4.477469E-15
6721.176349423  4.560035E-15
6723.95270433858  4.533515E-15
6726.72905925416  4.599017E-15
6729.50541416974  4.447498E-15
6732.28176908532  4.508373E-15
6735.0581240009  4.766859E-15
6737.83447891648  4.876334E-15
6740.61083383206  4.938097E-15
6743.38718874764  4.584536E-15
6746.16354366322  4.511782E-15
6748.9398985788  4.677209E-15
6751.71625349438  4.580658E-15
6754.49260840996  4.346306E-15
6757.26896332554  4.158479E-15
6760.04531824112  4.312152E-15
6762.82167315669  4.314844E-15
6765.59802807227  4.330826E-15
6768.37438298785  4.906288E-15
6771.15073790343  4.840232E-15
6773.92709281901  4.503653E-15
6776.70344773459  4.422177E-15
6779.47980265018  4.610266E-15
6782.25615756575  4.564381E-15
6785.03251248133  4.297365E-15
6787.80886739691  4.203172E-15
6790.58522231249  4.442815E-15
6793.36157722807  4.596647E-15
6796.13793214365  4.504783E-15
6798.91428705923  4.506907E-15
6801.69064197481  4.493224E-15
6804.46699689039  4.412303E-15
6807.24335180597  4.475456E-15
6810.01970672155  4.804956E-15
6812.79606163713  4.822644E-15
6815.57241655271  4.424213E-15
6818.34877146829  4.280731E-15
6821.12512638387  4.158008E-15
6823.90148129945  4.285744E-15
6826.67783621503  4.718110E-15
6829.45419113061  4.421360E-15
6832.23054604619  4.303620E-15
6835.00690096177  4.526063E-15
6837.78325587735  4.550283E-15
6840.55961079293  4.508740E-15
6843.33596570851  4.310747E-15
6846.11232062409  4.230446E-15
6848.88867553967  4.368074E-15
6851.66503045524  4.362603E-15
6854.44138537082  4.477436E-15
6857.21774028641  4.264062E-15
6859.99409520199  4.414013E-15
6862.77045011756  4.071242E-15
6865.54680503314  4.592960E-15
6868.32315994872  4.497540E-15
6871.0995148643  4.215810E-15
6873.87586977988  4.511045E-15
6876.65222469546  4.703657E-15
6879.42857961104  4.377552E-15
6882.20493452662  4.289211E-15
6884.9812894422  4.577608E-15
6887.75764435778  4.576292E-15
6890.53399927336  4.383340E-15
6893.31035418894  4.351907E-15
6896.08670910452  4.099615E-15
6898.8630640201  3.908711E-15
6901.63941893568  4.264731E-15
6904.41577385126  4.252579E-15
6907.19212876684  4.357944E-15
6909.96848368242  4.562836E-15
6912.744838598  4.718504E-15
6915.52119351358  4.436724E-15
6918.29754842916  4.517541E-15
6921.07390334474  4.495346E-15
6923.85025826032  4.473255E-15
6926.6266131759  4.180442E-15
6929.40296809148  4.242241E-15
6932.17932300706  4.553279E-15
6934.95567792264  4.452344E-15
6937.73203283822  4.381111E-15
6940.5083877538  4.471330E-15
6943.28474266938  4.235996E-15
6946.06109758495  4.051263E-15
6948.83745250054  4.375062E-15
6951.61380741612  4.480845E-15
6954.39016233169  4.518600E-15
6957.16651724727  4.369537E-15
6959.94287216285  4.509482E-15
6962.71922707843  4.591209E-15
6965.49558199401  4.224985E-15
6968.27193690959  4.323431E-15
6971.04829182517  4.110153E-15
6973.82464674075  4.169744E-15
6976.60100165633  4.513449E-15
6979.37735657191  4.198766E-15
6982.15371148749  3.979994E-15
6984.93006640307  4.039376E-15
6987.70642131865  4.478610E-15
6990.48277623423  4.251991E-15
6993.25913114981  3.896414E-15
6996.03548606539  4.260387E-15
6998.81184098097  4.136587E-15
7001.58819589655  4.026910E-15
7004.36455081213  4.130458E-15
7007.14090572771  4.384768E-15
7009.91726064329  4.120549E-15
7012.69361555887  4.265177E-15
7015.46997047445  4.425269E-15
7018.24632539003  4.367785E-15
7021.02268030561  4.107400E-15
7023.79903522119  3.978963E-15
7026.57539013677  4.236269E-15
7029.35174505235  4.227028E-15
7032.12809996793  3.893263E-15
7034.90445488351  3.986295E-15
7037.68080979909  4.038968E-15
7040.45716471466  3.939244E-15
7043.23351963024  4.227689E-15
7046.00987454583  4.031631E-15
7048.7862294614  4.234629E-15
7051.56258437698  4.284646E-15
7054.33893929256  4.662461E-15
7057.11529420814  4.436708E-15
7059.89164912372  4.309790E-15
7062.6680040393  4.396460E-15
7065.44435895488  4.461481E-15
7068.22071387046  4.218833E-15
7070.99706878604  4.418206E-15
7073.77342370162  4.374913E-15
7076.5497786172  4.285543E-15
7079.32613353278  4.476753E-15
7082.10248844836  4.063566E-15
7084.87884336394  3.819611E-15
7087.65519827952  4.078823E-15
7090.4315531951  4.357896E-15
7093.20790811068  4.352462E-15
7095.98426302626  4.204856E-15
7098.76061794184  4.051263E-15
7101.53697285742  4.063588E-15
7104.313327773  4.229016E-15
7107.08968268858  4.051442E-15
7109.86603760416  4.040179E-15
7112.64239251974  4.270256E-15
7115.41874743532  4.266365E-15
7118.1951023509  4.041390E-15
7120.97145726648  3.834407E-15
7123.74781218206  3.891903E-15
7126.52416709764  4.155395E-15
7129.30052201322  4.069394E-15
7132.0768769288  3.879299E-15
7134.85323184437  4.104525E-15
7137.62958675996  3.937940E-15
7140.40594167553  3.884240E-15
7143.18229659112  3.869087E-15
7145.95865150669  3.754524E-15
7148.73500642227  3.875416E-15
7151.51136133785  4.193816E-15
7154.28771625343  3.931401E-15
7157.06407116901  3.911829E-15
7159.84042608459  4.131905E-15
7162.61678100017  4.110823E-15
7165.39313591575  4.137591E-15
7168.16949083133  4.045397E-15
7170.94584574691  4.195584E-15
7173.72220066249  4.178080E-15
7176.49855557807  3.680204E-15
7179.27491049365  3.797931E-15
7182.05126540923  4.261451E-15
7184.82762032481  3.870042E-15
7187.60397524039  3.977003E-15
7190.38033015597  4.022523E-15
7193.15668507155  3.665760E-15
7195.93303998713  3.555457E-15
7198.70939490271  3.455976E-15
7201.48574981829  3.676629E-15
7204.26210473387  4.034235E-15
7207.03845964945  3.622189E-15
7209.81481456503  3.660628E-15
7212.59116948061  3.861025E-15
7215.36752439619  3.874097E-15
7218.14387931177  4.019822E-15
7220.92023422735  3.785523E-15
7223.69658914293  3.647410E-15
7226.47294405851  3.749247E-15
7229.24929897409  3.564282E-15
7232.02565388966  3.630547E-15
7234.80200880524  3.727429E-15
7237.57836372083  3.713965E-15
7240.3547186364  3.973797E-15
7243.13107355198  3.916270E-15
7245.90742846756  3.842713E-15
7248.68378338314  3.852612E-15
7251.46013829872  3.791297E-15
7254.2364932143  3.721941E-15
7257.01284812988  3.854162E-15
7259.78920304546  3.880248E-15
7262.56555796104  3.916180E-15
7265.34191287662  3.886621E-15
7268.1182677922  3.683899E-15
7270.89462270778  3.798272E-15
7273.67097762336  3.880184E-15
7276.44733253894  3.451573E-15
7279.22368745452  3.467703E-15
7282.0000423701  3.713306E-15
7284.77639728568  3.585478E-15
7287.55275220126  3.643037E-15
7290.32910711684  3.665826E-15
7293.10546203242  3.379688E-15
7295.881816948  3.407110E-15
7298.65817186358  3.675824E-15
7301.43452677916  3.706587E-15
7304.21088169474  3.469322E-15
7306.98723661032  3.615114E-15
7309.7635915259  3.758319E-15
7312.53994644148  3.891213E-15
7315.31630135706  3.575062E-15
7318.09265627264  3.354431E-15
7320.86901118822  3.567762E-15
7323.6453661038  3.555524E-15
7326.42172101938  3.643663E-15
7329.19807593495  3.808854E-15
7331.97443085053  3.697805E-15
7334.75078576611  3.448256E-15
7337.52714068169  3.531437E-15
7340.30349559727  3.695451E-15
7343.07985051285  3.640506E-15
7345.85620542843  3.552534E-15
7348.63256034401  3.436016E-15
7351.40891525959  3.488721E-15
7354.18527017517  3.670512E-15
7356.96162509075  3.644876E-15
7359.73798000633  3.710557E-15
7362.51433492191  3.652002E-15
7365.29068983749  3.500262E-15
7368.06704475307  3.547784E-15
7370.84339966865  3.889400E-15
7373.61975458423  3.869073E-15
7376.39610949981  3.710539E-15
7379.17246441539  3.585065E-15
7381.94881933097  3.700802E-15
7384.72517424655  3.709703E-15
7387.50152916213  3.369145E-15
7390.27788407771  3.491766E-15
7393.05423899329  3.488439E-15
7395.83059390887  3.404035E-15
7398.60694882445  3.601621E-15
7401.38330374003  3.565230E-15
7404.15965865561  3.743164E-15
7406.93601357119  3.739308E-15
7409.71236848677  3.314676E-15
7412.48872340235  3.344826E-15
7415.26507831793  3.387761E-15
7418.04143323351  3.270531E-15
7420.81778814909  3.273372E-15
7423.59414306466  3.309982E-15
7426.37049798024  3.155207E-15
7429.14685289582  3.573543E-15
7431.9232078114  3.624644E-15
7434.69956272698  3.354752E-15
7437.47591764256  3.623611E-15
7440.25227255814  3.540938E-15
7443.02862747372  3.445198E-15
7445.8049823893  3.338023E-15
7448.58133730488  3.276212E-15
7451.35769222046  3.458520E-15
7454.13404713604  3.517729E-15
7456.91040205162  3.339473E-15
7459.6867569672  3.218079E-15
7462.46311188278  3.449170E-15
7465.23946679836  3.588544E-15
7468.01582171394  3.464096E-15
7470.79217662952  3.179376E-15
7473.5685315451  3.141427E-15
7476.34488646068  3.663550E-15
7479.12124137626  3.507656E-15
7481.89759629184  3.345739E-15
7484.67395120742  3.246604E-15
7487.450306123  3.349354E-15
7490.22666103858  3.631554E-15
7493.00301595416  3.450570E-15
7495.77937086974  2.892434E-15
7498.55572578532  3.201917E-15
7501.3320807009  3.366552E-15
7504.10843561648  3.348746E-15
7506.88479053206  3.318095E-15
7509.66114544764  3.241153E-15
7512.43750036321  3.101063E-15
7515.2138552788  3.178128E-15
7517.99021019437  3.507619E-15
7520.76656510995  3.588341E-15
7523.54292002553  3.303289E-15
7526.31927494111  3.293221E-15
7529.09562985669  3.581147E-15
7531.87198477227  3.562142E-15
7534.64833968785  3.585933E-15
7537.42469460343  3.838078E-15
7540.20104951901  3.692991E-15
7542.97740443459  3.421765E-15
7545.75375935017  3.769596E-15
7548.53011426575  3.978958E-15
7551.30646918133  3.488769E-15
7554.08282409691  3.725548E-15
7556.85917901249  3.571212E-15
7559.63553392807  3.681361E-15
7562.41188884365  3.583159E-15
7565.18824375923  3.614165E-15
7567.96459867481  3.477703E-15
7570.74095359039  3.290811E-15
7573.51730850597  3.476857E-15
7576.29366342155  3.410250E-15
7579.07001833713  3.153021E-15
7581.84637325271  3.122375E-15
7584.62272816829  3.124919E-15
7587.39908308387  3.237631E-15
7590.17543799945  3.198030E-15
7592.95179291503  2.857548E-15
7595.72814783061  2.957226E-15
7598.50450274619  3.154377E-15
7601.28085766177  3.051340E-15
7604.05721257735  2.798537E-15
7606.83356749292  2.905563E-15
7609.60992240851  2.772965E-15
7612.38627732408  3.111277E-15
7615.16263223967  3.337769E-15
7617.93898715524  3.420878E-15
7620.71534207082  3.701897E-15
7623.4916969864  3.432224E-15
7626.26805190198  2.869056E-15
7629.04440681756  3.130959E-15
7631.82076173314  3.151669E-15
7634.59711664872  3.078079E-15
7637.3734715643  3.435905E-15
7640.14982647988  3.091530E-15
7642.92618139546  3.032830E-15
7645.70253631104  3.592867E-15
7648.47889122662  3.498585E-15
7651.2552461422  3.179628E-15
7654.03160105778  3.201078E-15
7656.80795597336  3.260382E-15
7659.58431088894  3.096568E-15
7662.36066580452  3.190387E-15
7665.1370207201  3.190965E-15
7667.91337563568  3.055083E-15
7670.68973055126  3.135178E-15
7673.46608546684  3.012299E-15
7676.24244038242  3.045333E-15
7679.018795298  3.290410E-15
7681.79515021358  3.089398E-15
7684.57150512916  2.952838E-15
7687.34786004474  3.214707E-15
7690.12421496032  3.331870E-15
7692.9005698759  3.213488E-15
7695.67692479148  2.945350E-15
7698.45327970706  2.799362E-15
7701.22963462264  2.854343E-15
7704.00598953821  2.747525E-15
7706.78234445379  3.012393E-15
7709.55869936937  2.988727E-15
7712.33505428495  3.261656E-15
7715.11140920053  3.253768E-15
7717.88776411611  3.127551E-15
7720.66411903169  3.142144E-15
7723.44047394727  3.333165E-15
7726.21682886285  3.162360E-15
7728.99318377843  2.845384E-15
7731.76953869401  2.977470E-15
7734.54589360959  3.031505E-15
7737.32224852517  2.997811E-15
7740.09860344075  3.080187E-15
7742.87495835633  3.065914E-15
7745.65131327191  3.028645E-15
7748.42766818749  3.043744E-15
7751.20402310307  3.073761E-15
7753.98037801865  3.042490E-15
7756.75673293423  2.883267E-15
7759.53308784981  2.943438E-15
7762.30944276539  3.001541E-15
7765.08579768097  2.891453E-15
7767.86215259655  2.930577E-15
7770.63850751213  3.160232E-15
7773.41486242771  3.002776E-15
7776.19121734329  2.841139E-15
7778.96757225887  2.949744E-15
7781.74392717445  3.002498E-15
7784.52028209003  2.883592E-15
7787.29663700561  2.720297E-15
7790.07299192119  3.102186E-15
7792.84934683677  3.182453E-15
7795.62570175234  2.935377E-15
7798.40205666793  2.773976E-15
7801.1784115835  3.017322E-15
7803.95476649909  3.328868E-15
7806.73112141466  3.117044E-15
7809.50747633024  3.169842E-15
7812.28383124582  3.050706E-15
7815.0601861614  2.766975E-15
7817.83654107698  3.021213E-15
7820.61289599256  3.069831E-15
7823.38925090814  3.114088E-15
7826.16560582372  2.935360E-15
7828.9419607393  3.206185E-15
7831.71831565488  3.057077E-15
7834.49467057046  3.039698E-15
7837.27102548604  2.922863E-15
7840.04738040162  2.793164E-15
7842.8237353172  2.921819E-15
7845.60009023278  2.970430E-15
7848.37644514836  2.907690E-15
7851.15280006394  2.872236E-15
7853.92915497952  2.921651E-15
7856.7055098951  2.933029E-15
7859.48186481068  2.882498E-15
7862.25821972626  3.075413E-15
7865.03457464184  3.263664E-15
7867.81092955742  3.094609E-15
7870.587284473  2.798308E-15
7873.36363938858  2.766885E-15
7876.13999430416  3.150502E-15
7878.91634921974  3.351582E-15
7881.69270413532  3.129702E-15
7884.4690590509  3.012951E-15
7887.24541396648  3.087772E-15
7890.02176888206  2.748503E-15
7892.79812379764  2.795532E-15
7895.57447871321  2.760116E-15
7898.3508336288  2.748411E-15
7901.12718854437  2.788755E-15
7903.90354345995  3.014497E-15
7906.67989837553  2.934499E-15
7909.45625329111  2.774927E-15
7912.23260820669  2.825299E-15
7915.00896312227  2.762300E-15
7917.78531803785  3.105610E-15
7920.56167295343  3.059228E-15
7923.33802786901  3.220023E-15
7926.11438278459  2.926483E-15
7928.89073770017  2.866761E-15
7931.66709261575  2.924564E-15
7934.44344753133  2.912955E-15
7937.21980244691  2.592187E-15
7939.99615736249  2.591367E-15
7942.77251227807  2.763316E-15
7945.54886719365  2.635045E-15
7948.32522210923  2.658263E-15
7951.10157702481  2.749750E-15
7953.87793194039  2.853178E-15
7956.65428685597  2.846212E-15
7959.43064177155  2.749062E-15
7962.20699668713  2.766420E-15
7964.98335160271  2.781722E-15
7967.75970651829  2.736783E-15
7970.53606143387  2.667224E-15
7973.31241634945  2.684868E-15
7976.08877126503  2.801076E-15
7978.86512618061  2.760953E-15
7981.64148109619  2.806010E-15
7984.41783601176  2.852091E-15
7987.19419092735  2.754254E-15
7989.97054584292  2.814598E-15
7992.74690075851  2.860612E-15
7995.52325567408  2.779144E-15
7998.29961058966  2.556974E-15
8001.07596550524  2.550258E-15
8003.85232042082  2.724647E-15
8006.6286753364  2.740489E-15
8009.40503025198  2.772443E-15
8012.18138516756  2.858230E-15
8014.95774008314  2.642880E-15
8017.73409499872  2.582741E-15
8020.5104499143  2.713556E-15
8023.28680482988  2.590625E-15
8026.06315974546  2.667485E-15
8028.83951466104  2.630656E-15
8031.61586957662  3.115750E-15
8034.3922244922  2.965227E-15
8037.16857940778  3.047205E-15
8039.94493432336  2.687159E-15
8042.72128923894  2.793541E-15
8045.49764415452  2.731384E-15
8048.2739990701  2.898313E-15
8051.05035398568  2.842654E-15
8053.82670890126  2.638771E-15
8056.60306381684  2.620550E-15
8059.37941873242  2.684250E-15
8062.155773648  2.589177E-15
8064.93212856357  2.595129E-15
8067.70848347916  2.700696E-15
8070.48483839474  2.635690E-15
8073.26119331031  2.580841E-15
8076.03754822589  2.597803E-15
8078.81390314148  2.650536E-15
8081.59025805706  2.664832E-15
8084.36661297263  2.757520E-15
8087.14296788822  2.844898E-15
8089.91932280379  2.811017E-15
8092.69567771937  2.714706E-15
8095.47203263495  2.539362E-15
8098.24838755053  2.656824E-15
8101.02474246611  3.176050E-15
8103.80109738169  2.902365E-15
8106.57745229727  2.806526E-15
8109.35380721285  2.874899E-15
8112.13016212843  2.688972E-15
8114.90651704401  2.640765E-15
8117.68287195959  2.472832E-15
8120.45922687517  2.504828E-15
8123.23558179075  2.696487E-15
8126.01193670633  2.574792E-15
8128.78829162191  2.757451E-15
8131.56464653749  2.734664E-15
8134.34100145307  2.664921E-15
8137.11735636865  2.629364E-15
8139.89371128423  2.497681E-15
8142.67006619981  2.373123E-15
8145.44642111539  2.414363E-15
8148.22277603097  2.337152E-15
8150.99913094655  2.266366E-15
8153.77548586213  2.591754E-15
8156.55184077771  2.382633E-15
8159.32819569329  2.162685E-15
8162.10455060886  2.363307E-15
8164.88090552445  2.557782E-15
8167.65726044003  2.537574E-15
8170.43361535561  2.464462E-15
8173.20997027118  2.529614E-15
8175.98632518676  2.571397E-15
8178.76268010234  2.353523E-15
8181.53903501792  2.259023E-15
8184.3153899335  2.614721E-15
8187.09174484908  2.829101E-15
8189.86809976466  2.679146E-15
8192.64445468024  2.556262E-15
8195.42080959582  2.187281E-15
8198.1971645114  2.717330E-15
8200.97351942698  2.757043E-15
8203.74987434256  2.686099E-15
8206.52622925814  2.502757E-15
8209.30258417372  2.676570E-15
8212.0789390893  2.828823E-15
8214.85529400488  2.769341E-15
8217.63164892046  2.613581E-15
8220.40800383604  2.548166E-15
8223.18435875162  2.660954E-15
8225.9607136672  2.699481E-15
8228.73706858278  2.499911E-15
8231.51342349836  2.310400E-15
8234.28977841394  2.356713E-15
8237.06613332952  2.571432E-15
8239.8424882451  2.768642E-15
8242.61884316068  2.395279E-15
8245.39519807626  2.520102E-15
8248.17155299184  2.726005E-15
8250.94790790742  2.832439E-15
8253.724262823  2.640590E-15
8256.50061773858  2.610295E-15
8259.27697265415  2.503591E-15
8262.05332756974  2.779158E-15
8264.82968248532  2.671438E-15
8267.60603740089  2.589330E-15
8270.38239231647  2.803595E-15
8273.15874723205  2.555499E-15
8275.93510214764  2.262258E-15
8278.71145706321  2.506317E-15
8281.48781197879  2.700619E-15
8284.26416689437  2.569071E-15
8287.04052180995  2.585135E-15
8289.81687672553  2.719663E-15
8292.59323164111  2.549454E-15
8295.36958655669  2.600361E-15
8298.14594147227  2.622057E-15
8300.92229638785  2.822753E-15
8303.69865130343  2.693527E-15
8306.47500621901  2.726945E-15
8309.25136113459  2.427665E-15
8312.02771605017  2.744655E-15
8314.80407096575  2.713025E-15
8317.58042588133  2.487762E-15
8320.35678079691  2.533600E-15
8323.13313571249  2.359246E-15
8325.90949062807  2.439397E-15
8328.68584554365  2.676917E-15
8331.46220045923  2.664396E-15
8334.23855537481  2.601356E-15
8337.01491029039  2.651819E-15
8339.79126520597  3.023989E-15
8342.56762012155  2.972173E-15
8345.34397503712  2.987458E-15
8348.12032995271  2.586806E-15
8350.89668486829  2.821071E-15
8353.67303978387  2.682047E-15
8356.44939469944  2.573135E-15
8359.22574961502  2.874548E-15
8362.00210453061  2.582736E-15
8364.77845944619  2.541442E-15
8367.55481436176  2.562697E-15
8370.33116927734  2.922948E-15
8373.10752419292  2.859959E-15
8375.8838791085  2.762735E-15
8378.66023402408  2.788944E-15
8381.43658893966  2.666713E-15
8384.21294385524  2.754707E-15
8386.98929877082  2.720582E-15
8389.7656536864  2.580570E-15
8392.54200860198  2.535015E-15
8395.31836351756  2.502775E-15
8398.09471843314  2.527818E-15
8400.87107334872  2.537842E-15
8403.6474282643  2.827589E-15
8406.42378317988  2.769533E-15
8409.20013809546  2.761716E-15
8411.97649301104  2.799082E-15
8414.75284792662  2.673510E-15
8417.5292028422  2.445627E-15
8420.30555775778  2.486063E-15
8423.08191267336  2.664683E-15
8425.85826758894  2.751543E-15
8428.63462250452  2.695291E-15
8431.4109774201  2.730476E-15
8434.18733233568  2.657823E-15
8436.96368725126  2.593685E-15
8439.74004216684  2.787832E-15
8442.51639708242  2.698685E-15
8445.292751998  2.582585E-15
8448.06910691358  2.648233E-15
8450.84546182916  2.649890E-15
8453.62181674473  2.240729E-15
8456.39817166031  2.502979E-15
8459.1745265759  2.847595E-15
8461.95088149147  2.949101E-15
8464.72723640705  2.828544E-15
8467.50359132263  2.619391E-15
8470.27994623821  2.387451E-15
8473.05630115379  2.502507E-15
8475.83265606937  2.580624E-15
8478.60901098495  2.639525E-15
8481.38536590053  2.680187E-15
8484.16172081611  2.452653E-15
8486.93807573169  2.359237E-15
8489.71443064727  2.541822E-15
8492.49078556285  2.480761E-15
8495.26714047843  2.277840E-15
8498.04349539401  2.305671E-15
8500.81985030959  2.334493E-15
8503.59620522517  2.316404E-15
8506.37256014075  2.337625E-15
8509.14891505633  2.432451E-15
8511.92526997191  2.505580E-15
8514.70162488749  2.384775E-15
8517.47797980307  2.610877E-15
8520.25433471865  2.484340E-15
8523.03068963423  2.279184E-15
8525.80704454981  2.350492E-15
8528.58339946539  2.506895E-15
8531.35975438097  2.284164E-15
8534.13610929655  2.475655E-15
8536.91246421213  2.523184E-15
8539.6888191277  2.360924E-15
8542.46517404328  2.347356E-15
8545.24152895887  2.194217E-15
8548.01788387445  2.641595E-15
8550.79423879002  2.542141E-15
8553.5705937056  2.109936E-15
8556.34694862118  2.300890E-15
8559.12330353676  2.300847E-15
8561.89965845234  2.507791E-15
8564.67601336792  2.107506E-15
8567.4523682835  2.195708E-15
8570.22872319908  2.429278E-15
8573.00507811466  2.437865E-15
8575.78143303024  2.426320E-15
8578.55778794582  2.408987E-15
8581.3341428614  2.367487E-15
8584.11049777698  2.442368E-15
8586.88685269256  2.566405E-15
8589.66320760814  2.436053E-15
8592.43956252372  2.527246E-15
8595.2159174393  2.676890E-15
8597.99227235488  2.594664E-15
8600.76862727046  2.622467E-15
8603.54498218604  2.344209E-15
8606.32133710162  2.366663E-15
8609.0976920172  2.059454E-15
8611.87404693278  2.150037E-15
8614.65040184836  2.291385E-15
8617.42675676394  2.596860E-15
8620.20311167952  2.623596E-15
8622.97946659509  2.378959E-15
8625.75582151068  2.579709E-15
8628.53217642626  2.497325E-15
8631.30853134184  2.450535E-15
8634.08488625742  2.553013E-15
8636.861241173  2.355789E-15
8639.63759608857  2.365462E-15
8642.41395100416  2.370046E-15
8645.19030591974  2.392096E-15
8647.96666083531  2.560427E-15
8650.74301575089  2.379017E-15
8653.51937066647  2.149361E-15
8656.29572558205  2.236568E-15
8659.07208049763  2.622732E-15
8661.84843541321  2.408184E-15
8664.62479032879  2.331109E-15
8667.40114524437  2.573872E-15
8670.17750015995  2.591825E-15
8672.95385507553  2.203650E-15
8675.73020999111  2.271686E-15
8678.50656490669  2.417472E-15
8681.28291982227  2.231525E-15
8684.05927473785  2.517296E-15
8686.83562965343  2.789034E-15
8689.61198456901  2.468981E-15
8692.38833948459  2.281781E-15
8695.16469440017  2.360695E-15
8697.94104931575  2.348803E-15
8700.71740423133  2.420538E-15
8703.49375914691  2.349723E-15
8706.27011406249  2.224508E-15
8709.04646897807  2.380891E-15
8711.82282389365  2.387550E-15
8714.59917880923  2.508461E-15
8717.37553372481  2.092859E-15
8720.15188864039  2.454927E-15
8722.92824355597  2.372603E-15
8725.70459847155  2.382407E-15
8728.48095338713  2.266038E-15
8731.25730830271  2.365728E-15
8734.03366321828  2.198505E-15
8736.81001813386  2.504777E-15
8739.58637304945  2.796850E-15
8742.36272796502  2.594242E-15
8745.1390828806  2.126888E-15
8747.91543779618  2.133768E-15
8750.69179271176  2.487125E-15
8753.46814762734  2.524985E-15
8756.24450254292  2.363897E-15
8759.0208574585  2.393505E-15
8761.79721237408  2.502692E-15
8764.57356728966  2.266394E-15
8767.34992220524  2.177239E-15
8770.12627712082  2.456433E-15
8772.9026320364  2.276231E-15
8775.67898695198  2.206453E-15
8778.45534186756  2.043826E-15
8781.23169678314  1.798053E-15
8784.00805169872  2.137643E-15
8786.7844066143  2.294863E-15
8789.56076152988  2.394161E-15
8792.33711644546  2.402724E-15
8795.11347136104  2.282337E-15
8797.88982627662  2.010521E-15
8800.6661811922  2.250456E-15
8803.44253610778  2.391769E-15
8806.21889102336  2.222690E-15
8808.99524593894  2.119727E-15
8811.77160085452  2.063280E-15
8814.5479557701  2.082847E-15
8817.32431068567  1.993553E-15
8820.10066560126  2.011302E-15
8822.87702051683  1.682064E-15
8825.65337543242  1.977629E-15
8828.429730348  1.907414E-15
8831.20608526358  1.940582E-15
