3861.5307863759  1.624341E-14
3864.30714129148  1.068539E-14
3867.08349620706  1.490604E-14
3869.85985112264  7.928288E-15
3872.63620603822  1.106327E-14
3875.4125609538  1.287016E-14
3878.18891586938  1.098159E-14
3880.96527078496  8.363829E-15
3883.74162570054  1.111501E-14
3886.51798061612  1.066310E-14
3889.2943355317  8.278606E-15
3892.07069044728  8.226537E-15
3894.84704536286  1.255897E-14
3897.62340027844  1.244811E-14
3900.39975519402  6.504720E-15
3903.1761101096  1.265263E-14
3905.95246502518  1.264127E-14
3908.72881994076  1.021354E-14
3911.50517485634  9.157889E-15
3914.28152977192  1.282821E-14
3917.0578846875  1.118236E-14
3919.83423960308  1.290042E-14
3922.61059451866  1.136258E-14
3925.38694943424  1.055192E-14
3928.16330434982  1.051833E-14
3930.9396592654  1.152063E-14
3933.71601418098  9.962047E-15
3936.49236909656  8.112323E-15
3939.26872401214  1.077253E-14
3942.04507892772  1.160677E-14
3944.82143384329  1.047424E-14
3947.59778875887  9.282687E-15
3950.37414367445  8.758360E-15
3953.15049859003  1.014286E-14
3955.92685350561  9.328075E-15
3958.70320842119  1.066646E-14
3961.47956333677  9.942109E-15
3964.25591825235  9.943869E-15
3967.03227316793  9.774258E-15
3969.80862808351  1.096683E-14
3972.58498299909  9.103930E-15
3975.36133791467  8.179817E-15
3978.13769283025  8.850089E-15
3980.91404774583  9.205897E-15
3983.69040266141  1.053269E-14
3986.46675757699  1.025147E-14
3989.24311249257  1.035296E-14
3992.01946740815  1.111683E-14
3994.79582232373  1.162205E-14
3997.57217723931  1.073612E-14
4000.34853215489  9.133972E-15
4003.12488707047  7.967205E-15
4005.90124198605  1.316322E-14
4008.67759690163  1.119477E-14
4011.45395181721  7.883219E-15
4014.23030673279  1.023379E-14
4017.00666164837  1.144730E-14
4019.78301656395  1.144884E-14
4022.55937147953  8.406606E-15
4025.33572639511  1.027864E-14
4028.11208131069  8.788080E-15
4030.88843622627  1.007905E-14
4033.66479114185  9.958123E-15
4036.44114605743  1.155673E-14
4039.21750097301  1.172946E-14
4041.99385588858  1.004804E-14
4044.77021080416  1.124370E-14
4047.54656571974  1.094886E-14
4050.32292063532  1.203329E-14
4053.0992755509  1.298918E-14
4055.87563046648  1.200219E-14
4058.65198538206  9.952390E-15
4061.42834029764  1.132214E-14
4064.20469521322  1.261258E-14
4066.9810501288  1.021474E-14
4069.75740504438  1.132130E-14
4072.53375995996  1.248855E-14
4075.31011487554  1.043041E-14
4078.08646979112  1.012310E-14
4080.8628247067  1.286051E-14
4083.63917962228  1.095750E-14
4086.41553453786  1.009550E-14
4089.19188945344  9.249610E-15
4091.96824436902  1.119543E-14
4094.7445992846  9.583290E-15
4097.52095420018  9.643491E-15
4100.29730911576  1.098850E-14
4103.07366403134  1.035628E-14
4105.85001894692  8.631221E-15
4108.6263738625  8.156943E-15
4111.40272877808  9.232714E-15
4114.17908369366  9.346365E-15
4116.95543860924  8.953801E-15
4119.73179352482  1.067275E-14
4122.5081484404  1.046959E-14
4125.28450335598  9.302440E-15
4128.06085827156  9.778641E-15
4130.83721318714  1.210292E-14
4133.61356810271  1.045178E-14
4136.38992301829  9.427883E-15
4139.16627793387  1.176338E-14
4141.94263284945  1.042151E-14
4144.71898776503  1.012332E-14
4147.49534268061  1.211168E-14
4150.27169759619  1.221756E-14
4153.04805251177  1.038271E-14
4155.82440742735  9.676273E-15
4158.60076234293  1.149053E-14
4161.37711725851  1.114725E-14
4164.15347217409  1.048956E-14
4166.92982708967  9.752438E-15
4169.70618200525  1.236605E-14
4172.48253692083  1.217687E-14
4175.25889183641  1.137447E-14
4178.03524675199  1.259220E-14
4180.81160166757  1.257267E-14
4183.58795658315  1.102030E-14
4186.36431149873  1.142523E-14
4189.14066641431  9.383906E-15
4191.91702132989  1.052346E-14
4194.69337624547  1.108049E-14
4197.46973116105  1.175270E-14
4200.24608607663  1.101213E-14
4203.02244099221  1.123174E-14
4205.79879590779  1.020850E-14
4208.57515082337  1.095745E-14
4211.35150573895  9.712844E-15
4214.12786065453  1.176038E-14
4216.90421557011  1.134953E-14
4219.68057048569  1.124755E-14
4222.45692540127  1.067081E-14
4225.23328031684  1.011724E-14
4228.00963523242  1.107559E-14
4230.785990148  1.000749E-14
4233.56234506358  1.076775E-14
4236.33869997916  1.252712E-14
4239.11505489474  1.041557E-14
4241.89140981032  1.020767E-14
4244.6677647259  1.130292E-14
4247.44411964148  1.070881E-14
4250.22047455706  1.071384E-14
4252.99682947264  9.660395E-15
4255.77318438822  1.093855E-14
4258.5495393038  1.266730E-14
4261.32589421938  1.028589E-14
4264.10224913496  1.091555E-14
4266.87860405054  1.027784E-14
4269.65495896612  1.138446E-14
4272.4313138817  9.515074E-15
4275.20766879728  1.023180E-14
4277.98402371286  1.045825E-14
4280.76037862844  1.016466E-14
4283.53673354402  1.116293E-14
4286.3130884596  1.066892E-14
4289.08944337518  1.062197E-14
4291.86579829076  1.129037E-14
4294.64215320634  1.209978E-14
4297.41850812192  1.164061E-14
4300.1948630375  1.009365E-14
4302.97121795308  1.130779E-14
4305.74757286866  1.082422E-14
4308.52392778424  1.081158E-14
4311.30028269982  1.077174E-14
4314.0766376154  1.111155E-14
4316.85299253098  1.123576E-14
4319.62934744656  1.020384E-14
4322.40570236213  1.036206E-14
4325.18205727771  1.087743E-14
4327.95841219329  1.070513E-14
4330.73476710887  1.022389E-14
4333.51112202445  1.051657E-14
4336.28747694003  1.019594E-14
4339.06383185561  8.992021E-15
4341.84018677119  1.015385E-14
4344.61654168677  1.007362E-14
4347.39289660235  1.096478E-14
4350.16925151793  1.080796E-14
4352.94560643351  9.263787E-15
4355.72196134909  1.002624E-14
4358.49831626467  9.376512E-15
4361.27467118025  1.013268E-14
4364.05102609583  8.979734E-15
4366.82738101141  1.017082E-14
4369.60373592699  9.313187E-15
4372.38009084257  1.041622E-14
4375.15644575815  9.305656E-15
4377.93280067373  1.064743E-14
4380.70915558931  1.102272E-14
4383.48551050489  1.171827E-14
4386.26186542047  1.190233E-14
4389.03822033605  1.134109E-14
4391.81457525163  9.723115E-15
4394.59093016721  1.047280E-14
4397.36728508279  1.154627E-14
4400.14363999837  1.000632E-14
4402.91999491395  1.080079E-14
4405.69634982953  1.209252E-14
4408.47270474511  1.038007E-14
4411.24905966069  1.098993E-14
4414.02541457626  1.062713E-14
4416.80176949185  1.035581E-14
4419.57812440742  1.045988E-14
4422.354479323  1.143759E-14
4425.13083423858  1.019220E-14
4427.90718915416  1.200942E-14
4430.68354406974  1.061448E-14
4433.45989898532  1.046752E-14
4436.2362539009  1.199902E-14
4439.01260881648  1.020842E-14
4441.78896373206  1.113865E-14
4444.56531864764  9.679354E-15
4447.34167356322  1.128813E-14
4450.1180284788  1.190994E-14
4452.89438339438  1.070993E-14
4455.67073830996  1.117349E-14
4458.44709322554  1.041445E-14
4461.22344814112  1.029641E-14
4463.9998030567  1.118279E-14
4466.77615797228  1.126353E-14
4469.55251288786  1.117216E-14
4472.32886780344  1.037070E-14
4475.10522271902  1.053715E-14
4477.8815776346  1.045863E-14
4480.65793255018  9.268802E-15
4483.43428746576  1.034240E-14
4486.21064238134  1.105561E-14
4488.98699729692  1.021588E-14
4491.7633522125  1.089863E-14
4494.53970712808  1.136420E-14
4497.31606204366  9.941782E-15
4500.09241695924  1.051095E-14
4502.86877187482  1.166693E-14
4505.64512679039  1.137543E-14
4508.42148170598  1.085076E-14
4511.19783662155  1.006646E-14
4513.97419153713  1.029603E-14
4516.75054645271  1.014711E-14
4519.52690136829  1.057574E-14
4522.30325628387  1.045347E-14
4525.07961119945  1.080789E-14
4527.85596611503  1.049477E-14
4530.63232103061  9.913515E-15
4533.40867594619  1.124124E-14
4536.18503086177  1.118072E-14
4538.96138577735  1.237909E-14
4541.73774069293  1.238969E-14
4544.51409560851  1.071405E-14
4547.29045052409  9.562164E-15
4550.06680543967  1.043907E-14
4552.84316035525  1.170657E-14
4555.61951527083  1.064779E-14
4558.39587018641  1.048798E-14
4561.17222510199  1.070761E-14
4563.94858001757  1.026779E-14
4566.72493493315  9.898722E-15
4569.50128984873  9.519543E-15
4572.27764476431  9.652571E-15
4575.05399967989  9.604374E-15
4577.83035459547  9.957834E-15
4580.60670951105  1.079726E-14
4583.38306442663  9.662737E-15
4586.15941934221  9.854992E-15
4588.93577425779  9.781754E-15
4591.71212917337  1.026739E-14
4594.48848408895  1.020460E-14
4597.26483900453  1.039144E-14
4600.0411939201  1.097390E-14
4602.81754883568  1.106135E-14
4605.59390375127  1.149062E-14
4608.37025866684  1.084958E-14
4611.14661358242  1.010422E-14
4613.922968498  1.059821E-14
4616.69932341358  1.099708E-14
4619.47567832916  1.010136E-14
4622.25203324474  1.053458E-14
4625.02838816032  1.094672E-14
4627.8047430759  1.056026E-14
4630.58109799148  1.123403E-14
4633.35745290706  1.046399E-14
4636.13380782264  1.077005E-14
4638.91016273822  1.034890E-14
4641.6865176538  1.013345E-14
4644.46287256938  1.203929E-14
4647.23922748496  1.166145E-14
4650.01558240054  1.134438E-14
4652.79193731612  9.818429E-15
4655.5682922317  1.132856E-14
4658.34464714728  1.114353E-14
4661.12100206286  1.155226E-14
4663.89735697844  1.007032E-14
4666.67371189402  1.003973E-14
4669.4500668096  1.103094E-14
4672.22642172518  1.207876E-14
4675.00277664076  1.113046E-14
4677.77913155634  1.210864E-14
4680.55548647192  1.134722E-14
4683.3318413875  1.249985E-14
4686.10819630308  1.180188E-14
4688.88455121866  1.170354E-14
4691.66090613424  1.045516E-14
4694.43726104982  1.084092E-14
4697.21361596539  1.119370E-14
4699.98997088097  1.121190E-14
4702.76632579655  1.070328E-14
4705.54268071213  1.124158E-14
4708.31903562771  1.111752E-14
4711.09539054329  1.049285E-14
4713.87174545887  1.171683E-14
4716.64810037445  1.114563E-14
4719.42445529003  1.044630E-14
4722.20081020561  1.079709E-14
4724.97716512119  1.001671E-14
4727.75352003677  1.046189E-14
4730.52987495235  9.823668E-15
4733.30622986793  1.031556E-14
4736.08258478351  1.053902E-14
4738.85893969909  1.103799E-14
4741.63529461467  1.067444E-14
4744.41164953025  1.077300E-14
4747.18800444583  1.080710E-14
4749.96435936141  1.024153E-14
4752.74071427699  9.958549E-15
4755.51706919257  1.043852E-14
4758.29342410815  1.043429E-14
4761.06977902373  9.858193E-15
4763.84613393931  1.031309E-14
4766.62248885489  1.094998E-14
4769.39884377047  1.109551E-14
4772.17519868605  1.013751E-14
4774.95155360163  1.021066E-14
4777.72790851721  1.018068E-14
4780.50426343279  1.046374E-14
4783.28061834837  1.002121E-14
4786.05697326394  9.944339E-15
4788.83332817953  9.407339E-15
4791.6096830951  9.507238E-15
4794.38603801068  9.566319E-15
4797.16239292626  1.079873E-14
4799.93874784184  1.154717E-14
4802.71510275742  1.052872E-14
4805.491457673  1.059388E-14
4808.26781258858  1.026791E-14
4811.04416750416  1.045010E-14
4813.82052241974  1.084872E-14
4816.59687733532  9.653554E-15
4819.3732322509  1.017948E-14
4822.14958716648  1.017286E-14
4824.92594208206  9.925781E-15
4827.70229699764  1.053819E-14
4830.47865191322  1.016895E-14
4833.2550068288  9.501962E-15
4836.03136174438  9.633521E-15
4838.80771665996  1.030615E-14
4841.58407157554  1.025877E-14
4844.36042649112  1.080906E-14
4847.1367814067  1.072120E-14
4849.91313632228  1.004173E-14
4852.68949123786  9.683002E-15
4855.46584615344  1.063581E-14
4858.24220106902  1.032426E-14
4861.0185559846  1.015488E-14
4863.79491090018  1.017665E-14
4866.57126581576  1.042666E-14
4869.34762073134  1.075066E-14
4872.12397564692  9.870169E-15
4874.9003305625  9.758598E-15
4877.67668547807  8.537952E-15
4880.45304039366  8.731099E-15
4883.22939530923  9.650650E-15
4886.00575022481  9.717779E-15
4888.7821051404  9.396568E-15
4891.55846005597  9.670328E-15
4894.33481497155  9.830653E-15
4897.11116988713  9.507609E-15
4899.88752480271  9.444110E-15
4902.66387971829  9.668773E-15
4905.44023463387  9.673147E-15
4908.21658954945  9.305878E-15
4910.99294446503  9.610642E-15
4913.76929938061  9.945894E-15
4916.54565429619  9.269624E-15
4919.32200921177  9.080869E-15
4922.09836412735  8.695091E-15
4924.87471904293  9.056290E-15
4927.65107395851  1.051973E-14
4930.42742887409  9.441031E-15
4933.20378378967  1.099368E-14
4935.98013870525  1.087441E-14
4938.75649362083  1.092668E-14
4941.53284853641  1.039730E-14
4944.30920345199  1.012649E-14
4947.08555836757  9.599787E-15
4949.86191328315  9.310032E-15
4952.63826819873  9.709868E-15
4955.41462311431  1.053505E-14
4958.19097802989  1.085322E-14
4960.96733294547  1.001232E-14
4963.74368786104  1.043030E-14
4966.52004277663  1.016374E-14
4969.29639769221  1.023806E-14
4972.07275260778  1.006168E-14
4974.84910752337  9.709840E-15
4977.62546243894  9.310270E-15
4980.40181735452  9.598534E-15
4983.1781722701  9.205413E-15
4985.95452718569  9.716372E-15
4988.73088210126  9.255887E-15
4991.50723701684  9.986060E-15
4994.28359193242  9.275151E-15
4997.059946848  9.534088E-15
4999.83630176358  8.100703E-15
5002.61265667916  9.360731E-15
5005.38901159474  9.245808E-15
5008.16536651032  9.598770E-15
5010.9417214259  9.438442E-15
5013.71807634148  9.121625E-15
5016.49443125706  9.685798E-15
5019.27078617264  9.818698E-15
5022.04714108822  1.058751E-14
5024.8234960038  1.052575E-14
5027.59985091938  9.995887E-15
5030.37620583496  1.000488E-14
5033.15256075054  9.333731E-15
5035.92891566612  9.757892E-15
5038.7052705817  9.670828E-15
5041.48162549728  9.164348E-15
5044.25798041286  9.369214E-15
5047.03433532844  9.673065E-15
5049.81069024402  8.916994E-15
5052.5870451596  9.838471E-15
5055.36340007518  9.554737E-15
5058.13975499076  9.631402E-15
5060.91610990634  9.049675E-15
5063.69246482192  9.302350E-15
5066.4688197375  9.225885E-15
5069.24517465307  9.966683E-15
5072.02152956866  9.531902E-15
5074.79788448423  9.274965E-15
5077.57423939981  1.000235E-14
5080.3505943154  1.046875E-14
5083.12694923098  9.990556E-15
5085.90330414655  9.625510E-15
5088.67965906213  9.614721E-15
5091.45601397771  9.744007E-15
5094.23236889329  9.461672E-15
5097.00872380887  9.902463E-15
5099.78507872445  9.786265E-15
5102.56143364003  9.331583E-15
5105.33778855561  9.122618E-15
5108.11414347119  9.470794E-15
5110.89049838677  9.675149E-15
5113.66685330235  9.794577E-15
5116.44320821793  9.312803E-15
5119.21956313351  8.550833E-15
5121.99591804909  9.490264E-15
5124.77227296467  9.072974E-15
5127.54862788025  9.248452E-15
5130.32498279583  9.605330E-15
5133.10133771141  9.307104E-15
5135.87769262699  9.108561E-15
5138.65404754257  9.241069E-15
5141.43040245815  9.473648E-15
5144.20675737373  9.872492E-15
5146.98311228931  9.735211E-15
5149.75946720489  9.892764E-15
5152.53582212047  9.526983E-15
5155.31217703605  9.923341E-15
5158.08853195163  9.659615E-15
5160.86488686721  8.459948E-15
5163.64124178279  8.956430E-15
5166.41759669837  1.001789E-14
5169.19395161395  9.275112E-15
5171.97030652952  8.856383E-15
5174.74666144511  9.434522E-15
5177.52301636068  9.616472E-15
5180.29937127626  9.238244E-15
5183.07572619184  1.023856E-14
5185.85208110742  9.696444E-15
5188.628436023  9.133429E-15
5191.40479093858  8.821805E-15
5194.18114585416  9.188978E-15
5196.95750076974  9.509524E-15
5199.73385568532  9.022687E-15
5202.5102106009  9.293318E-15
5205.28656551648  9.370868E-15
5208.06292043206  9.273163E-15
5210.83927534764  1.012057E-14
5213.61563026322  1.058947E-14
5216.3919851788  9.572246E-15
5219.16834009438  9.358455E-15
5221.94469500996  9.826613E-15
5224.72104992554  9.352980E-15
5227.49740484112  8.706868E-15
5230.2737597567  8.490125E-15
5233.05011467228  9.821530E-15
5235.82646958786  9.150438E-15
5238.60282450344  9.275836E-15
5241.37917941902  9.282200E-15
5244.1555343346  8.923224E-15
5246.93188925018  8.864032E-15
5249.70824416576  9.526848E-15
5252.48459908134  9.826987E-15
5255.26095399692  9.866342E-15
5258.0373089125  8.765479E-15
5260.81366382808  9.334942E-15
5263.59001874365  9.273360E-15
5266.36637365923  9.059520E-15
5269.14272857481  8.865059E-15
5271.91908349039  8.895717E-15
5274.69543840597  8.765950E-15
5277.47179332155  9.032743E-15
5280.24814823713  9.107561E-15
5283.02450315271  8.743189E-15
5285.80085806829  9.079681E-15
5288.57721298387  9.583341E-15
5291.35356789945  9.222289E-15
5294.12992281503  9.197292E-15
5296.90627773061  8.889720E-15
5299.68263264619  8.731011E-15
5302.45898756177  9.413053E-15
5305.23534247735  9.248581E-15
5308.01169739293  8.964594E-15
5310.78805230851  8.816098E-15
5313.56440722409  9.174522E-15
5316.34076213967  8.573705E-15
5319.11711705525  8.905531E-15
5321.89347197083  9.278987E-15
5324.66982688641  9.306392E-15
5327.44618180199  8.617878E-15
5330.22253671757  8.755027E-15
5332.99889163315  9.241875E-15
5335.77524654873  9.052531E-15
5338.55160146431  8.433952E-15
5341.32795637989  8.124372E-15
5344.10431129547  8.634205E-15
5346.88066621105  8.999980E-15
5349.65702112662  8.562294E-15
5352.43337604221  9.474593E-15
5355.20973095778  9.094052E-15
5357.98608587337  8.207674E-15
5360.76244078894  8.635422E-15
5363.53879570452  8.830195E-15
5366.3151506201  8.639257E-15
5369.09150553568  8.643763E-15
5371.86786045126  8.814430E-15
5374.64421536684  8.823669E-15
5377.42057028242  8.986836E-15
5380.196925198  9.118980E-15
5382.97328011358  9.006265E-15
5385.74963502916  8.756950E-15
5388.52598994474  8.892184E-15
5391.30234486032  8.943805E-15
5394.0786997759  9.089178E-15
5396.85505469148  9.147965E-15
5399.63140960706  8.914861E-15
5402.40776452264  8.677829E-15
5405.18411943822  9.166502E-15
5407.9604743538  9.440635E-15
5410.73682926938  9.343887E-15
5413.51318418496  8.148040E-15
5416.28953910054  8.391081E-15
5419.06589401612  9.218795E-15
5421.8422489317  9.154708E-15
5424.61860384728  8.836727E-15
5427.39495876286  8.855782E-15
5430.17131367844  9.127707E-15
5432.94766859402  8.898900E-15
5435.7240235096  8.980968E-15
5438.50037842518  8.081440E-15
5441.27673334076  8.274894E-15
5444.05308825634  8.635979E-15
5446.82944317192  9.215575E-15
5449.6057980875  8.248675E-15
5452.38215300308  8.796713E-15
5455.15850791866  7.931654E-15
5457.93486283423  7.828053E-15
5460.71121774981  8.303951E-15
5463.48757266539  8.789400E-15
5466.26392758097  8.329946E-15
5469.04028249655  7.976387E-15
5471.81663741213  8.610477E-15
5474.59299232771  8.676445E-15
5477.36934724329  8.068498E-15
5480.14570215887  8.210805E-15
5482.92205707445  8.817256E-15
5485.69841199003  8.788666E-15
5488.47476690561  7.674315E-15
5491.25112182119  8.059613E-15
5494.02747673677  8.622872E-15
5496.80383165235  8.089996E-15
5499.58018656793  8.353430E-15
5502.35654148351  8.966527E-15
5505.13289639909  8.921380E-15
5507.90925131467  8.365930E-15
5510.68560623025  8.090610E-15
5513.46196114583  8.380141E-15
5516.23831606141  8.539001E-15
5519.01467097699  8.379008E-15
5521.79102589257  7.962744E-15
5524.56738080815  7.876763E-15
5527.34373572373  8.185445E-15
5530.12009063931  8.515244E-15
5532.89644555489  8.523403E-15
5535.67280047047  7.863319E-15
5538.44915538605  8.399091E-15
5541.22551030163  8.108382E-15
5544.0018652172  8.027339E-15
5546.77822013278  8.130243E-15
5549.55457504837  8.183040E-15
5552.33092996394  8.197089E-15
5555.10728487952  7.612786E-15
5557.8836397951  8.067493E-15
5560.65999471068  8.297337E-15
5563.43634962626  8.208590E-15
5566.21270454184  8.134869E-15
5568.98905945742  7.943137E-15
5571.765414373  8.453734E-15
5574.54176928858  8.599811E-15
5577.31812420416  7.553433E-15
5580.09447911974  7.526044E-15
5582.87083403532  8.438500E-15
5585.6471889509  8.438914E-15
5588.42354386648  8.575223E-15
5591.19989878206  8.234462E-15
5593.97625369764  8.093125E-15
5596.75260861322  8.495421E-15
5599.5289635288  7.729696E-15
5602.30531844438  7.971066E-15
5605.08167335996  7.925216E-15
5607.85802827554  8.242396E-15
5610.63438319112  8.109488E-15
5613.4107381067  8.050421E-15
5616.18709302228  8.457859E-15
5618.96344793786  8.210509E-15
5621.73980285344  7.874242E-15
5624.51615776902  7.910043E-15
5627.2925126846  7.873196E-15
5630.06886760018  7.549196E-15
5632.84522251576  7.983910E-15
5635.62157743134  7.609171E-15
5638.39793234691  8.274473E-15
5641.1742872625  7.872694E-15
5643.95064217807  7.701074E-15
5646.72699709365  7.693136E-15
5649.50335200923  7.834875E-15
5652.27970692482  8.026803E-15
5655.05606184039  7.947557E-15
5657.83241675597  8.583087E-15
5660.60877167155  7.941811E-15
5663.38512658713  7.786438E-15
5666.16148150271  7.973097E-15
5668.93783641829  7.905160E-15
5671.71419133387  7.605195E-15
5674.49054624945  7.825389E-15
5677.26690116503  7.864847E-15
5680.04325608061  8.199179E-15
5682.81961099619  7.521005E-15
5685.59596591177  7.959846E-15
5688.37232082735  7.877736E-15
5691.14867574293  7.839064E-15
5693.92503065851  7.463716E-15
5696.70138557409  7.505778E-15
5699.47774048967  7.301144E-15
5702.25409540525  8.029039E-15
5705.03045032083  7.934933E-15
5707.80680523641  7.672247E-15
5710.58316015199  7.795471E-15
5713.35951506757  7.446598E-15
5716.13586998315  7.337432E-15
5718.91222489873  8.019179E-15
5721.68857981431  7.989274E-15
5724.46493472989  7.798215E-15
5727.24128964546  8.328096E-15
5730.01764456105  8.144395E-15
5732.79399947663  7.920382E-15
5735.5703543922  7.790265E-15
5738.34670930778  7.464864E-15
5741.12306422336  6.980564E-15
5743.89941913894  7.187689E-15
5746.67577405452  7.371296E-15
5749.4521289701  7.217803E-15
5752.22848388568  7.271514E-15
5755.00483880126  7.489479E-15
5757.78119371684  7.664049E-15
5760.55754863242  8.041230E-15
5763.333903548  7.791404E-15
5766.11025846358  7.477443E-15
5768.88661337916  7.756907E-15
5771.66296829474  7.796971E-15
5774.43932321032  7.654208E-15
5777.2156781259  7.712802E-15
5779.99203304148  7.652464E-15
5782.76838795706  7.754848E-15
5785.54474287264  7.496131E-15
5788.32109778822  8.303516E-15
5791.0974527038  7.803321E-15
5793.87380761938  7.586606E-15
5796.65016253496  7.358419E-15
5799.42651745054  7.727798E-15
5802.20287236612  7.817702E-15
5804.9792272817  7.218265E-15
5807.75558219728  7.476806E-15
5810.53193711286  7.539671E-15
5813.30829202844  6.949793E-15
5816.08464694402  7.296759E-15
5818.8610018596  7.556082E-15
5821.63735677518  7.845566E-15
5824.41371169076  7.683691E-15
5827.19006660633  7.491448E-15
5829.96642152192  7.572745E-15
5832.74277643749  7.907909E-15
5835.51913135307  7.764242E-15
5838.29548626865  7.369519E-15
5841.07184118423  7.532848E-15
5843.84819609981  7.025935E-15
5846.62455101539  6.603386E-15
5849.40090593097  7.688683E-15
5852.17726084655  7.727212E-15
5854.95361576213  7.576037E-15
5857.72997067771  7.207022E-15
5860.50632559329  7.721662E-15
5863.28268050887  8.088599E-15
5866.05903542445  7.914707E-15
5868.83539034003  7.214054E-15
5871.61174525561  7.209205E-15
5874.38810017119  7.283360E-15
5877.16445508677  7.386682E-15
5879.94081000235  7.160607E-15
5882.71716491793  7.479107E-15
5885.49351983351  7.116155E-15
5888.26987474909  6.940058E-15
5891.04622966467  6.993012E-15
5893.82258458025  7.604967E-15
5896.59893949583  7.279777E-15
5899.37529441141  6.980182E-15
5902.15164932699  6.911746E-15
5904.92800424257  6.975627E-15
5907.70435915815  7.128942E-15
5910.48071407373  7.200597E-15
5913.25706898931  7.408543E-15
5916.03342390489  6.748128E-15
5918.80977882047  6.792904E-15
5921.58613373604  7.151542E-15
5924.36248865163  7.285933E-15
5927.1388435672  7.288730E-15
5929.91519848278  7.459173E-15
5932.69155339836  7.084867E-15
5935.46790831394  6.650296E-15
5938.24426322952  6.767892E-15
5941.0206181451  7.158949E-15
5943.79697306068  7.438770E-15
5946.57332797626  7.443474E-15
5949.34968289184  7.346108E-15
5952.12603780742  7.171061E-15
5954.902392723  6.517703E-15
5957.67874763858  6.708899E-15
5960.45510255416  6.640277E-15
5963.23145746974  6.781390E-15
5966.00781238532  7.261728E-15
5968.7841673009  6.821511E-15
5971.56052221648  6.732686E-15
5974.33687713206  6.866337E-15
5977.11323204764  7.225849E-15
5979.88958696322  7.199506E-15
5982.6659418788  7.128616E-15
5985.44229679438  7.289306E-15
5988.21865170996  7.000034E-15
5990.99500662554  6.676404E-15
5993.77136154112  6.728937E-15
5996.5477164567  6.812170E-15
5999.32407137228  6.700596E-15
6002.10042628786  6.848903E-15
6004.87678120344  7.001098E-15
6007.65313611902  7.227542E-15
6010.42949103459  6.957180E-15
6013.20584595018  7.049509E-15
6015.98220086575  7.231676E-15
6018.75855578134  6.856859E-15
6021.53491069691  7.315610E-15
6024.31126561249  7.033024E-15
6027.08762052807  6.912912E-15
6029.86397544365  7.012012E-15
6032.64033035923  6.654057E-15
6035.41668527481  6.984457E-15
6038.19304019039  7.154078E-15
6040.96939510597  6.724998E-15
6043.74575002155  7.043676E-15
6046.52210493713  7.232625E-15
6049.29845985271  7.154133E-15
6052.07481476829  6.996619E-15
6054.85116968387  6.932087E-15
6057.62752459945  6.978380E-15
6060.40387951503  7.071606E-15
6063.18023443061  6.590052E-15
6065.95658934619  6.912598E-15
6068.73294426177  6.631303E-15
6071.50929917735  6.921809E-15
6074.28565409293  6.548158E-15
6077.06200900851  6.446717E-15
6079.83836392409  7.013411E-15
6082.61471883967  6.706894E-15
6085.39107375525  6.265052E-15
6088.16742867083  6.592999E-15
6090.94378358641  6.584258E-15
6093.72013850199  6.636019E-15
6096.49649341757  6.248814E-15
6099.27284833315  6.595816E-15
6102.04920324873  6.801853E-15
6104.82555816431  6.961506E-15
6107.60191307989  6.850348E-15
6110.37826799546  6.834077E-15
6113.15462291105  7.037569E-15
6115.93097782662  7.021364E-15
6118.7073327422  6.726113E-15
6121.48368765778  6.108387E-15
6124.26004257336  6.144258E-15
6127.03639748894  6.636523E-15
6129.81275240452  6.625164E-15
6132.5891073201  6.591531E-15
6135.36546223568  6.616919E-15
6138.14181715126  6.408042E-15
6140.91817206684  6.532213E-15
6143.69452698242  6.716771E-15
6146.470881898  6.232214E-15
6149.24723681358  6.384712E-15
6152.02359172916  6.769058E-15
6154.79994664474  6.767003E-15
6157.57630156032  6.535821E-15
6160.3526564759  6.585660E-15
6163.12901139148  6.554216E-15
6165.90536630706  6.949362E-15
6168.68172122264  6.823900E-15
6171.45807613822  6.502867E-15
6174.2344310538  6.541644E-15
6177.01078596938  6.997693E-15
6179.78714088496  6.479165E-15
6182.56349580054  6.453501E-15
6185.33985071612  6.725462E-15
6188.1162056317  6.714284E-15
6190.89256054728  6.679154E-15
6193.66891546286  6.545717E-15
6196.44527037844  6.388094E-15
6199.22162529402  6.174865E-15
6201.9979802096  6.295376E-15
6204.77433512517  6.674258E-15
6207.55069004076  6.717378E-15
6210.32704495633  6.398782E-15
6213.10339987191  6.447358E-15
6215.87975478749  6.388572E-15
6218.65610970307  6.161053E-15
6221.43246461865  6.467286E-15
6224.20881953423  6.297494E-15
6226.98517444981  6.256589E-15
6229.76152936539  6.981155E-15
6232.53788428097  6.684217E-15
6235.31423919655  6.341806E-15
6238.09059411213  6.405090E-15
6240.86694902771  6.095231E-15
6243.64330394329  5.905063E-15
6246.41965885887  6.494994E-15
6249.19601377445  6.234458E-15
6251.97236869003  6.116514E-15
6254.74872360561  6.187866E-15
6257.52507852119  6.575069E-15
6260.30143343677  6.426592E-15
6263.07778835235  6.033356E-15
6265.85414326793  5.683328E-15
6268.63049818351  5.892643E-15
6271.40685309909  5.961183E-15
6274.18320801467  6.168605E-15
6276.95956293025  5.976083E-15
6279.73591784583  5.964694E-15
6282.51227276141  6.239334E-15
6285.28862767699  6.409820E-15
6288.06498259257  6.477015E-15
6290.84133750815  6.329574E-15
6293.61769242373  6.257579E-15
6296.39404733931  5.819423E-15
6299.17040225488  6.186115E-15
6301.94675717047  6.510540E-15
6304.72311208604  6.189700E-15
6307.49946700162  5.729308E-15
6310.2758219172  5.836296E-15
6313.05217683278  5.965868E-15
6315.82853174836  6.088730E-15
6318.60488666394  6.397468E-15
6321.38124157952  6.350150E-15
6324.1575964951  6.219200E-15
6326.93395141068  6.155092E-15
6329.71030632626  5.831790E-15
6332.48666124184  5.775188E-15
6335.26301615742  6.424484E-15
6338.039371073  6.283688E-15
6340.81572598858  5.979296E-15
6343.59208090416  5.925738E-15
6346.36843581974  5.567055E-15
6349.14479073532  6.132353E-15
6351.9211456509  6.221977E-15
6354.69750056648  5.741937E-15
6357.47385548206  6.270496E-15
6360.25021039764  6.189553E-15
6363.02656531322  5.682133E-15
6365.8029202288  6.061952E-15
6368.57927514438  6.069096E-15
6371.35563005996  6.059457E-15
6374.13198497554  5.852045E-15
6376.90833989111  5.797271E-15
6379.6846948067  6.000905E-15
6382.46104972228  6.060276E-15
6385.23740463786  5.920718E-15
6388.01375955344  6.444183E-15
6390.79011446902  6.190171E-15
6393.56646938459  6.339027E-15
6396.34282430017  5.849973E-15
6399.11917921575  6.297309E-15
6401.89553413133  6.026642E-15
6404.67188904691  6.181850E-15
6407.44824396249  5.957193E-15
6410.22459887807  5.900021E-15
6413.00095379365  6.362419E-15
6415.77730870923  6.330548E-15
6418.55366362481  6.168385E-15
6421.33001854039  5.783336E-15
6424.10637345597  6.199971E-15
6426.88272837155  6.172194E-15
6429.65908328713  5.470614E-15
6432.43543820271  5.680129E-15
6435.21179311829  5.828426E-15
6437.98814803387  5.753541E-15
6440.76450294945  5.602215E-15
6443.54085786503  5.627403E-15
6446.31721278061  5.654318E-15
6449.09356769619  6.207568E-15
6451.86992261177  6.361848E-15
6454.64627752735  5.913976E-15
6457.42263244293  6.053349E-15
6460.19898735851  5.889674E-15
6462.97534227409  5.770077E-15
6465.75169718967  5.833681E-15
6468.52805210525  5.640600E-15
6471.30440702083  5.971594E-15
6474.08076193641  5.800591E-15
6476.85711685199  5.606479E-15
6479.63347176757  5.976014E-15
6482.40982668315  5.882465E-15
6485.18618159872  6.234151E-15
6487.9625365143  6.435072E-15
6490.73889142988  5.654957E-15
6493.51524634546  5.374719E-15
6496.29160126104  5.495197E-15
6499.06795617662  6.008673E-15
6501.8443110922  5.922064E-15
6504.62066600778  5.382744E-15
6507.39702092336  5.666665E-15
6510.17337583894  5.851931E-15
6512.94973075452  5.931384E-15
6515.7260856701  5.917320E-15
6518.50244058568  5.648402E-15
6521.27879550126  5.737170E-15
6524.05515041684  5.850020E-15
6526.83150533242  5.886944E-15
6529.607860248  5.931513E-15
6532.38421516358  5.678502E-15
6535.16057007916  5.648287E-15
6537.93692499474  5.524821E-15
6540.71327991032  5.969751E-15
6543.4896348259  6.464652E-15
6546.26598974148  7.424649E-15
6549.04234465706  8.398017E-15
6551.81869957264  8.608577E-15
6554.59505448822  9.175237E-15
6557.3714094038  9.897407E-15
6560.14776431938  9.783197E-15
6562.92411923496  9.329107E-15
6565.70047415053  8.748766E-15
6568.47682906612  7.746907E-15
6571.25318398169  6.809284E-15
6574.02953889728  6.180472E-15
6576.80589381286  5.890830E-15
6579.58224872843  5.764713E-15
6582.35860364401  5.836088E-15
6585.13495855959  5.554347E-15
6587.91131347517  5.345187E-15
6590.68766839076  5.506279E-15
6593.46402330633  5.679828E-15
6596.24037822191  5.688656E-15
6599.01673313749  4.940902E-15
6601.79308805307  5.217928E-15
6604.56944296865  5.419837E-15
6607.34579788423  5.835030E-15
6610.12215279981  5.370228E-15
6612.89850771539  5.323285E-15
6615.67486263097  5.326911E-15
6618.45121754655  5.394325E-15
6621.22757246213  5.583840E-15
6624.00392737771  5.455868E-15
6626.78028229329  5.506866E-15
6629.55663720887  5.159393E-15
6632.33299212445  5.326255E-15
6635.10934704003  5.499505E-15
6637.88570195561  5.305122E-15
6640.66205687119  5.126667E-15
6643.43841178677  5.050008E-15
6646.21476670235  5.324011E-15
6648.99112161793  5.458430E-15
6651.76747653351  5.431336E-15
6654.54383144909  5.569945E-15
6657.32018636467  5.769613E-15
6660.09654128025  5.675506E-15
6662.87289619583  5.214405E-15
6665.64925111141  5.361705E-15
6668.42560602698  5.508005E-15
6671.20196094257  5.736301E-15
6673.97831585815  5.467269E-15
6676.75467077372  5.148136E-15
6679.5310256893  5.688514E-15
6682.30738060488  5.532776E-15
6685.08373552046  5.476205E-15
6687.86009043604  5.492955E-15
6690.63644535162  5.399456E-15
6693.4128002672  5.348944E-15
6696.18915518278  5.145959E-15
6698.96551009836  5.384907E-15
6701.74186501394  4.956244E-15
6704.51821992952  5.335924E-15
6707.2945748451  5.426038E-15
6710.07092976068  4.963180E-15
6712.84728467626  5.270715E-15
6715.62363959184  5.345433E-15
6718.39999450742  5.110219E-15
6721.176349423  5.273443E-15
6723.95270433858  5.332851E-15
6726.72905925416  5.217719E-15
6729.50541416974  5.217180E-15
6732.28176908532  5.308499E-15
6735.0581240009  5.538563E-15
6737.83447891648  5.621655E-15
6740.61083383206  5.347985E-15
6743.38718874764  5.200773E-15
6746.16354366322  5.221678E-15
6748.9398985788  5.300886E-15
6751.71625349438  5.468803E-15
6754.49260840996  5.118690E-15
6757.26896332554  5.084486E-15
6760.04531824112  5.323109E-15
6762.82167315669  5.529603E-15
6765.59802807227  5.046641E-15
6768.37438298785  5.474435E-15
6771.15073790343  5.067620E-15
6773.92709281901  5.183098E-15
6776.70344773459  4.962658E-15
6779.47980265018  5.312799E-15
6782.25615756575  5.319679E-15
6785.03251248133  5.146613E-15
6787.80886739691  5.325223E-15
6790.58522231249  5.225490E-15
6793.36157722807  5.307806E-15
6796.13793214365  5.124415E-15
6798.91428705923  5.077148E-15
6801.69064197481  5.161113E-15
6804.46699689039  5.045173E-15
6807.24335180597  5.201013E-15
6810.01970672155  5.547461E-15
6812.79606163713  5.359091E-15
6815.57241655271  5.125305E-15
6818.34877146829  5.078391E-15
6821.12512638387  4.841892E-15
6823.90148129945  4.756141E-15
6826.67783621503  4.637057E-15
6829.45419113061  4.825671E-15
6832.23054604619  4.936480E-15
6835.00690096177  5.110068E-15
6837.78325587735  5.251369E-15
6840.55961079293  4.841654E-15
6843.33596570851  4.620375E-15
6846.11232062409  4.805975E-15
6848.88867553967  4.817159E-15
6851.66503045524  4.918068E-15
6854.44138537082  5.106932E-15
6857.21774028641  5.011680E-15
6859.99409520199  4.676942E-15
6862.77045011756  5.148884E-15
6865.54680503314  5.206490E-15
6868.32315994872  5.485876E-15
6871.0995148643  5.181726E-15
6873.87586977988  4.857631E-15
6876.65222469546  5.298972E-15
6879.42857961104  5.069220E-15
6882.20493452662  5.105003E-15
6884.9812894422  5.025487E-15
6887.75764435778  4.640012E-15
6890.53399927336  4.790803E-15
6893.31035418894  4.847966E-15
6896.08670910452  4.979654E-15
6898.8630640201  5.008037E-15
6901.63941893568  4.907233E-15
6904.41577385126  4.873551E-15
6907.19212876684  5.072155E-15
6909.96848368242  5.033836E-15
6912.744838598  4.698272E-15
6915.52119351358  5.305615E-15
6918.29754842916  5.451535E-15
6921.07390334474  5.287783E-15
6923.85025826032  4.852090E-15
6926.6266131759  5.157982E-15
6929.40296809148  5.381749E-15
6932.17932300706  4.872007E-15
6934.95567792264  4.728052E-15
6937.73203283822  5.021234E-15
6940.5083877538  4.718238E-15
6943.28474266938  4.981602E-15
6946.06109758495  5.173184E-15
6948.83745250054  4.927355E-15
6951.61380741612  4.616132E-15
6954.39016233169  4.795235E-15
6957.16651724727  5.129030E-15
6959.94287216285  4.993706E-15
6962.71922707843  4.953900E-15
6965.49558199401  5.070981E-15
6968.27193690959  4.981223E-15
6971.04829182517  4.930544E-15
6973.82464674075  4.815354E-15
6976.60100165633  4.794581E-15
6979.37735657191  5.166076E-15
6982.15371148749  5.218216E-15
6984.93006640307  5.055921E-15
6987.70642131865  4.868788E-15
6990.48277623423  4.899350E-15
6993.25913114981  4.748759E-15
6996.03548606539  4.558681E-15
6998.81184098097  5.098232E-15
7001.58819589655  4.780141E-15
7004.36455081213  4.806548E-15
7007.14090572771  4.859864E-15
7009.91726064329  4.954399E-15
7012.69361555887  4.876680E-15
7015.46997047445  4.772980E-15
7018.24632539003  4.993921E-15
7021.02268030561  5.295825E-15
7023.79903522119  4.822238E-15
7026.57539013677  4.943563E-15
7029.35174505235  5.334569E-15
7032.12809996793  5.063060E-15
7034.90445488351  5.276952E-15
7037.68080979909  5.147429E-15
7040.45716471466  4.879608E-15
7043.23351963024  4.934452E-15
7046.00987454583  4.332420E-15
7048.7862294614  4.604471E-15
7051.56258437698  4.904433E-15
7054.33893929256  4.949309E-15
7057.11529420814  4.932853E-15
7059.89164912372  5.203811E-15
7062.6680040393  4.902073E-15
7065.44435895488  4.874107E-15
7068.22071387046  4.878683E-15
7070.99706878604  5.350819E-15
7073.77342370162  4.614561E-15
7076.5497786172  4.666210E-15
7079.32613353278  5.004085E-15
7082.10248844836  4.634811E-15
7084.87884336394  4.510289E-15
7087.65519827952  4.824962E-15
7090.4315531951  4.746647E-15
7093.20790811068  4.643627E-15
7095.98426302626  4.871892E-15
7098.76061794184  4.818778E-15
7101.53697285742  4.637696E-15
7104.313327773  4.666208E-15
7107.08968268858  4.720891E-15
7109.86603760416  4.729767E-15
7112.64239251974  4.806313E-15
7115.41874743532  5.297798E-15
7118.1951023509  4.945781E-15
7120.97145726648  4.407735E-15
7123.74781218206  4.254514E-15
7126.52416709764  4.363924E-15
7129.30052201322  4.482971E-15
7132.0768769288  4.620275E-15
7134.85323184437  4.759578E-15
7137.62958675996  4.453214E-15
7140.40594167553  4.471356E-15
7143.18229659112  4.281544E-15
7145.95865150669  4.186850E-15
7148.73500642227  4.675962E-15
7151.51136133785  4.501892E-15
7154.28771625343  4.247811E-15
7157.06407116901  4.657695E-15
7159.84042608459  4.641240E-15
7162.61678100017  4.212380E-15
7165.39313591575  4.247728E-15
7168.16949083133  4.403969E-15
7170.94584574691  4.465146E-15
7173.72220066249  4.635962E-15
7176.49855557807  4.303785E-15
7179.27491049365  4.006974E-15
7182.05126540923  4.497636E-15
7184.82762032481  4.613168E-15
7187.60397524039  4.357717E-15
7190.38033015597  4.274707E-15
7193.15668507155  4.108524E-15
7195.93303998713  3.898124E-15
7198.70939490271  3.651956E-15
7201.48574981829  4.518487E-15
7204.26210473387  4.364071E-15
7207.03845964945  4.191969E-15
7209.81481456503  4.541949E-15
7212.59116948061  4.056944E-15
7215.36752439619  3.823747E-15
7218.14387931177  4.092674E-15
7220.92023422735  4.298236E-15
7223.69658914293  4.233108E-15
7226.47294405851  3.975153E-15
7229.24929897409  4.004990E-15
7232.02565388966  4.301150E-15
7234.80200880524  4.245808E-15
7237.57836372083  4.052813E-15
7240.3547186364  4.488277E-15
7243.13107355198  4.352190E-15
7245.90742846756  4.454658E-15
7248.68378338314  4.441638E-15
7251.46013829872  4.401221E-15
7254.2364932143  4.175323E-15
7257.01284812988  4.576483E-15
7259.78920304546  4.582250E-15
7262.56555796104  4.303505E-15
7265.34191287662  4.025549E-15
7268.1182677922  4.316396E-15
7270.89462270778  4.395475E-15
7273.67097762336  4.441839E-15
7276.44733253894  4.479572E-15
7279.22368745452  4.306756E-15
7282.0000423701  4.276734E-15
7284.77639728568  4.134543E-15
7287.55275220126  4.090879E-15
7290.32910711684  4.264407E-15
7293.10546203242  3.973506E-15
7295.881816948  3.721014E-15
7298.65817186358  3.766996E-15
7301.43452677916  3.594408E-15
7304.21088169474  3.701898E-15
7306.98723661032  3.882426E-15
7309.7635915259  4.105331E-15
7312.53994644148  4.231632E-15
7315.31630135706  4.054448E-15
7318.09265627264  4.030546E-15
7320.86901118822  3.884574E-15
7323.6453661038  4.123602E-15
7326.42172101938  4.017224E-15
7329.19807593495  3.849751E-15
7331.97443085053  4.178174E-15
7334.75078576611  4.098497E-15
7337.52714068169  3.940612E-15
7340.30349559727  3.858087E-15
7343.07985051285  3.965374E-15
7345.85620542843  3.802240E-15
7348.63256034401  3.631035E-15
7351.40891525959  4.066554E-15
7354.18527017517  4.064075E-15
7356.96162509075  3.862837E-15
7359.73798000633  3.977527E-15
7362.51433492191  3.677220E-15
7365.29068983749  3.643623E-15
7368.06704475307  3.823072E-15
7370.84339966865  4.011855E-15
7373.61975458423  3.971120E-15
7376.39610949981  3.987855E-15
7379.17246441539  3.505693E-15
7381.94881933097  3.599969E-15
7384.72517424655  3.916684E-15
7387.50152916213  4.027552E-15
7390.27788407771  3.649895E-15
7393.05423899329  3.626040E-15
7395.83059390887  3.805960E-15
7398.60694882445  3.712019E-15
7401.38330374003  3.932533E-15
7404.15965865561  3.929543E-15
7406.93601357119  3.811637E-15
7409.71236848677  3.872597E-15
7412.48872340235  3.421317E-15
7415.26507831793  3.333465E-15
7418.04143323351  3.775810E-15
7420.81778814909  3.713361E-15
7423.59414306466  3.658173E-15
7426.37049798024  3.978352E-15
7429.14685289582  4.088924E-15
7431.9232078114  3.598089E-15
7434.69956272698  3.559250E-15
7437.47591764256  3.810776E-15
7440.25227255814  4.058516E-15
7443.02862747372  3.806230E-15
7445.8049823893  4.287673E-15
7448.58133730488  4.120406E-15
7451.35769222046  3.631921E-15
7454.13404713604  3.310465E-15
7456.91040205162  3.706517E-15
7459.6867569672  3.855076E-15
7462.46311188278  4.071309E-15
7465.23946679836  4.239564E-15
7468.01582171394  3.679670E-15
7470.79217662952  3.724671E-15
7473.5685315451  4.038382E-15
7476.34488646068  3.643041E-15
7479.12124137626  3.498830E-15
7481.89759629184  3.812871E-15
7484.67395120742  3.460961E-15
7487.450306123  3.522580E-15
7490.22666103858  4.022322E-15
7493.00301595416  4.287070E-15
7495.77937086974  3.620508E-15
7498.55572578532  3.307783E-15
7501.3320807009  3.863114E-15
7504.10843561648  3.657235E-15
7506.88479053206  3.698903E-15
7509.66114544764  3.391594E-15
7512.43750036321  3.102157E-15
7515.2138552788  3.327862E-15
7517.99021019437  3.587552E-15
7520.76656510995  3.900649E-15
7523.54292002553  3.977947E-15
7526.31927494111  3.582477E-15
7529.09562985669  3.698039E-15
7531.87198477227  3.964434E-15
7534.64833968785  3.705563E-15
7537.42469460343  4.182517E-15
7540.20104951901  4.171479E-15
7542.97740443459  4.431082E-15
7545.75375935017  4.355726E-15
7548.53011426575  3.841541E-15
7551.30646918133  3.938178E-15
7554.08282409691  3.889665E-15
7556.85917901249  3.804236E-15
7559.63553392807  3.821033E-15
7562.41188884365  3.639214E-15
7565.18824375923  3.570330E-15
7567.96459867481  3.469619E-15
7570.74095359039  3.504529E-15
7573.51730850597  3.605327E-15
7576.29366342155  3.289738E-15
7579.07001833713  3.441864E-15
7581.84637325271  3.924477E-15
7584.62272816829  3.657741E-15
7587.39908308387  3.464686E-15
7590.17543799945  3.702957E-15
7592.95179291503  3.797833E-15
7595.72814783061  3.689646E-15
7598.50450274619  3.212361E-15
7601.28085766177  3.430694E-15
7604.05721257735  4.053872E-15
7606.83356749292  3.475265E-15
7609.60992240851  2.781662E-15
7612.38627732408  3.205252E-15
7615.16263223967  3.023776E-15
7617.93898715524  3.619704E-15
7620.71534207082  3.411627E-15
7623.4916969864  2.857982E-15
7626.26805190198  2.550329E-15
7629.04440681756  3.058561E-15
7631.82076173314  3.004086E-15
7634.59711664872  3.067868E-15
7637.3734715643  3.290975E-15
7640.14982647988  2.802298E-15
7642.92618139546  3.361952E-15
7645.70253631104  3.580777E-15
7648.47889122662  3.108826E-15
7651.2552461422  3.532252E-15
7654.03160105778  3.233645E-15
7656.80795597336  3.141341E-15
7659.58431088894  3.255454E-15
7662.36066580452  3.185720E-15
7665.1370207201  3.094906E-15
7667.91337563568  3.272014E-15
7670.68973055126  3.531670E-15
7673.46608546684  3.413173E-15
7676.24244038242  3.026622E-15
7679.018795298  3.283969E-15
7681.79515021358  3.588123E-15
7684.57150512916  3.580593E-15
7687.34786004474  3.140703E-15
7690.12421496032  2.982470E-15
7692.9005698759  3.278051E-15
7695.67692479148  3.441650E-15
7698.45327970706  3.343986E-15
7701.22963462264  3.170551E-15
7704.00598953821  3.725356E-15
7706.78234445379  3.276685E-15
7709.55869936937  2.733536E-15
7712.33505428495  3.249980E-15
7715.11140920053  3.213040E-15
7717.88776411611  3.227735E-15
7720.66411903169  2.874307E-15
7723.44047394727  2.856228E-15
7726.21682886285  3.085573E-15
7728.99318377843  3.206430E-15
7731.76953869401  3.526174E-15
7734.54589360959  3.202648E-15
7737.32224852517  2.877839E-15
7740.09860344075  3.019926E-15
7742.87495835633  3.517212E-15
7745.65131327191  3.655738E-15
7748.42766818749  3.262330E-15
7751.20402310307  3.169158E-15
7753.98037801865  3.378605E-15
7756.75673293423  3.661455E-15
7759.53308784981  3.432465E-15
7762.30944276539  2.984685E-15
7765.08579768097  2.886485E-15
7767.86215259655  2.850216E-15
7770.63850751213  2.831581E-15
7773.41486242771  3.263545E-15
7776.19121734329  3.327099E-15
7778.96757225887  3.293120E-15
7781.74392717445  3.185315E-15
7784.52028209003  3.170467E-15
7787.29663700561  3.267681E-15
7790.07299192119  3.229694E-15
7792.84934683677  3.703771E-15
7795.62570175234  3.426714E-15
7798.40205666793  2.897207E-15
7801.1784115835  3.176147E-15
7803.95476649909  3.479180E-15
7806.73112141466  3.650284E-15
7809.50747633024  3.415166E-15
7812.28383124582  3.366917E-15
7815.0601861614  3.549021E-15
7817.83654107698  3.250149E-15
7820.61289599256  3.292971E-15
7823.38925090814  3.769404E-15
7826.16560582372  3.223466E-15
7828.9419607393  3.574421E-15
7831.71831565488  3.716892E-15
7834.49467057046  2.947505E-15
7837.27102548604  2.972378E-15
7840.04738040162  3.207557E-15
7842.8237353172  3.311369E-15
7845.60009023278  3.304522E-15
7848.37644514836  3.265723E-15
7851.15280006394  3.589804E-15
7853.92915497952  3.643332E-15
7856.7055098951  3.245061E-15
7859.48186481068  3.051735E-15
7862.25821972626  3.194026E-15
7865.03457464184  3.442961E-15
7867.81092955742  3.277235E-15
7870.587284473  3.242927E-15
7873.36363938858  2.871602E-15
7876.13999430416  3.410572E-15
7878.91634921974  3.020328E-15
7881.69270413532  2.960222E-15
7884.4690590509  2.766190E-15
7887.24541396648  2.803572E-15
7890.02176888206  3.089139E-15
7892.79812379764  2.784394E-15
7895.57447871321  3.070013E-15
7898.3508336288  3.251726E-15
7901.12718854437  3.048937E-15
7903.90354345995  3.072418E-15
7906.67989837553  3.014854E-15
7909.45625329111  2.991563E-15
7912.23260820669  3.048905E-15
7915.00896312227  2.838457E-15
7917.78531803785  2.749289E-15
7920.56167295343  2.943422E-15
7923.33802786901  3.090902E-15
7926.11438278459  2.771845E-15
7928.89073770017  2.787412E-15
7931.66709261575  3.109145E-15
7934.44344753133  3.586182E-15
7937.21980244691  3.219727E-15
7939.99615736249  3.127381E-15
7942.77251227807  2.978180E-15
7945.54886719365  2.835633E-15
7948.32522210923  2.966036E-15
7951.10157702481  3.335823E-15
7953.87793194039  3.035147E-15
7956.65428685597  2.851580E-15
7959.43064177155  3.457570E-15
7962.20699668713  3.177083E-15
7964.98335160271  2.585529E-15
7967.75970651829  2.994394E-15
7970.53606143387  3.048486E-15
7973.31241634945  2.970776E-15
7976.08877126503  3.050648E-15
7978.86512618061  3.297338E-15
7981.64148109619  3.150712E-15
7984.41783601176  3.046604E-15
7987.19419092735  3.030619E-15
7989.97054584292  3.062375E-15
7992.74690075851  3.057229E-15
7995.52325567408  3.046489E-15
7998.29961058966  3.017090E-15
8001.07596550524  2.844330E-15
8003.85232042082  2.931083E-15
8006.6286753364  2.860747E-15
8009.40503025198  2.798854E-15
8012.18138516756  2.983549E-15
8014.95774008314  3.050282E-15
8017.73409499872  2.890207E-15
8020.5104499143  2.895976E-15
8023.28680482988  3.069602E-15
8026.06315974546  2.907953E-15
8028.83951466104  3.086516E-15
8031.61586957662  2.986065E-15
8034.3922244922  3.059409E-15
8037.16857940778  3.218299E-15
8039.94493432336  3.050355E-15
8042.72128923894  2.881884E-15
8045.49764415452  2.594808E-15
8048.2739990701  2.612676E-15
8051.05035398568  2.493689E-15
8053.82670890126  2.388921E-15
8056.60306381684  2.595346E-15
8059.37941873242  2.911689E-15
8062.155773648  3.197870E-15
8064.93212856357  3.275972E-15
8067.70848347916  3.137864E-15
8070.48483839474  3.152809E-15
8073.26119331031  3.032516E-15
8076.03754822589  2.793991E-15
8078.81390314148  3.171680E-15
8081.59025805706  3.092955E-15
8084.36661297263  2.729553E-15
8087.14296788822  3.054463E-15
8089.91932280379  2.942942E-15
8092.69567771937  2.857432E-15
8095.47203263495  3.174226E-15
8098.24838755053  3.229576E-15
8101.02474246611  3.035038E-15
8103.80109738169  2.924860E-15
8106.57745229727  3.069421E-15
8109.35380721285  2.813571E-15
8112.13016212843  2.824465E-15
8114.90651704401  3.138995E-15
8117.68287195959  2.949245E-15
8120.45922687517  2.707850E-15
8123.23558179075  2.931436E-15
8126.01193670633  2.733034E-15
8128.78829162191  2.223468E-15
8131.56464653749  2.650491E-15
8134.34100145307  2.800037E-15
8137.11735636865  2.842248E-15
8139.89371128423  3.042943E-15
8142.67006619981  2.647513E-15
8145.44642111539  2.735592E-15
8148.22277603097  2.756143E-15
8150.99913094655  2.556938E-15
8153.77548586213  2.788781E-15
8156.55184077771  2.240117E-15
8159.32819569329  2.751665E-15
8162.10455060886  2.925167E-15
8164.88090552445  2.555462E-15
8167.65726044003  2.390487E-15
8170.43361535561  2.630051E-15
8173.20997027118  2.763922E-15
8175.98632518676  2.649965E-15
8178.76268010234  3.049787E-15
8181.53903501792  2.954531E-15
8184.3153899335  2.689965E-15
8187.09174484908  2.699240E-15
8189.86809976466  2.579269E-15
8192.64445468024  2.258480E-15
8195.42080959582  2.462162E-15
8198.1971645114  2.434650E-15
8200.97351942698  2.776048E-15
8203.74987434256  3.208478E-15
8206.52622925814  2.923024E-15
8209.30258417372  2.589218E-15
8212.0789390893  3.051498E-15
8214.85529400488  2.995884E-15
8217.63164892046  2.715921E-15
8220.40800383604  2.548508E-15
8223.18435875162  2.674756E-15
8225.9607136672  2.868925E-15
8228.73706858278  2.571619E-15
8231.51342349836  2.590135E-15
8234.28977841394  2.745733E-15
8237.06613332952  2.715515E-15
8239.8424882451  2.835230E-15
8242.61884316068  2.997012E-15
8245.39519807626  2.904999E-15
8248.17155299184  3.269654E-15
8250.94790790742  3.352335E-15
8253.724262823  3.062648E-15
8256.50061773858  2.867489E-15
8259.27697265415  2.724078E-15
8262.05332756974  2.958767E-15
8264.82968248532  2.713507E-15
8267.60603740089  2.262614E-15
8270.38239231647  2.452844E-15
8273.15874723205  2.586997E-15
8275.93510214764  2.635349E-15
8278.71145706321  2.753309E-15
8281.48781197879  2.575460E-15
8284.26416689437  2.778388E-15
8287.04052180995  3.186739E-15
8289.81687672553  3.245708E-15
8292.59323164111  3.167988E-15
8295.36958655669  2.585703E-15
8298.14594147227  2.732317E-15
8300.92229638785  2.698328E-15
8303.69865130343  3.234610E-15
8306.47500621901  2.983674E-15
8309.25136113459  2.702122E-15
8312.02771605017  2.457329E-15
8314.80407096575  2.514511E-15
8317.58042588133  2.934698E-15
8320.35678079691  2.991903E-15
8323.13313571249  2.904307E-15
8325.90949062807  2.739810E-15
8328.68584554365  2.769628E-15
8331.46220045923  3.163257E-15
8334.23855537481  3.047802E-15
8337.01491029039  2.770151E-15
8339.79126520597  2.930860E-15
8342.56762012155  3.039850E-15
8345.34397503712  3.314795E-15
8348.12032995271  3.175332E-15
8350.89668486829  3.176100E-15
8353.67303978387  2.907693E-15
8356.44939469944  3.077918E-15
8359.22574961502  2.908904E-15
8362.00210453061  3.076503E-15
8364.77845944619  2.514380E-15
8367.55481436176  2.595518E-15
8370.33116927734  2.890815E-15
8373.10752419292  2.829965E-15
8375.8838791085  2.797010E-15
8378.66023402408  2.707299E-15
8381.43658893966  2.764202E-15
8384.21294385524  2.888657E-15
8386.98929877082  3.332694E-15
8389.7656536864  3.362147E-15
8392.54200860198  2.313675E-15
8395.31836351756  2.886906E-15
8398.09471843314  2.922077E-15
8400.87107334872  3.084563E-15
8403.6474282643  3.198716E-15
8406.42378317988  2.699690E-15
8409.20013809546  2.809986E-15
8411.97649301104  2.727642E-15
8414.75284792662  2.269113E-15
8417.5292028422  3.093485E-15
8420.30555775778  2.968267E-15
8423.08191267336  2.784940E-15
8425.85826758894  2.791868E-15
8428.63462250452  2.760803E-15
8431.4109774201  2.897619E-15
8434.18733233568  3.069262E-15
8436.96368725126  3.094342E-15
8439.74004216684  2.675108E-15
8442.51639708242  2.522660E-15
8445.292751998  2.609954E-15
8448.06910691358  2.434247E-15
8450.84546182916  2.829641E-15
8453.62181674473  2.855325E-15
8456.39817166031  2.847518E-15
8459.1745265759  2.385742E-15
8461.95088149147  2.586598E-15
8464.72723640705  2.971012E-15
8467.50359132263  2.837489E-15
8470.27994623821  2.409926E-15
8473.05630115379  2.583843E-15
8475.83265606937  2.521831E-15
8478.60901098495  2.397325E-15
8481.38536590053  2.753727E-15
8484.16172081611  2.599085E-15
8486.93807573169  2.356457E-15
8489.71443064727  2.628497E-15
8492.49078556285  2.621251E-15
8495.26714047843  2.651131E-15
8498.04349539401  2.498050E-15
8500.81985030959  2.115970E-15
8503.59620522517  2.513323E-15
8506.37256014075  2.411991E-15
8509.14891505633  2.900458E-15
8511.92526997191  3.005369E-15
8514.70162488749  2.780074E-15
8517.47797980307  2.475974E-15
8520.25433471865  2.496599E-15
8523.03068963423  2.388734E-15
8525.80704454981  2.395824E-15
8528.58339946539  2.624725E-15
8531.35975438097  2.467152E-15
8534.13610929655  2.826147E-15
8536.91246421213  3.042607E-15
8539.6888191277  2.740148E-15
8542.46517404328  2.775303E-15
8545.24152895887  2.509406E-15
8548.01788387445  2.189563E-15
8550.79423879002  2.238354E-15
8553.5705937056  2.376220E-15
8556.34694862118  2.579336E-15
8559.12330353676  2.696134E-15
8561.89965845234  2.564827E-15
8564.67601336792  1.915199E-15
8567.4523682835  2.456356E-15
8570.22872319908  2.416286E-15
8573.00507811466  2.403777E-15
8575.78143303024  2.283195E-15
8578.55778794582  2.378842E-15
8581.3341428614  2.253572E-15
8584.11049777698  2.485313E-15
8586.88685269256  2.833846E-15
8589.66320760814  2.588224E-15
8592.43956252372  2.594983E-15
8595.2159174393  2.859748E-15
8597.99227235488  2.568631E-15
8600.76862727046  2.091518E-15
8603.54498218604  1.872876E-15
8606.32133710162  2.009026E-15
8609.0976920172  2.197898E-15
8611.87404693278  2.316027E-15
8614.65040184836  2.540469E-15
8617.42675676394  2.814314E-15
8620.20311167952  2.621677E-15
8622.97946659509  2.347393E-15
8625.75582151068  2.727576E-15
8628.53217642626  2.687244E-15
8631.30853134184  2.576907E-15
8634.08488625742  2.748512E-15
8636.861241173  2.685832E-15
8639.63759608857  2.897925E-15
8642.41395100416  2.505061E-15
8645.19030591974  2.150557E-15
8647.96666083531  2.484477E-15
8650.74301575089  2.634233E-15
8653.51937066647  2.858356E-15
8656.29572558205  2.466930E-15
8659.07208049763  2.309031E-15
8661.84843541321  2.369052E-15
8664.62479032879  2.773756E-15
8667.40114524437  2.603247E-15
8670.17750015995  2.513632E-15
8672.95385507553  2.507801E-15
8675.73020999111  2.567623E-15
8678.50656490669  2.634966E-15
8681.28291982227  2.833163E-15
8684.05927473785  2.412194E-15
8686.83562965343  2.275219E-15
8689.61198456901  2.461252E-15
8692.38833948459  2.749585E-15
8695.16469440017  2.797045E-15
8697.94104931575  2.381697E-15
8700.71740423133  2.495972E-15
8703.49375914691  2.757422E-15
8706.27011406249  2.427330E-15
8709.04646897807  2.390106E-15
8711.82282389365  2.449938E-15
8714.59917880923  2.818658E-15
8717.37553372481  2.797525E-15
8720.15188864039  2.597895E-15
8722.92824355597  2.378668E-15
8725.70459847155  2.469035E-15
8728.48095338713  2.462236E-15
8731.25730830271  2.710134E-15
8734.03366321828  2.456389E-15
8736.81001813386  2.357925E-15
8739.58637304945  2.476323E-15
8742.36272796502  2.500517E-15
8745.1390828806  2.035056E-15
8747.91543779618  2.134689E-15
8750.69179271176  2.400648E-15
8753.46814762734  2.067633E-15
8756.24450254292  2.159805E-15
8759.0208574585  2.761296E-15
8761.79721237408  2.913004E-15
8764.57356728966  2.390903E-15
8767.34992220524  2.314298E-15
8770.12627712082  2.635585E-15
8772.9026320364  2.491962E-15
8775.67898695198  2.474454E-15
8778.45534186756  2.352086E-15
8781.23169678314  2.235116E-15
8784.00805169872  2.056262E-15
8786.7844066143  2.565529E-15
8789.56076152988  2.502020E-15
8792.33711644546  2.118297E-15
8795.11347136104  2.145768E-15
8797.88982627662  2.093952E-15
8800.6661811922  2.177280E-15
8803.44253610778  1.959627E-15
8806.21889102336  1.718683E-15
8808.99524593894  1.831461E-15
8811.77160085452  1.770863E-15
8814.5479557701  1.936017E-15
8817.32431068567  2.068506E-15
8820.10066560126  1.806618E-15
8822.87702051683  1.863379E-15
8825.65337543242  2.217384E-15
8828.429730348  2.390200E-15
8831.20608526358  2.136080E-15
