3861.5307863759  1.343954E-14
3864.30714129148  1.046739E-14
3867.08349620706  7.828008E-15
3869.85985112264  1.159864E-14
3872.63620603822  1.214547E-14
3875.4125609538  1.202922E-14
3878.18891586938  1.366755E-14
3880.96527078496  1.527490E-14
3883.74162570054  1.125481E-14
3886.51798061612  1.175966E-14
3889.2943355317  1.079465E-14
3892.07069044728  1.236476E-14
3894.84704536286  1.109428E-14
3897.62340027844  1.179530E-14
3900.39975519402  1.261008E-14
3903.1761101096  1.209059E-14
3905.95246502518  1.285668E-14
3908.72881994076  1.078761E-14
3911.50517485634  1.035069E-14
3914.28152977192  1.010519E-14
3917.0578846875  1.050094E-14
3919.83423960308  1.070479E-14
3922.61059451866  1.250611E-14
3925.38694943424  1.023094E-14
3928.16330434982  1.021648E-14
3930.9396592654  8.278913E-15
3933.71601418098  1.002367E-14
3936.49236909656  1.188531E-14
3939.26872401214  1.105242E-14
3942.04507892772  1.196438E-14
3944.82143384329  1.023248E-14
3947.59778875887  9.646945E-15
3950.37414367445  1.015887E-14
3953.15049859003  8.383284E-15
3955.92685350561  8.017089E-15
3958.70320842119  9.472996E-15
3961.47956333677  9.697955E-15
3964.25591825235  1.084074E-14
3967.03227316793  8.973592E-15
3969.80862808351  8.961953E-15
3972.58498299909  9.956954E-15
3975.36133791467  1.016613E-14
3978.13769283025  1.164710E-14
3980.91404774583  9.692347E-15
3983.69040266141  7.995434E-15
3986.46675757699  9.454520E-15
3989.24311249257  1.009035E-14
3992.01946740815  9.758107E-15
3994.79582232373  1.049575E-14
3997.57217723931  1.073987E-14
4000.34853215489  1.089714E-14
4003.12488707047  9.035517E-15
4005.90124198605  8.362288E-15
4008.67759690163  9.940849E-15
4011.45395181721  8.902283E-15
4014.23030673279  9.827350E-15
4017.00666164837  1.017225E-14
4019.78301656395  9.366356E-15
4022.55937147953  1.013662E-14
4025.33572639511  9.480326E-15
4028.11208131069  1.144053E-14
4030.88843622627  1.081225E-14
4033.66479114185  8.326400E-15
4036.44114605743  8.315826E-15
4039.21750097301  1.060686E-14
4041.99385588858  9.027798E-15
4044.77021080416  1.073275E-14
4047.54656571974  9.636906E-15
4050.32292063532  9.529587E-15
4053.0992755509  9.321726E-15
4055.87563046648  9.121329E-15
4058.65198538206  9.058412E-15
4061.42834029764  1.010645E-14
4064.20469521322  9.696638E-15
4066.9810501288  9.628770E-15
4069.75740504438  1.138911E-14
4072.53375995996  1.053380E-14
4075.31011487554  1.024604E-14
4078.08646979112  9.755555E-15
4080.8628247067  8.284672E-15
4083.63917962228  7.987450E-15
4086.41553453786  1.078197E-14
4089.19188945344  9.214516E-15
4091.96824436902  9.226367E-15
4094.7445992846  9.644140E-15
4097.52095420018  8.459155E-15
4100.29730911576  8.256540E-15
4103.07366403134  7.901844E-15
4105.85001894692  1.000466E-14
4108.6263738625  9.717524E-15
4111.40272877808  1.022459E-14
4114.17908369366  9.885544E-15
4116.95543860924  9.365847E-15
4119.73179352482  9.205280E-15
4122.5081484404  9.128125E-15
4125.28450335598  8.960428E-15
4128.06085827156  9.871062E-15
4130.83721318714  1.101957E-14
4133.61356810271  1.064891E-14
4136.38992301829  9.779526E-15
4139.16627793387  1.058971E-14
4141.94263284945  1.024290E-14
4144.71898776503  1.033759E-14
4147.49534268061  9.694188E-15
4150.27169759619  1.006592E-14
4153.04805251177  1.116939E-14
4155.82440742735  1.102157E-14
4158.60076234293  9.652032E-15
4161.37711725851  9.472404E-15
4164.15347217409  1.019129E-14
4166.92982708967  9.645941E-15
4169.70618200525  9.876459E-15
4172.48253692083  1.065994E-14
4175.25889183641  9.497193E-15
4178.03524675199  9.971252E-15
4180.81160166757  9.598495E-15
4183.58795658315  1.036596E-14
4186.36431149873  1.015550E-14
4189.14066641431  9.565672E-15
4191.91702132989  9.470377E-15
4194.69337624547  9.822282E-15
4197.46973116105  9.701795E-15
4200.24608607663  1.062750E-14
4203.02244099221  9.760280E-15
4205.79879590779  9.719295E-15
4208.57515082337  9.238856E-15
4211.35150573895  1.019286E-14
4214.12786065453  9.799395E-15
4216.90421557011  1.055977E-14
4219.68057048569  1.078333E-14
4222.45692540127  1.018893E-14
4225.23328031684  1.013419E-14
4228.00963523242  9.636129E-15
4230.785990148  9.498527E-15
4233.56234506358  9.669522E-15
4236.33869997916  9.753508E-15
4239.11505489474  9.648112E-15
4241.89140981032  9.241576E-15
4244.6677647259  9.196844E-15
4247.44411964148  9.252917E-15
4250.22047455706  9.761003E-15
4252.99682947264  1.009789E-14
4255.77318438822  9.284359E-15
4258.5495393038  8.506145E-15
4261.32589421938  9.710589E-15
4264.10224913496  9.660153E-15
4266.87860405054  8.995460E-15
4269.65495896612  9.308663E-15
4272.4313138817  9.909486E-15
4275.20766879728  9.892693E-15
4277.98402371286  9.163902E-15
4280.76037862844  9.788666E-15
4283.53673354402  1.004167E-14
4286.3130884596  9.158756E-15
4289.08944337518  9.662993E-15
4291.86579829076  9.875312E-15
4294.64215320634  9.686166E-15
4297.41850812192  9.686461E-15
4300.1948630375  9.587037E-15
4302.97121795308  9.500294E-15
4305.74757286866  8.920097E-15
4308.52392778424  8.420659E-15
4311.30028269982  8.805100E-15
4314.0766376154  9.363361E-15
4316.85299253098  9.536551E-15
4319.62934744656  9.402987E-15
4322.40570236213  8.934464E-15
4325.18205727771  8.546101E-15
4327.95841219329  8.176680E-15
4330.73476710887  9.326769E-15
4333.51112202445  8.356757E-15
4336.28747694003  8.501761E-15
4339.06383185561  8.941373E-15
4341.84018677119  8.358316E-15
4344.61654168677  8.681200E-15
4347.39289660235  8.974256E-15
4350.16925151793  9.175825E-15
4352.94560643351  9.558595E-15
4355.72196134909  9.960896E-15
4358.49831626467  9.130442E-15
4361.27467118025  9.293284E-15
4364.05102609583  9.412893E-15
4366.82738101141  8.341254E-15
4369.60373592699  8.879043E-15
4372.38009084257  8.960214E-15
4375.15644575815  9.255604E-15
4377.93280067373  9.125238E-15
4380.70915558931  8.704822E-15
4383.48551050489  8.788602E-15
4386.26186542047  8.734445E-15
4389.03822033605  8.519474E-15
4391.81457525163  9.253287E-15
4394.59093016721  9.505482E-15
4397.36728508279  9.671703E-15
4400.14363999837  9.830571E-15
4402.91999491395  9.015123E-15
4405.69634982953  9.479748E-15
4408.47270474511  9.412749E-15
4411.24905966069  9.340180E-15
4414.02541457626  9.859993E-15
4416.80176949185  9.253294E-15
4419.57812440742  9.388157E-15
4422.354479323  9.188690E-15
4425.13083423858  8.441692E-15
4427.90718915416  9.045589E-15
4430.68354406974  1.028469E-14
4433.45989898532  9.357913E-15
4436.2362539009  9.168549E-15
4439.01260881648  8.890698E-15
4441.78896373206  8.678265E-15
4444.56531864764  9.288901E-15
4447.34167356322  9.074111E-15
4450.1180284788  9.017409E-15
4452.89438339438  9.770830E-15
4455.67073830996  9.819074E-15
4458.44709322554  9.019041E-15
4461.22344814112  8.955991E-15
4463.9998030567  9.234931E-15
4466.77615797228  9.830658E-15
4469.55251288786  1.000079E-14
4472.32886780344  9.029903E-15
4475.10522271902  9.150863E-15
4477.8815776346  9.137980E-15
4480.65793255018  8.599501E-15
4483.43428746576  8.685323E-15
4486.21064238134  8.758742E-15
4488.98699729692  8.295598E-15
4491.7633522125  8.886697E-15
4494.53970712808  1.006362E-14
4497.31606204366  8.766279E-15
4500.09241695924  8.995571E-15
4502.86877187482  8.067301E-15
4505.64512679039  8.379946E-15
4508.42148170598  9.484217E-15
4511.19783662155  8.541635E-15
4513.97419153713  9.082232E-15
4516.75054645271  9.395107E-15
4519.52690136829  9.383798E-15
4522.30325628387  8.669711E-15
4525.07961119945  8.830849E-15
4527.85596611503  8.527476E-15
4530.63232103061  8.746060E-15
4533.40867594619  9.101206E-15
4536.18503086177  9.462487E-15
4538.96138577735  8.880022E-15
4541.73774069293  8.225201E-15
4544.51409560851  8.992316E-15
4547.29045052409  8.667031E-15
4550.06680543967  8.660476E-15
4552.84316035525  9.535443E-15
4555.61951527083  9.188735E-15
4558.39587018641  9.224438E-15
4561.17222510199  8.980665E-15
4563.94858001757  9.223133E-15
4566.72493493315  8.527291E-15
4569.50128984873  8.572355E-15
4572.27764476431  9.077359E-15
4575.05399967989  8.874714E-15
4577.83035459547  9.158941E-15
4580.60670951105  8.579332E-15
4583.38306442663  8.522883E-15
4586.15941934221  9.085713E-15
4588.93577425779  9.003853E-15
4591.71212917337  8.833637E-15
4594.48848408895  8.871690E-15
4597.26483900453  9.415773E-15
4600.0411939201  9.096969E-15
4602.81754883568  1.012197E-14
4605.59390375127  9.269973E-15
4608.37025866684  9.359412E-15
4611.14661358242  9.640129E-15
4613.922968498  9.391358E-15
4616.69932341358  9.279060E-15
4619.47567832916  9.630369E-15
4622.25203324474  9.378334E-15
4625.02838816032  9.377901E-15
4627.8047430759  8.955770E-15
4630.58109799148  9.029835E-15
4633.35745290706  9.168476E-15
4636.13380782264  9.547415E-15
4638.91016273822  9.129845E-15
4641.6865176538  9.846106E-15
4644.46287256938  9.635816E-15
4647.23922748496  9.696616E-15
4650.01558240054  9.279605E-15
4652.79193731612  9.593880E-15
4655.5682922317  1.028668E-14
4658.34464714728  9.737064E-15
4661.12100206286  9.265691E-15
4663.89735697844  9.139314E-15
4666.67371189402  9.929843E-15
4669.4500668096  1.013939E-14
4672.22642172518  9.407366E-15
4675.00277664076  9.811058E-15
4677.77913155634  1.035017E-14
4680.55548647192  9.522793E-15
4683.3318413875  1.029518E-14
4686.10819630308  9.712824E-15
4688.88455121866  9.580359E-15
4691.66090613424  9.834922E-15
4694.43726104982  9.741418E-15
4697.21361596539  9.164263E-15
4699.98997088097  9.816179E-15
4702.76632579655  9.159697E-15
4705.54268071213  8.939302E-15
4708.31903562771  8.961975E-15
4711.09539054329  9.293158E-15
4713.87174545887  9.217280E-15
4716.64810037445  9.283897E-15
4719.42445529003  9.066909E-15
4722.20081020561  8.902055E-15
4724.97716512119  9.337429E-15
4727.75352003677  8.503011E-15
4730.52987495235  8.743409E-15
4733.30622986793  9.495958E-15
4736.08258478351  9.663811E-15
4738.85893969909  9.062060E-15
4741.63529461467  8.820152E-15
4744.41164953025  9.172909E-15
4747.18800444583  9.003459E-15
4749.96435936141  8.959731E-15
4752.74071427699  8.729028E-15
4755.51706919257  8.702585E-15
4758.29342410815  8.742189E-15
4761.06977902373  8.864963E-15
4763.84613393931  9.040378E-15
4766.62248885489  8.602353E-15
4769.39884377047  8.733009E-15
4772.17519868605  8.943718E-15
4774.95155360163  8.807045E-15
4777.72790851721  9.390119E-15
4780.50426343279  9.796018E-15
4783.28061834837  9.644277E-15
4786.05697326394  8.087781E-15
4788.83332817953  8.670239E-15
4791.6096830951  8.565183E-15
4794.38603801068  8.204457E-15
4797.16239292626  8.784375E-15
4799.93874784184  9.233334E-15
4802.71510275742  8.987667E-15
4805.491457673  8.834206E-15
4808.26781258858  8.412520E-15
4811.04416750416  8.012176E-15
4813.82052241974  8.164076E-15
4816.59687733532  8.689259E-15
4819.3732322509  8.028886E-15
4822.14958716648  8.783281E-15
4824.92594208206  8.744522E-15
4827.70229699764  9.268157E-15
4830.47865191322  8.992630E-15
4833.2550068288  8.592975E-15
4836.03136174438  9.386435E-15
4838.80771665996  8.486254E-15
4841.58407157554  8.284893E-15
4844.36042649112  8.252155E-15
4847.1367814067  8.386570E-15
4849.91313632228  8.434236E-15
4852.68949123786  9.066575E-15
4855.46584615344  9.254437E-15
4858.24220106902  9.224931E-15
4861.0185559846  9.044724E-15
4863.79491090018  8.658497E-15
4866.57126581576  9.280875E-15
4869.34762073134  8.851516E-15
4872.12397564692  8.564257E-15
4874.9003305625  8.902262E-15
4877.67668547807  8.819692E-15
4880.45304039366  8.216138E-15
4883.22939530923  7.962767E-15
4886.00575022481  8.159446E-15
4888.7821051404  8.850746E-15
4891.55846005597  8.488368E-15
4894.33481497155  9.296258E-15
4897.11116988713  9.387419E-15
4899.88752480271  9.235396E-15
4902.66387971829  8.741038E-15
4905.44023463387  8.491029E-15
4908.21658954945  8.741117E-15
4910.99294446503  9.151625E-15
4913.76929938061  9.023518E-15
4916.54565429619  8.423759E-15
4919.32200921177  8.642389E-15
4922.09836412735  9.413949E-15
4924.87471904293  8.755859E-15
4927.65107395851  8.403130E-15
4930.42742887409  8.841532E-15
4933.20378378967  8.909154E-15
4935.98013870525  8.341942E-15
4938.75649362083  8.617334E-15
4941.53284853641  8.520387E-15
4944.30920345199  8.539834E-15
4947.08555836757  9.019571E-15
4949.86191328315  9.296391E-15
4952.63826819873  8.755343E-15
4955.41462311431  9.136403E-15
4958.19097802989  8.831875E-15
4960.96733294547  8.254212E-15
4963.74368786104  8.076547E-15
4966.52004277663  8.234956E-15
4969.29639769221  8.349361E-15
4972.07275260778  8.723653E-15
4974.84910752337  8.638263E-15
4977.62546243894  8.961749E-15
4980.40181735452  8.910829E-15
4983.1781722701  8.465922E-15
4985.95452718569  8.528153E-15
4988.73088210126  8.811019E-15
4991.50723701684  8.625508E-15
4994.28359193242  7.913061E-15
4997.059946848  8.452259E-15
4999.83630176358  8.669159E-15
5002.61265667916  8.253928E-15
5005.38901159474  7.975588E-15
5008.16536651032  8.204843E-15
5010.9417214259  8.661833E-15
5013.71807634148  8.613596E-15
5016.49443125706  8.989916E-15
5019.27078617264  8.598977E-15
5022.04714108822  8.113027E-15
5024.8234960038  8.501537E-15
5027.59985091938  8.213057E-15
5030.37620583496  8.208870E-15
5033.15256075054  8.439696E-15
5035.92891566612  8.476919E-15
5038.7052705817  8.690777E-15
5041.48162549728  8.408992E-15
5044.25798041286  8.157640E-15
5047.03433532844  8.573479E-15
5049.81069024402  8.111870E-15
5052.5870451596  8.478522E-15
5055.36340007518  8.617036E-15
5058.13975499076  8.581399E-15
5060.91610990634  8.605041E-15
5063.69246482192  8.044638E-15
5066.4688197375  8.466298E-15
5069.24517465307  8.358019E-15
5072.02152956866  7.989912E-15
5074.79788448423  8.580190E-15
5077.57423939981  8.728682E-15
5080.3505943154  7.807374E-15
5083.12694923098  7.842543E-15
5085.90330414655  8.351864E-15
5088.67965906213  8.614516E-15
5091.45601397771  8.678080E-15
5094.23236889329  9.007481E-15
5097.00872380887  9.051144E-15
5099.78507872445  8.781136E-15
5102.56143364003  8.417988E-15
5105.33778855561  8.672050E-15
5108.11414347119  8.699436E-15
5110.89049838677  8.315116E-15
5113.66685330235  8.692789E-15
5116.44320821793  9.217313E-15
5119.21956313351  9.021136E-15
5121.99591804909  8.226305E-15
5124.77227296467  8.481923E-15
5127.54862788025  8.631985E-15
5130.32498279583  9.017292E-15
5133.10133771141  8.235824E-15
5135.87769262699  8.468918E-15
5138.65404754257  8.876269E-15
5141.43040245815  8.669659E-15
5144.20675737373  8.600189E-15
5146.98311228931  8.436560E-15
5149.75946720489  8.109374E-15
5152.53582212047  8.385523E-15
5155.31217703605  8.143424E-15
5158.08853195163  8.420830E-15
5160.86488686721  8.640471E-15
5163.64124178279  8.949477E-15
5166.41759669837  7.725597E-15
5169.19395161395  8.105437E-15
5171.97030652952  8.638995E-15
5174.74666144511  8.278150E-15
5177.52301636068  8.645099E-15
5180.29937127626  8.070700E-15
5183.07572619184  8.210809E-15
5185.85208110742  8.556600E-15
5188.628436023  8.326590E-15
5191.40479093858  8.006345E-15
5194.18114585416  7.963562E-15
5196.95750076974  8.514897E-15
5199.73385568532  8.289773E-15
5202.5102106009  7.821089E-15
5205.28656551648  7.907637E-15
5208.06292043206  8.253784E-15
5210.83927534764  8.165712E-15
5213.61563026322  7.719243E-15
5216.3919851788  8.202644E-15
5219.16834009438  8.839006E-15
5221.94469500996  8.224045E-15
5224.72104992554  8.353247E-15
5227.49740484112  8.342208E-15
5230.2737597567  8.240679E-15
5233.05011467228  8.270729E-15
5235.82646958786  8.781462E-15
5238.60282450344  8.504057E-15
5241.37917941902  8.564605E-15
5244.1555343346  8.441574E-15
5246.93188925018  7.812177E-15
5249.70824416576  8.516251E-15
5252.48459908134  8.233535E-15
5255.26095399692  8.055900E-15
5258.0373089125  8.425356E-15
5260.81366382808  7.921257E-15
5263.59001874365  8.090299E-15
5266.36637365923  8.142451E-15
5269.14272857481  7.885539E-15
5271.91908349039  8.067443E-15
5274.69543840597  8.074370E-15
5277.47179332155  8.422441E-15
5280.24814823713  8.524501E-15
5283.02450315271  8.373145E-15
5285.80085806829  8.129516E-15
5288.57721298387  8.103394E-15
5291.35356789945  7.957729E-15
5294.12992281503  8.305139E-15
5296.90627773061  8.042502E-15
5299.68263264619  8.290609E-15
5302.45898756177  8.135096E-15
5305.23534247735  8.114598E-15
5308.01169739293  7.693019E-15
5310.78805230851  8.217391E-15
5313.56440722409  8.192232E-15
5316.34076213967  8.282738E-15
5319.11711705525  7.673279E-15
5321.89347197083  7.647930E-15
5324.66982688641  7.907736E-15
5327.44618180199  7.563218E-15
5330.22253671757  7.912051E-15
5332.99889163315  7.871932E-15
5335.77524654873  7.880020E-15
5338.55160146431  7.754753E-15
5341.32795637989  7.638429E-15
5344.10431129547  7.998680E-15
5346.88066621105  7.929950E-15
5349.65702112662  7.559198E-15
5352.43337604221  7.820695E-15
5355.20973095778  7.819140E-15
5357.98608587337  7.429491E-15
5360.76244078894  7.637218E-15
5363.53879570452  7.881648E-15
5366.3151506201  7.730820E-15
5369.09150553568  8.012385E-15
5371.86786045126  8.016109E-15
5374.64421536684  7.854631E-15
5377.42057028242  7.771866E-15
5380.196925198  7.603835E-15
5382.97328011358  7.747178E-15
5385.74963502916  7.606286E-15
5388.52598994474  7.326982E-15
5391.30234486032  7.763234E-15
5394.0786997759  7.688661E-15
5396.85505469148  7.778548E-15
5399.63140960706  7.321924E-15
5402.40776452264  7.652742E-15
5405.18411943822  7.769184E-15
5407.9604743538  7.903775E-15
5410.73682926938  8.057798E-15
5413.51318418496  7.938648E-15
5416.28953910054  8.065920E-15
5419.06589401612  7.576764E-15
5421.8422489317  7.726817E-15
5424.61860384728  8.250264E-15
5427.39495876286  7.788006E-15
5430.17131367844  7.822771E-15
5432.94766859402  7.839443E-15
5435.7240235096  7.468020E-15
5438.50037842518  7.480004E-15
5441.27673334076  7.297182E-15
5444.05308825634  7.370256E-15
5446.82944317192  7.775225E-15
5449.6057980875  7.833984E-15
5452.38215300308  7.849376E-15
5455.15850791866  7.699170E-15
5457.93486283423  7.706132E-15
5460.71121774981  7.231311E-15
5463.48757266539  7.742821E-15
5466.26392758097  7.772481E-15
5469.04028249655  7.434134E-15
5471.81663741213  7.427978E-15
5474.59299232771  7.213577E-15
5477.36934724329  7.076889E-15
5480.14570215887  7.215961E-15
5482.92205707445  7.443207E-15
5485.69841199003  7.597867E-15
5488.47476690561  7.340217E-15
5491.25112182119  7.380997E-15
5494.02747673677  7.586743E-15
5496.80383165235  7.287777E-15
5499.58018656793  7.403141E-15
5502.35654148351  7.612874E-15
5505.13289639909  7.229474E-15
5507.90925131467  7.079558E-15
5510.68560623025  7.873732E-15
5513.46196114583  7.703997E-15
5516.23831606141  7.183399E-15
5519.01467097699  7.447117E-15
5521.79102589257  7.626593E-15
5524.56738080815  7.376380E-15
5527.34373572373  7.323119E-15
5530.12009063931  7.233392E-15
5532.89644555489  6.988234E-15
5535.67280047047  7.583765E-15
5538.44915538605  7.750048E-15
5541.22551030163  7.645699E-15
5544.0018652172  7.310967E-15
5546.77822013278  6.859858E-15
5549.55457504837  6.985786E-15
5552.33092996394  7.200874E-15
5555.10728487952  7.076745E-15
5557.8836397951  6.890546E-15
5560.65999471068  6.839045E-15
5563.43634962626  6.645029E-15
5566.21270454184  6.900862E-15
5568.98905945742  7.533520E-15
5571.765414373  7.307945E-15
5574.54176928858  6.847535E-15
5577.31812420416  7.275473E-15
5580.09447911974  7.385322E-15
5582.87083403532  7.365632E-15
5585.6471889509  7.514699E-15
5588.42354386648  7.163503E-15
5591.19989878206  7.126918E-15
5593.97625369764  6.819352E-15
5596.75260861322  6.736677E-15
5599.5289635288  6.535377E-15
5602.30531844438  6.710097E-15
5605.08167335996  7.076502E-15
5607.85802827554  7.149237E-15
5610.63438319112  7.267202E-15
5613.4107381067  7.336367E-15
5616.18709302228  7.271104E-15
5618.96344793786  7.119578E-15
5621.73980285344  6.983283E-15
5624.51615776902  6.983957E-15
5627.2925126846  6.947354E-15
5630.06886760018  7.090392E-15
5632.84522251576  7.239382E-15
5635.62157743134  7.033020E-15
5638.39793234691  7.133341E-15
5641.1742872625  7.065198E-15
5643.95064217807  7.095536E-15
5646.72699709365  7.281605E-15
5649.50335200923  7.078142E-15
5652.27970692482  6.567916E-15
5655.05606184039  6.852680E-15
5657.83241675597  7.216478E-15
5660.60877167155  7.251385E-15
5663.38512658713  6.937708E-15
5666.16148150271  6.768286E-15
5668.93783641829  6.877075E-15
5671.71419133387  6.898210E-15
5674.49054624945  6.775879E-15
5677.26690116503  6.613122E-15
5680.04325608061  7.091648E-15
5682.81961099619  7.507622E-15
5685.59596591177  7.190211E-15
5688.37232082735  7.190311E-15
5691.14867574293  6.536538E-15
5693.92503065851  6.662821E-15
5696.70138557409  6.892042E-15
5699.47774048967  6.396563E-15
5702.25409540525  6.731079E-15
5705.03045032083  6.959245E-15
5707.80680523641  6.895353E-15
5710.58316015199  6.800080E-15
5713.35951506757  6.906594E-15
5716.13586998315  6.922944E-15
5718.91222489873  6.972917E-15
5721.68857981431  6.695036E-15
5724.46493472989  6.607715E-15
5727.24128964546  6.607942E-15
5730.01764456105  6.785225E-15
5732.79399947663  7.171807E-15
5735.5703543922  7.086463E-15
5738.34670930778  6.355245E-15
5741.12306422336  6.462528E-15
5743.89941913894  6.653270E-15
5746.67577405452  6.857491E-15
5749.4521289701  6.781718E-15
5752.22848388568  6.588420E-15
5755.00483880126  6.701335E-15
5757.78119371684  6.881933E-15
5760.55754863242  7.124196E-15
5763.333903548  6.788238E-15
5766.11025846358  6.671301E-15
5768.88661337916  6.679932E-15
5771.66296829474  6.996632E-15
5774.43932321032  6.546339E-15
5777.2156781259  6.609318E-15
5779.99203304148  6.861418E-15
5782.76838795706  6.703738E-15
5785.54474287264  6.948547E-15
5788.32109778822  7.087963E-15
5791.0974527038  6.828427E-15
5793.87380761938  6.935217E-15
5796.65016253496  6.261258E-15
5799.42651745054  6.716420E-15
5802.20287236612  6.703779E-15
5804.9792272817  6.704763E-15
5807.75558219728  6.452857E-15
5810.53193711286  6.632349E-15
5813.30829202844  6.666760E-15
5816.08464694402  6.707017E-15
5818.8610018596  6.846424E-15
5821.63735677518  6.716785E-15
5824.41371169076  6.602567E-15
5827.19006660633  6.629873E-15
5829.96642152192  6.518903E-15
5832.74277643749  6.964105E-15
5835.51913135307  7.092728E-15
5838.29548626865  6.826753E-15
5841.07184118423  6.819721E-15
5843.84819609981  6.554990E-15
5846.62455101539  6.506657E-15
5849.40090593097  6.611226E-15
5852.17726084655  6.178329E-15
5854.95361576213  7.041483E-15
5857.72997067771  6.239793E-15
5860.50632559329  6.112395E-15
5863.28268050887  6.847558E-15
5866.05903542445  6.420922E-15
5868.83539034003  6.782145E-15
5871.61174525561  6.666332E-15
5874.38810017119  6.832941E-15
5877.16445508677  7.047705E-15
5879.94081000235  6.202688E-15
5882.71716491793  6.142850E-15
5885.49351983351  6.482920E-15
5888.26987474909  6.158478E-15
5891.04622966467  6.377432E-15
5893.82258458025  6.132638E-15
5896.59893949583  6.649025E-15
5899.37529441141  6.362529E-15
5902.15164932699  6.228461E-15
5904.92800424257  6.671378E-15
5907.70435915815  6.458615E-15
5910.48071407373  6.554009E-15
5913.25706898931  6.492727E-15
5916.03342390489  6.232006E-15
5918.80977882047  6.159547E-15
5921.58613373604  6.102128E-15
5924.36248865163  5.743377E-15
5927.1388435672  5.938671E-15
5929.91519848278  6.155087E-15
5932.69155339836  6.063545E-15
5935.46790831394  6.036723E-15
5938.24426322952  6.300365E-15
5941.0206181451  6.485427E-15
5943.79697306068  6.241514E-15
5946.57332797626  5.885677E-15
5949.34968289184  5.960531E-15
5952.12603780742  6.029359E-15
5954.902392723  6.185329E-15
5957.67874763858  6.208722E-15
5960.45510255416  6.122711E-15
5963.23145746974  6.522947E-15
5966.00781238532  6.478237E-15
5968.7841673009  5.887203E-15
5971.56052221648  5.967844E-15
5974.33687713206  6.150888E-15
5977.11323204764  5.945892E-15
5979.88958696322  5.977295E-15
5982.6659418788  6.090703E-15
5985.44229679438  6.232549E-15
5988.21865170996  6.185816E-15
5990.99500662554  6.343921E-15
5993.77136154112  6.152475E-15
5996.5477164567  6.112130E-15
5999.32407137228  6.299764E-15
6002.10042628786  5.823826E-15
6004.87678120344  6.083009E-15
6007.65313611902  6.423133E-15
6010.42949103459  6.272116E-15
6013.20584595018  6.147043E-15
6015.98220086575  5.902727E-15
6018.75855578134  6.069638E-15
6021.53491069691  6.451612E-15
6024.31126561249  6.211476E-15
6027.08762052807  6.004013E-15
6029.86397544365  5.945446E-15
6032.64033035923  6.074177E-15
6035.41668527481  5.939042E-15
6038.19304019039  5.855541E-15
6040.96939510597  5.840064E-15
6043.74575002155  5.678339E-15
6046.52210493713  6.078812E-15
6049.29845985271  5.978333E-15
6052.07481476829  5.893347E-15
6054.85116968387  5.961377E-15
6057.62752459945  6.350773E-15
6060.40387951503  5.890037E-15
6063.18023443061  5.632836E-15
6065.95658934619  5.756962E-15
6068.73294426177  6.025656E-15
6071.50929917735  5.992167E-15
6074.28565409293  5.824736E-15
6077.06200900851  5.387367E-15
6079.83836392409  5.825452E-15
6082.61471883967  5.883524E-15
6085.39107375525  5.910595E-15
6088.16742867083  6.098505E-15
6090.94378358641  6.140701E-15
6093.72013850199  6.138023E-15
6096.49649341757  6.043817E-15
6099.27284833315  6.220744E-15
6102.04920324873  5.995234E-15
6104.82555816431  6.105805E-15
6107.60191307989  6.023912E-15
6110.37826799546  5.747836E-15
6113.15462291105  6.106037E-15
6115.93097782662  5.814090E-15
6118.7073327422  5.877038E-15
6121.48368765778  5.848061E-15
6124.26004257336  5.811138E-15
6127.03639748894  5.741742E-15
6129.81275240452  5.654258E-15
6132.5891073201  5.810649E-15
6135.36546223568  5.691961E-15
6138.14181715126  5.662987E-15
6140.91817206684  5.622828E-15
6143.69452698242  5.651919E-15
6146.470881898  5.636849E-15
6149.24723681358  5.800014E-15
6152.02359172916  5.874163E-15
6154.79994664474  5.879739E-15
6157.57630156032  5.804953E-15
6160.3526564759  6.162664E-15
6163.12901139148  6.081450E-15
6165.90536630706  6.036749E-15
6168.68172122264  5.857463E-15
6171.45807613822  5.894438E-15
6174.2344310538  6.070435E-15
6177.01078596938  5.766057E-15
6179.78714088496  5.711150E-15
6182.56349580054  5.726794E-15
6185.33985071612  5.731018E-15
6188.1162056317  5.821698E-15
6190.89256054728  5.856528E-15
6193.66891546286  5.651309E-15
6196.44527037844  5.655875E-15
6199.22162529402  5.905572E-15
6201.9979802096  5.651222E-15
6204.77433512517  5.632703E-15
6207.55069004076  5.767662E-15
6210.32704495633  5.844077E-15
6213.10339987191  6.066428E-15
6215.87975478749  5.824131E-15
6218.65610970307  5.868387E-15
6221.43246461865  6.121729E-15
6224.20881953423  5.981904E-15
6226.98517444981  5.850639E-15
6229.76152936539  5.819065E-15
6232.53788428097  5.452947E-15
6235.31423919655  5.810006E-15
6238.09059411213  5.891124E-15
6240.86694902771  5.710010E-15
6243.64330394329  5.675628E-15
6246.41965885887  5.976944E-15
6249.19601377445  6.207467E-15
6251.97236869003  5.772773E-15
6254.74872360561  5.704041E-15
6257.52507852119  5.575530E-15
6260.30143343677  5.570435E-15
6263.07778835235  5.820971E-15
6265.85414326793  5.611740E-15
6268.63049818351  5.573293E-15
6271.40685309909  5.377283E-15
6274.18320801467  5.273537E-15
6276.95956293025  5.505948E-15
6279.73591784583  5.327776E-15
6282.51227276141  5.876819E-15
6285.28862767699  5.909904E-15
6288.06498259257  5.562945E-15
6290.84133750815  5.498248E-15
6293.61769242373  5.443385E-15
6296.39404733931  5.553807E-15
6299.17040225488  5.627718E-15
6301.94675717047  5.368585E-15
6304.72311208604  5.264083E-15
6307.49946700162  5.618658E-15
6310.2758219172  5.662973E-15
6313.05217683278  5.665381E-15
6315.82853174836  5.770115E-15
6318.60488666394  5.791830E-15
6321.38124157952  5.559922E-15
6324.1575964951  5.314361E-15
6326.93395141068  5.397138E-15
6329.71030632626  5.409700E-15
6332.48666124184  5.421243E-15
6335.26301615742  5.388846E-15
6338.039371073  5.567493E-15
6340.81572598858  5.644134E-15
6343.59208090416  5.536876E-15
6346.36843581974  5.635575E-15
6349.14479073532  5.532895E-15
6351.9211456509  5.194550E-15
6354.69750056648  5.356218E-15
6357.47385548206  5.828894E-15
6360.25021039764  5.572883E-15
6363.02656531322  5.592866E-15
6365.8029202288  5.493188E-15
6368.57927514438  5.872478E-15
6371.35563005996  5.842158E-15
6374.13198497554  5.496709E-15
6376.90833989111  5.921038E-15
6379.6846948067  6.058496E-15
6382.46104972228  5.518678E-15
6385.23740463786  5.053912E-15
6388.01375955344  5.613042E-15
6390.79011446902  6.034568E-15
6393.56646938459  5.485448E-15
6396.34282430017  5.407372E-15
6399.11917921575  5.384883E-15
6401.89553413133  5.552870E-15
6404.67188904691  5.690056E-15
6407.44824396249  5.539470E-15
6410.22459887807  5.588823E-15
6413.00095379365  5.347552E-15
6415.77730870923  4.981092E-15
6418.55366362481  5.182876E-15
6421.33001854039  5.553956E-15
6424.10637345597  5.634017E-15
6426.88272837155  5.527438E-15
6429.65908328713  5.419080E-15
6432.43543820271  5.706168E-15
6435.21179311829  5.587854E-15
6437.98814803387  5.248104E-15
6440.76450294945  5.075423E-15
6443.54085786503  4.993850E-15
6446.31721278061  5.374049E-15
6449.09356769619  5.529197E-15
6451.86992261177  5.251647E-15
6454.64627752735  5.557805E-15
6457.42263244293  5.715917E-15
6460.19898735851  5.209220E-15
6462.97534227409  4.884756E-15
6465.75169718967  5.089604E-15
6468.52805210525  5.445306E-15
6471.30440702083  5.346787E-15
6474.08076193641  5.350890E-15
6476.85711685199  5.418099E-15
6479.63347176757  5.323699E-15
6482.40982668315  4.835684E-15
6485.18618159872  4.796198E-15
6487.9625365143  5.101024E-15
6490.73889142988  5.163888E-15
6493.51524634546  5.537633E-15
6496.29160126104  4.922345E-15
6499.06795617662  4.700039E-15
6501.8443110922  5.185870E-15
6504.62066600778  5.377254E-15
6507.39702092336  5.119619E-15
6510.17337583894  4.864420E-15
6512.94973075452  4.884988E-15
6515.7260856701  5.103601E-15
6518.50244058568  5.200944E-15
6521.27879550126  5.317334E-15
6524.05515041684  5.069070E-15
6526.83150533242  5.225667E-15
6529.607860248  5.290773E-15
6532.38421516358  5.065687E-15
6535.16057007916  5.240016E-15
6537.93692499474  5.000262E-15
6540.71327991032  5.378425E-15
6543.4896348259  5.892209E-15
6546.26598974148  5.997732E-15
6549.04234465706  6.469443E-15
6551.81869957264  7.536405E-15
6554.59505448822  8.497108E-15
6557.3714094038  9.061022E-15
6560.14776431938  8.880431E-15
6562.92411923496  8.431863E-15
6565.70047415053  8.393035E-15
6568.47682906612  7.448580E-15
6571.25318398169  6.322999E-15
6574.02953889728  5.730959E-15
6576.80589381286  5.333302E-15
6579.58224872843  5.517874E-15
6582.35860364401  5.122231E-15
6585.13495855959  5.139145E-15
6587.91131347517  4.778237E-15
6590.68766839076  5.015443E-15
6593.46402330633  4.724863E-15
6596.24037822191  5.122707E-15
6599.01673313749  4.957868E-15
6601.79308805307  4.890950E-15
6604.56944296865  4.808684E-15
6607.34579788423  4.774780E-15
6610.12215279981  5.020346E-15
6612.89850771539  4.888496E-15
6615.67486263097  4.564229E-15
6618.45121754655  4.528726E-15
6621.22757246213  4.994298E-15
6624.00392737771  4.652517E-15
6626.78028229329  4.750409E-15
6629.55663720887  4.567853E-15
6632.33299212445  4.499856E-15
6635.10934704003  4.848646E-15
6637.88570195561  5.165312E-15
6640.66205687119  5.066031E-15
6643.43841178677  4.887990E-15
6646.21476670235  4.745952E-15
6648.99112161793  4.502786E-15
6651.76747653351  4.769378E-15
6654.54383144909  4.808504E-15
6657.32018636467  4.691055E-15
6660.09654128025  5.057410E-15
6662.87289619583  4.698731E-15
6665.64925111141  4.625715E-15
6668.42560602698  4.847912E-15
6671.20196094257  4.774084E-15
6673.97831585815  5.075998E-15
6676.75467077372  5.187026E-15
6679.5310256893  5.296600E-15
6682.30738060488  4.968030E-15
6685.08373552046  4.823746E-15
6687.86009043604  5.091579E-15
6690.63644535162  4.710804E-15
6693.4128002672  4.621946E-15
6696.18915518278  4.810419E-15
6698.96551009836  5.220924E-15
6701.74186501394  4.703527E-15
6704.51821992952  4.823301E-15
6707.2945748451  5.034019E-15
6710.07092976068  4.682718E-15
6712.84728467626  4.704878E-15
6715.62363959184  4.536797E-15
6718.39999450742  4.641296E-15
6721.176349423  4.551895E-15
6723.95270433858  4.563388E-15
6726.72905925416  4.747311E-15
6729.50541416974  4.724909E-15
6732.28176908532  4.650011E-15
6735.0581240009  4.620486E-15
6737.83447891648  4.833306E-15
6740.61083383206  4.853335E-15
6743.38718874764  4.563962E-15
6746.16354366322  4.673255E-15
6748.9398985788  4.929019E-15
6751.71625349438  4.842555E-15
6754.49260840996  4.810634E-15
6757.26896332554  4.583622E-15
6760.04531824112  4.827148E-15
6762.82167315669  4.783194E-15
6765.59802807227  4.681659E-15
6768.37438298785  4.686771E-15
6771.15073790343  4.494830E-15
6773.92709281901  4.690319E-15
6776.70344773459  4.303513E-15
6779.47980265018  4.597497E-15
6782.25615756575  4.756660E-15
6785.03251248133  4.868914E-15
6787.80886739691  4.936359E-15
6790.58522231249  4.782572E-15
6793.36157722807  4.817825E-15
6796.13793214365  4.996942E-15
6798.91428705923  4.580015E-15
6801.69064197481  4.601601E-15
6804.46699689039  4.619612E-15
6807.24335180597  4.570909E-15
6810.01970672155  4.828332E-15
6812.79606163713  4.693042E-15
6815.57241655271  4.556465E-15
6818.34877146829  4.532389E-15
6821.12512638387  4.589258E-15
6823.90148129945  4.867491E-15
6826.67783621503  4.840030E-15
6829.45419113061  4.743817E-15
6832.23054604619  4.411432E-15
6835.00690096177  4.703487E-15
6837.78325587735  4.551566E-15
6840.55961079293  4.624495E-15
6843.33596570851  4.659524E-15
6846.11232062409  4.488710E-15
6848.88867553967  4.622399E-15
6851.66503045524  4.327312E-15
6854.44138537082  4.289465E-15
6857.21774028641  4.398942E-15
6859.99409520199  4.481421E-15
6862.77045011756  4.348159E-15
6865.54680503314  4.731959E-15
6868.32315994872  4.433348E-15
6871.0995148643  4.494669E-15
6873.87586977988  4.652971E-15
6876.65222469546  4.599650E-15
6879.42857961104  4.663485E-15
6882.20493452662  4.241505E-15
6884.9812894422  4.326765E-15
6887.75764435778  4.746090E-15
6890.53399927336  4.658195E-15
6893.31035418894  4.523045E-15
6896.08670910452  4.262850E-15
6898.8630640201  4.339343E-15
6901.63941893568  4.635337E-15
6904.41577385126  4.513672E-15
6907.19212876684  4.322673E-15
6909.96848368242  4.367552E-15
6912.744838598  4.213549E-15
6915.52119351358  4.344209E-15
6918.29754842916  4.499784E-15
6921.07390334474  4.513687E-15
6923.85025826032  4.193078E-15
6926.6266131759  4.474425E-15
6929.40296809148  4.553975E-15
6932.17932300706  4.575088E-15
6934.95567792264  4.595274E-15
6937.73203283822  4.356611E-15
6940.5083877538  4.121815E-15
6943.28474266938  4.604726E-15
6946.06109758495  4.614304E-15
6948.83745250054  4.438600E-15
6951.61380741612  4.742579E-15
6954.39016233169  4.694563E-15
6957.16651724727  4.479120E-15
6959.94287216285  4.508516E-15
6962.71922707843  4.408898E-15
6965.49558199401  4.335505E-15
6968.27193690959  4.491633E-15
6971.04829182517  4.444624E-15
6973.82464674075  4.457581E-15
6976.60100165633  4.674325E-15
6979.37735657191  4.264867E-15
6982.15371148749  4.652050E-15
6984.93006640307  4.482920E-15
6987.70642131865  4.441154E-15
6990.48277623423  4.523777E-15
6993.25913114981  4.403890E-15
6996.03548606539  4.313144E-15
6998.81184098097  4.498324E-15
7001.58819589655  4.503221E-15
7004.36455081213  4.483338E-15
7007.14090572771  4.382154E-15
7009.91726064329  4.513511E-15
7012.69361555887  4.677324E-15
7015.46997047445  4.335168E-15
7018.24632539003  4.328713E-15
7021.02268030561  4.353682E-15
7023.79903522119  4.436658E-15
7026.57539013677  4.540759E-15
7029.35174505235  4.312306E-15
7032.12809996793  4.398590E-15
7034.90445488351  4.619952E-15
7037.68080979909  4.365867E-15
7040.45716471466  4.118955E-15
7043.23351963024  4.220894E-15
7046.00987454583  4.387310E-15
7048.7862294614  4.277035E-15
7051.56258437698  4.019521E-15
7054.33893929256  4.189488E-15
7057.11529420814  4.137530E-15
7059.89164912372  4.759499E-15
7062.6680040393  4.839440E-15
7065.44435895488  4.149873E-15
7068.22071387046  4.303114E-15
7070.99706878604  4.188577E-15
7073.77342370162  4.581677E-15
7076.5497786172  4.160872E-15
7079.32613353278  4.348511E-15
7082.10248844836  4.531369E-15
7084.87884336394  4.379412E-15
7087.65519827952  4.087175E-15
7090.4315531951  4.176648E-15
7093.20790811068  4.215563E-15
7095.98426302626  3.891083E-15
7098.76061794184  4.280020E-15
7101.53697285742  4.554904E-15
7104.313327773  4.177831E-15
7107.08968268858  4.163627E-15
7109.86603760416  4.103099E-15
7112.64239251974  4.248126E-15
7115.41874743532  4.166818E-15
7118.1951023509  4.157348E-15
7120.97145726648  4.336253E-15
7123.74781218206  4.306742E-15
7126.52416709764  4.321803E-15
7129.30052201322  4.049083E-15
7132.0768769288  4.361250E-15
7134.85323184437  4.092922E-15
7137.62958675996  4.237240E-15
7140.40594167553  4.225431E-15
7143.18229659112  4.068705E-15
7145.95865150669  3.959973E-15
7148.73500642227  3.801142E-15
7151.51136133785  4.147311E-15
7154.28771625343  4.314981E-15
7157.06407116901  4.256425E-15
7159.84042608459  4.296615E-15
7162.61678100017  4.224061E-15
7165.39313591575  4.074818E-15
7168.16949083133  3.957703E-15
7170.94584574691  3.849062E-15
7173.72220066249  3.891861E-15
7176.49855557807  4.281748E-15
7179.27491049365  4.085703E-15
7182.05126540923  4.135746E-15
7184.82762032481  3.749410E-15
7187.60397524039  3.792679E-15
7190.38033015597  3.619049E-15
7193.15668507155  3.604921E-15
7195.93303998713  3.944193E-15
7198.70939490271  4.216982E-15
7201.48574981829  3.809805E-15
7204.26210473387  3.562387E-15
7207.03845964945  3.849827E-15
7209.81481456503  4.030402E-15
7212.59116948061  3.761856E-15
7215.36752439619  3.630653E-15
7218.14387931177  3.916930E-15
7220.92023422735  3.850186E-15
7223.69658914293  3.712537E-15
7226.47294405851  3.964979E-15
7229.24929897409  3.900590E-15
7232.02565388966  3.714507E-15
7234.80200880524  3.739053E-15
7237.57836372083  3.821687E-15
7240.3547186364  4.059480E-15
7243.13107355198  3.732747E-15
7245.90742846756  3.788880E-15
7248.68378338314  3.782638E-15
7251.46013829872  4.222783E-15
7254.2364932143  4.127672E-15
7257.01284812988  4.038109E-15
7259.78920304546  4.127862E-15
7262.56555796104  3.899719E-15
7265.34191287662  4.069450E-15
7268.1182677922  3.857052E-15
7270.89462270778  3.744230E-15
7273.67097762336  3.623916E-15
7276.44733253894  3.623327E-15
7279.22368745452  3.755351E-15
7282.0000423701  3.632909E-15
7284.77639728568  3.621994E-15
7287.55275220126  3.455321E-15
7290.32910711684  3.518703E-15
7293.10546203242  3.921353E-15
7295.881816948  3.789824E-15
7298.65817186358  3.980605E-15
7301.43452677916  3.966193E-15
7304.21088169474  3.760837E-15
7306.98723661032  3.780653E-15
7309.7635915259  3.624048E-15
7312.53994644148  3.868604E-15
7315.31630135706  3.864831E-15
7318.09265627264  3.541626E-15
7320.86901118822  3.767606E-15
7323.6453661038  3.711278E-15
7326.42172101938  3.775341E-15
7329.19807593495  3.837500E-15
7331.97443085053  3.581107E-15
7334.75078576611  3.718350E-15
7337.52714068169  3.653273E-15
7340.30349559727  3.563369E-15
7343.07985051285  3.778112E-15
7345.85620542843  3.516856E-15
7348.63256034401  3.319084E-15
7351.40891525959  3.693796E-15
7354.18527017517  3.881869E-15
7356.96162509075  3.766269E-15
7359.73798000633  3.784137E-15
7362.51433492191  3.945332E-15
7365.29068983749  3.639628E-15
7368.06704475307  3.959404E-15
7370.84339966865  3.722432E-15
7373.61975458423  3.756223E-15
7376.39610949981  3.686915E-15
7379.17246441539  3.650793E-15
7381.94881933097  3.758610E-15
7384.72517424655  3.667341E-15
7387.50152916213  3.597797E-15
7390.27788407771  3.724150E-15
7393.05423899329  3.969730E-15
7395.83059390887  3.852375E-15
7398.60694882445  3.658691E-15
7401.38330374003  3.815691E-15
7404.15965865561  3.716742E-15
7406.93601357119  3.633942E-15
7409.71236848677  3.667361E-15
7412.48872340235  3.550317E-15
7415.26507831793  3.649562E-15
7418.04143323351  3.581049E-15
7420.81778814909  3.628470E-15
7423.59414306466  3.595749E-15
7426.37049798024  3.506901E-15
7429.14685289582  3.476827E-15
7431.9232078114  3.292309E-15
7434.69956272698  3.338112E-15
7437.47591764256  3.570091E-15
7440.25227255814  3.629955E-15
7443.02862747372  3.537256E-15
7445.8049823893  3.648799E-15
7448.58133730488  3.478996E-15
7451.35769222046  3.471937E-15
7454.13404713604  3.698668E-15
7456.91040205162  3.424003E-15
7459.6867569672  3.133533E-15
7462.46311188278  3.442011E-15
7465.23946679836  3.772304E-15
7468.01582171394  3.699538E-15
7470.79217662952  3.544444E-15
7473.5685315451  3.500111E-15
7476.34488646068  3.488193E-15
7479.12124137626  3.521414E-15
7481.89759629184  3.637052E-15
7484.67395120742  3.619261E-15
7487.450306123  3.252910E-15
7490.22666103858  3.567732E-15
7493.00301595416  3.518509E-15
7495.77937086974  3.408188E-15
7498.55572578532  3.448272E-15
7501.3320807009  3.316199E-15
7504.10843561648  3.626672E-15
7506.88479053206  3.667514E-15
7509.66114544764  3.558532E-15
7512.43750036321  3.334527E-15
7515.2138552788  3.252539E-15
7517.99021019437  3.457694E-15
7520.76656510995  3.667252E-15
7523.54292002553  3.594920E-15
7526.31927494111  3.653207E-15
7529.09562985669  3.845952E-15
7531.87198477227  3.695916E-15
7534.64833968785  3.848600E-15
7537.42469460343  3.838758E-15
7540.20104951901  3.623866E-15
7542.97740443459  3.825787E-15
7545.75375935017  3.927552E-15
7548.53011426575  3.951556E-15
7551.30646918133  3.799177E-15
7554.08282409691  3.888024E-15
7556.85917901249  3.835430E-15
7559.63553392807  3.502792E-15
7562.41188884365  3.641115E-15
7565.18824375923  3.786330E-15
7567.96459867481  3.695704E-15
7570.74095359039  3.491364E-15
7573.51730850597  3.527645E-15
7576.29366342155  3.484728E-15
7579.07001833713  3.328090E-15
7581.84637325271  3.501167E-15
7584.62272816829  3.511552E-15
7587.39908308387  3.310824E-15
7590.17543799945  3.505235E-15
7592.95179291503  3.518587E-15
7595.72814783061  3.182488E-15
7598.50450274619  3.484870E-15
7601.28085766177  3.241637E-15
7604.05721257735  2.305903E-15
7606.83356749292  3.771407E-15
7609.60992240851  3.332874E-15
7612.38627732408  2.731264E-15
7615.16263223967  3.124654E-15
7617.93898715524  3.219250E-15
7620.71534207082  3.413638E-15
7623.4916969864  3.590323E-15
7626.26805190198  3.146675E-15
7629.04440681756  2.994931E-15
7631.82076173314  3.455935E-15
7634.59711664872  3.377905E-15
7637.3734715643  3.340247E-15
7640.14982647988  3.420247E-15
7642.92618139546  3.161577E-15
7645.70253631104  3.439614E-15
7648.47889122662  3.604960E-15
7651.2552461422  3.443988E-15
7654.03160105778  3.402091E-15
7656.80795597336  3.550027E-15
7659.58431088894  3.342903E-15
7662.36066580452  2.724336E-15
7665.1370207201  2.678192E-15
7667.91337563568  2.911244E-15
7670.68973055126  3.117880E-15
7673.46608546684  3.133276E-15
7676.24244038242  2.956451E-15
7679.018795298  2.939288E-15
7681.79515021358  3.088810E-15
7684.57150512916  3.081905E-15
7687.34786004474  3.018773E-15
7690.12421496032  3.051839E-15
7692.9005698759  3.013107E-15
7695.67692479148  3.053632E-15
7698.45327970706  3.306966E-15
7701.22963462264  3.449315E-15
7704.00598953821  3.289877E-15
7706.78234445379  2.830322E-15
7709.55869936937  2.672388E-15
7712.33505428495  2.727039E-15
7715.11140920053  2.940732E-15
7717.88776411611  2.717561E-15
7720.66411903169  2.845284E-15
7723.44047394727  3.201473E-15
7726.21682886285  3.512325E-15
7728.99318377843  3.197723E-15
7731.76953869401  2.945322E-15
7734.54589360959  2.955809E-15
7737.32224852517  3.019488E-15
7740.09860344075  3.197497E-15
7742.87495835633  3.207846E-15
7745.65131327191  3.078263E-15
7748.42766818749  3.087638E-15
7751.20402310307  3.259109E-15
7753.98037801865  3.333387E-15
7756.75673293423  3.017874E-15
7759.53308784981  3.040040E-15
7762.30944276539  3.284087E-15
7765.08579768097  3.006639E-15
7767.86215259655  3.038538E-15
7770.63850751213  3.083688E-15
7773.41486242771  2.902116E-15
7776.19121734329  3.159699E-15
7778.96757225887  3.217525E-15
7781.74392717445  3.203972E-15
7784.52028209003  2.962194E-15
7787.29663700561  2.993860E-15
7790.07299192119  3.053138E-15
7792.84934683677  3.114957E-15
7795.62570175234  3.181114E-15
7798.40205666793  3.257337E-15
7801.1784115835  3.338914E-15
7803.95476649909  3.521409E-15
7806.73112141466  3.390344E-15
7809.50747633024  2.978350E-15
7812.28383124582  3.464932E-15
7815.0601861614  3.394385E-15
7817.83654107698  3.099553E-15
7820.61289599256  3.419057E-15
7823.38925090814  3.063842E-15
7826.16560582372  3.063278E-15
7828.9419607393  2.809611E-15
7831.71831565488  3.017637E-15
7834.49467057046  3.063822E-15
7837.27102548604  3.257840E-15
7840.04738040162  3.108865E-15
7842.8237353172  3.145638E-15
7845.60009023278  3.220021E-15
7848.37644514836  2.963182E-15
7851.15280006394  3.031819E-15
7853.92915497952  3.225307E-15
7856.7055098951  3.169544E-15
7859.48186481068  3.169801E-15
7862.25821972626  3.274079E-15
7865.03457464184  3.157844E-15
7867.81092955742  2.786408E-15
7870.587284473  3.153200E-15
7873.36363938858  3.024581E-15
7876.13999430416  3.192271E-15
7878.91634921974  3.015974E-15
7881.69270413532  2.882518E-15
7884.4690590509  3.029930E-15
7887.24541396648  2.830162E-15
7890.02176888206  2.867801E-15
7892.79812379764  2.951113E-15
7895.57447871321  3.059583E-15
7898.3508336288  2.972020E-15
7901.12718854437  2.716955E-15
7903.90354345995  2.669578E-15
7906.67989837553  2.812638E-15
7909.45625329111  2.774073E-15
7912.23260820669  2.774195E-15
7915.00896312227  2.939546E-15
7917.78531803785  2.937874E-15
7920.56167295343  3.053609E-15
7923.33802786901  2.953421E-15
7926.11438278459  3.047680E-15
7928.89073770017  3.170008E-15
7931.66709261575  3.053266E-15
7934.44344753133  2.964600E-15
7937.21980244691  3.040631E-15
7939.99615736249  3.117322E-15
7942.77251227807  2.912185E-15
7945.54886719365  2.916266E-15
7948.32522210923  2.839797E-15
7951.10157702481  2.705509E-15
7953.87793194039  2.829609E-15
7956.65428685597  2.928173E-15
7959.43064177155  2.802647E-15
7962.20699668713  2.779284E-15
7964.98335160271  2.825580E-15
7967.75970651829  2.809795E-15
7970.53606143387  2.866981E-15
7973.31241634945  2.751082E-15
7976.08877126503  2.738245E-15
7978.86512618061  2.863339E-15
7981.64148109619  2.743963E-15
7984.41783601176  2.736583E-15
7987.19419092735  2.917215E-15
7989.97054584292  3.015000E-15
7992.74690075851  2.882829E-15
7995.52325567408  2.949483E-15
7998.29961058966  3.147438E-15
8001.07596550524  2.730923E-15
8003.85232042082  2.679146E-15
8006.6286753364  2.716005E-15
8009.40503025198  2.565927E-15
8012.18138516756  2.914028E-15
8014.95774008314  3.001298E-15
8017.73409499872  2.678041E-15
8020.5104499143  2.763911E-15
8023.28680482988  2.880383E-15
8026.06315974546  2.978419E-15
8028.83951466104  2.816060E-15
8031.61586957662  2.635101E-15
8034.3922244922  2.719070E-15
8037.16857940778  2.950984E-15
8039.94493432336  3.145662E-15
8042.72128923894  3.173928E-15
8045.49764415452  2.977562E-15
8048.2739990701  2.623867E-15
8051.05035398568  2.766455E-15
8053.82670890126  2.721179E-15
8056.60306381684  2.712983E-15
8059.37941873242  3.015861E-15
8062.155773648  3.064550E-15
8064.93212856357  2.778363E-15
8067.70848347916  2.828333E-15
8070.48483839474  2.884033E-15
8073.26119331031  2.877453E-15
8076.03754822589  3.060646E-15
8078.81390314148  2.595529E-15
8081.59025805706  2.760789E-15
8084.36661297263  2.842063E-15
8087.14296788822  2.853071E-15
8089.91932280379  2.459088E-15
8092.69567771937  2.497968E-15
8095.47203263495  2.670615E-15
8098.24838755053  2.475871E-15
8101.02474246611  2.851004E-15
8103.80109738169  2.662127E-15
8106.57745229727  2.822344E-15
8109.35380721285  2.868125E-15
8112.13016212843  2.717439E-15
8114.90651704401  2.809494E-15
8117.68287195959  2.640013E-15
8120.45922687517  2.454557E-15
8123.23558179075  2.537371E-15
8126.01193670633  2.650864E-15
8128.78829162191  2.877325E-15
8131.56464653749  2.755979E-15
8134.34100145307  2.481893E-15
8137.11735636865  2.563333E-15
8139.89371128423  2.420083E-15
8142.67006619981  2.781646E-15
8145.44642111539  2.553895E-15
8148.22277603097  2.464752E-15
8150.99913094655  2.202382E-15
8153.77548586213  2.406419E-15
8156.55184077771  2.630984E-15
8159.32819569329  2.459921E-15
8162.10455060886  2.459936E-15
8164.88090552445  2.813259E-15
8167.65726044003  2.901690E-15
8170.43361535561  2.667004E-15
8173.20997027118  2.481043E-15
8175.98632518676  2.505572E-15
8178.76268010234  2.577208E-15
8181.53903501792  2.455016E-15
8184.3153899335  2.483757E-15
8187.09174484908  2.599687E-15
8189.86809976466  2.630254E-15
8192.64445468024  2.329714E-15
8195.42080959582  2.394605E-15
8198.1971645114  2.536264E-15
8200.97351942698  2.687608E-15
8203.74987434256  2.795937E-15
8206.52622925814  2.483250E-15
8209.30258417372  2.505875E-15
8212.0789390893  2.961013E-15
8214.85529400488  3.068234E-15
8217.63164892046  3.068037E-15
8220.40800383604  2.864813E-15
8223.18435875162  2.451617E-15
8225.9607136672  2.315041E-15
8228.73706858278  2.298598E-15
8231.51342349836  2.369332E-15
8234.28977841394  2.487624E-15
8237.06613332952  2.587186E-15
8239.8424882451  2.926857E-15
8242.61884316068  2.765893E-15
8245.39519807626  3.091619E-15
8248.17155299184  2.946857E-15
8250.94790790742  2.782279E-15
8253.724262823  2.929189E-15
8256.50061773858  2.970088E-15
8259.27697265415  2.772196E-15
8262.05332756974  2.908081E-15
8264.82968248532  2.561995E-15
8267.60603740089  2.587387E-15
8270.38239231647  2.722879E-15
8273.15874723205  2.475511E-15
8275.93510214764  2.570115E-15
8278.71145706321  2.706361E-15
8281.48781197879  2.531649E-15
8284.26416689437  2.488233E-15
8287.04052180995  2.608317E-15
8289.81687672553  2.736484E-15
8292.59323164111  2.638557E-15
8295.36958655669  2.588763E-15
8298.14594147227  2.685018E-15
8300.92229638785  2.597799E-15
8303.69865130343  2.656117E-15
8306.47500621901  2.957997E-15
8309.25136113459  2.713921E-15
8312.02771605017  2.792899E-15
8314.80407096575  2.863208E-15
8317.58042588133  2.573347E-15
8320.35678079691  2.539649E-15
8323.13313571249  2.695467E-15
8325.90949062807  2.564437E-15
8328.68584554365  2.652098E-15
8331.46220045923  2.817824E-15
8334.23855537481  2.700649E-15
8337.01491029039  2.674379E-15
8339.79126520597  2.597377E-15
8342.56762012155  2.833869E-15
8345.34397503712  2.772977E-15
8348.12032995271  2.771996E-15
8350.89668486829  2.295667E-15
8353.67303978387  2.613505E-15
8356.44939469944  2.880671E-15
8359.22574961502  2.689820E-15
8362.00210453061  2.737937E-15
8364.77845944619  2.495146E-15
8367.55481436176  2.558064E-15
8370.33116927734  2.806700E-15
8373.10752419292  2.685713E-15
8375.8838791085  2.693479E-15
8378.66023402408  3.044891E-15
8381.43658893966  3.066243E-15
8384.21294385524  2.687739E-15
8386.98929877082  2.713096E-15
8389.7656536864  2.714827E-15
8392.54200860198  2.324441E-15
8395.31836351756  2.710673E-15
8398.09471843314  2.733695E-15
8400.87107334872  2.900524E-15
8403.6474282643  3.059905E-15
8406.42378317988  3.067514E-15
8409.20013809546  2.578033E-15
8411.97649301104  2.896223E-15
8414.75284792662  3.188527E-15
8417.5292028422  2.951270E-15
8420.30555775778  2.687559E-15
8423.08191267336  2.517196E-15
8425.85826758894  2.485147E-15
8428.63462250452  2.711794E-15
8431.4109774201  2.700160E-15
8434.18733233568  2.502525E-15
8436.96368725126  2.606946E-15
8439.74004216684  2.841343E-15
8442.51639708242  2.910632E-15
8445.292751998  2.536798E-15
8448.06910691358  2.232926E-15
8450.84546182916  2.573346E-15
8453.62181674473  2.727692E-15
8456.39817166031  2.811555E-15
8459.1745265759  2.639240E-15
8461.95088149147  2.703521E-15
8464.72723640705  2.993420E-15
8467.50359132263  2.675505E-15
8470.27994623821  2.531232E-15
8473.05630115379  2.309929E-15
8475.83265606937  2.466915E-15
8478.60901098495  2.718083E-15
8481.38536590053  2.525641E-15
8484.16172081611  2.312690E-15
8486.93807573169  2.520034E-15
8489.71443064727  2.720471E-15
8492.49078556285  2.452533E-15
8495.26714047843  2.428941E-15
8498.04349539401  2.729669E-15
8500.81985030959  2.536984E-15
8503.59620522517  2.335735E-15
8506.37256014075  2.176582E-15
8509.14891505633  2.524090E-15
8511.92526997191  2.328793E-15
8514.70162488749  2.524889E-15
8517.47797980307  2.367766E-15
8520.25433471865  2.612581E-15
8523.03068963423  2.427837E-15
8525.80704454981  2.191914E-15
8528.58339946539  2.210289E-15
8531.35975438097  2.245663E-15
8534.13610929655  2.643896E-15
8536.91246421213  2.774098E-15
8539.6888191277  2.404831E-15
8542.46517404328  2.583060E-15
8545.24152895887  2.795345E-15
8548.01788387445  2.332489E-15
8550.79423879002  2.122584E-15
8553.5705937056  2.232658E-15
8556.34694862118  2.513311E-15
8559.12330353676  2.615852E-15
8561.89965845234  2.646556E-15
8564.67601336792  2.172862E-15
8567.4523682835  2.480979E-15
8570.22872319908  2.319676E-15
8573.00507811466  2.304795E-15
8575.78143303024  2.470385E-15
8578.55778794582  2.228044E-15
8581.3341428614  2.063318E-15
8584.11049777698  2.426835E-15
8586.88685269256  2.597989E-15
8589.66320760814  2.621850E-15
8592.43956252372  2.507316E-15
8595.2159174393  2.197192E-15
8597.99227235488  2.076473E-15
8600.76862727046  2.248476E-15
8603.54498218604  2.700565E-15
8606.32133710162  2.465739E-15
8609.0976920172  2.609990E-15
8611.87404693278  2.784474E-15
8614.65040184836  2.371680E-15
8617.42675676394  2.472948E-15
8620.20311167952  2.308652E-15
8622.97946659509  2.247996E-15
8625.75582151068  2.450892E-15
8628.53217642626  2.076472E-15
8631.30853134184  2.346486E-15
8634.08488625742  2.649621E-15
8636.861241173  2.492416E-15
8639.63759608857  2.486813E-15
8642.41395100416  2.731831E-15
8645.19030591974  2.542716E-15
8647.96666083531  2.276518E-15
8650.74301575089  2.504528E-15
8653.51937066647  2.657816E-15
8656.29572558205  2.746494E-15
8659.07208049763  2.534222E-15
8661.84843541321  2.387966E-15
8664.62479032879  2.498226E-15
8667.40114524437  2.434981E-15
8670.17750015995  2.765984E-15
8672.95385507553  2.523745E-15
8675.73020999111  2.276791E-15
8678.50656490669  2.110156E-15
8681.28291982227  2.053172E-15
8684.05927473785  2.487484E-15
8686.83562965343  2.416348E-15
8689.61198456901  2.271683E-15
8692.38833948459  2.169021E-15
8695.16469440017  2.162377E-15
8697.94104931575  2.395764E-15
8700.71740423133  2.454468E-15
8703.49375914691  2.393461E-15
8706.27011406249  2.367837E-15
8709.04646897807  2.260156E-15
8711.82282389365  2.190678E-15
8714.59917880923  2.272013E-15
8717.37553372481  2.177146E-15
8720.15188864039  2.453853E-15
8722.92824355597  2.323555E-15
8725.70459847155  2.058911E-15
8728.48095338713  2.306147E-15
8731.25730830271  2.676771E-15
8734.03366321828  2.727265E-15
8736.81001813386  2.620304E-15
8739.58637304945  2.446453E-15
8742.36272796502  2.772259E-15
8745.1390828806  2.526216E-15
8747.91543779618  2.157223E-15
8750.69179271176  2.473294E-15
8753.46814762734  2.351223E-15
8756.24450254292  2.123799E-15
8759.0208574585  2.508348E-15
8761.79721237408  2.374444E-15
8764.57356728966  2.006126E-15
8767.34992220524  2.162442E-15
8770.12627712082  2.089919E-15
8772.9026320364  2.333182E-15
8775.67898695198  2.570556E-15
8778.45534186756  2.383031E-15
8781.23169678314  2.601833E-15
8784.00805169872  2.704228E-15
8786.7844066143  2.232516E-15
8789.56076152988  2.195020E-15
8792.33711644546  2.350547E-15
8795.11347136104  2.367845E-15
8797.88982627662  2.165582E-15
8800.6661811922  2.103510E-15
8803.44253610778  2.133664E-15
8806.21889102336  2.292116E-15
8808.99524593894  2.275284E-15
8811.77160085452  2.171334E-15
8814.5479557701  2.211600E-15
8817.32431068567  1.908236E-15
8820.10066560126  2.115214E-15
8822.87702051683  2.238256E-15
8825.65337543242  1.991634E-15
8828.429730348  1.797391E-15
8831.20608526358  1.916496E-15
