3861.5307863759  1.358908E-14
3864.30714129148  1.284899E-14
3867.08349620706  1.155726E-14
3869.85985112264  1.303525E-14
3872.63620603822  9.977708E-15
3875.4125609538  7.538509E-15
3878.18891586938  1.241812E-14
3880.96527078496  1.294905E-14
3883.74162570054  1.294670E-14
3886.51798061612  1.300259E-14
3889.2943355317  9.954241E-15
3892.07069044728  9.078272E-15
3894.84704536286  9.386415E-15
3897.62340027844  1.160403E-14
3900.39975519402  1.140211E-14
3903.1761101096  9.077959E-15
3905.95246502518  9.068974E-15
3908.72881994076  6.603571E-15
3911.50517485634  9.291268E-15
3914.28152977192  1.160470E-14
3917.0578846875  1.126051E-14
3919.83423960308  9.070956E-15
3922.61059451866  1.250086E-14
3925.38694943424  9.385185E-15
3928.16330434982  8.191073E-15
3930.9396592654  9.364580E-15
3933.71601418098  1.148794E-14
3936.49236909656  1.002876E-14
3939.26872401214  8.252360E-15
3942.04507892772  1.186806E-14
3944.82143384329  1.220561E-14
3947.59778875887  9.845225E-15
3950.37414367445  8.303317E-15
3953.15049859003  7.424427E-15
3955.92685350561  8.606101E-15
3958.70320842119  9.610761E-15
3961.47956333677  1.061323E-14
3964.25591825235  9.615386E-15
3967.03227316793  9.379268E-15
3969.80862808351  8.678758E-15
3972.58498299909  9.941118E-15
3975.36133791467  7.674617E-15
3978.13769283025  1.036986E-14
3980.91404774583  1.009476E-14
3983.69040266141  9.619441E-15
3986.46675757699  1.228088E-14
3989.24311249257  8.452045E-15
3992.01946740815  7.254404E-15
3994.79582232373  8.636012E-15
3997.57217723931  9.587747E-15
4000.34853215489  1.026424E-14
4003.12488707047  1.188392E-14
4005.90124198605  1.060153E-14
4008.67759690163  1.104846E-14
4011.45395181721  9.716842E-15
4014.23030673279  9.990615E-15
4017.00666164837  8.628609E-15
4019.78301656395  8.753513E-15
4022.55937147953  9.270416E-15
4025.33572639511  9.528041E-15
4028.11208131069  9.787301E-15
4030.88843622627  1.022376E-14
4033.66479114185  9.302763E-15
4036.44114605743  9.819639E-15
4039.21750097301  8.268941E-15
4041.99385588858  9.506686E-15
4044.77021080416  1.085058E-14
4047.54656571974  7.496484E-15
4050.32292063532  8.879938E-15
4053.0992755509  1.031922E-14
4055.87563046648  1.067185E-14
4058.65198538206  1.066618E-14
4061.42834029764  1.012521E-14
4064.20469521322  1.177503E-14
4066.9810501288  1.071682E-14
4069.75740504438  1.015704E-14
4072.53375995996  1.032558E-14
4075.31011487554  1.007311E-14
4078.08646979112  9.864123E-15
4080.8628247067  8.265404E-15
4083.63917962228  9.705948E-15
4086.41553453786  1.072404E-14
4089.19188945344  8.007274E-15
4091.96824436902  8.942258E-15
4094.7445992846  9.220344E-15
4097.52095420018  9.649575E-15
4100.29730911576  8.352552E-15
4103.07366403134  8.207724E-15
4105.85001894692  8.219173E-15
4108.6263738625  9.143079E-15
4111.40272877808  1.065991E-14
4114.17908369366  1.028453E-14
4116.95543860924  1.008323E-14
4119.73179352482  9.204827E-15
4122.5081484404  9.060924E-15
4125.28450335598  9.300860E-15
4128.06085827156  9.913240E-15
4130.83721318714  8.898193E-15
4133.61356810271  9.563403E-15
4136.38992301829  9.932301E-15
4139.16627793387  1.034176E-14
4141.94263284945  8.440817E-15
4144.71898776503  9.620858E-15
4147.49534268061  9.231350E-15
4150.27169759619  1.026385E-14
4153.04805251177  9.833219E-15
4155.82440742735  1.096210E-14
4158.60076234293  1.037234E-14
4161.37711725851  1.068361E-14
4164.15347217409  8.868333E-15
4166.92982708967  8.959731E-15
4169.70618200525  1.100271E-14
4172.48253692083  1.089766E-14
4175.25889183641  1.039804E-14
4178.03524675199  1.033252E-14
4180.81160166757  9.179915E-15
4183.58795658315  8.789654E-15
4186.36431149873  9.096988E-15
4189.14066641431  8.945030E-15
4191.91702132989  1.110927E-14
4194.69337624547  1.087572E-14
4197.46973116105  9.608991E-15
4200.24608607663  9.892285E-15
4203.02244099221  8.967960E-15
4205.79879590779  9.769919E-15
4208.57515082337  1.072084E-14
4211.35150573895  1.052306E-14
4214.12786065453  1.072185E-14
4216.90421557011  1.213455E-14
4219.68057048569  1.154296E-14
4222.45692540127  1.044286E-14
4225.23328031684  1.062502E-14
4228.00963523242  1.086916E-14
4230.785990148  1.009666E-14
4233.56234506358  1.110617E-14
4236.33869997916  1.079429E-14
4239.11505489474  1.034646E-14
4241.89140981032  1.004564E-14
4244.6677647259  1.054852E-14
4247.44411964148  1.063957E-14
4250.22047455706  9.473115E-15
4252.99682947264  9.995026E-15
4255.77318438822  9.988637E-15
4258.5495393038  8.970228E-15
4261.32589421938  9.986706E-15
4264.10224913496  9.622296E-15
4266.87860405054  8.923396E-15
4269.65495896612  8.974939E-15
4272.4313138817  9.187057E-15
4275.20766879728  1.032157E-14
4277.98402371286  9.617230E-15
4280.76037862844  9.229767E-15
4283.53673354402  9.917207E-15
4286.3130884596  9.966993E-15
4289.08944337518  1.063545E-14
4291.86579829076  1.022148E-14
4294.64215320634  9.895233E-15
4297.41850812192  1.106412E-14
4300.1948630375  1.150630E-14
4302.97121795308  1.111996E-14
4305.74757286866  9.072383E-15
4308.52392778424  1.052104E-14
4311.30028269982  9.414312E-15
4314.0766376154  9.051933E-15
4316.85299253098  8.692332E-15
4319.62934744656  9.345013E-15
4322.40570236213  9.632116E-15
4325.18205727771  9.575650E-15
4327.95841219329  8.186966E-15
4330.73476710887  9.607458E-15
4333.51112202445  9.828507E-15
4336.28747694003  8.409161E-15
4339.06383185561  9.111144E-15
4341.84018677119  1.025678E-14
4344.61654168677  9.466937E-15
4347.39289660235  9.828954E-15
4350.16925151793  1.032612E-14
4352.94560643351  8.804610E-15
4355.72196134909  9.845847E-15
4358.49831626467  9.882134E-15
4361.27467118025  9.606764E-15
4364.05102609583  9.442903E-15
4366.82738101141  1.090601E-14
4369.60373592699  1.039759E-14
4372.38009084257  1.017827E-14
4375.15644575815  9.165306E-15
4377.93280067373  9.583900E-15
4380.70915558931  9.745683E-15
4383.48551050489  9.952851E-15
4386.26186542047  9.819415E-15
4389.03822033605  1.024648E-14
4391.81457525163  9.573371E-15
4394.59093016721  1.012860E-14
4397.36728508279  1.037505E-14
4400.14363999837  9.676050E-15
4402.91999491395  9.857682E-15
4405.69634982953  8.140029E-15
4408.47270474511  9.114215E-15
4411.24905966069  9.836161E-15
4414.02541457626  1.068972E-14
4416.80176949185  1.014039E-14
4419.57812440742  1.078640E-14
4422.354479323  9.538244E-15
4425.13083423858  9.158329E-15
4427.90718915416  9.871781E-15
4430.68354406974  9.342664E-15
4433.45989898532  1.054208E-14
4436.2362539009  9.983035E-15
4439.01260881648  9.525179E-15
4441.78896373206  9.298907E-15
4444.56531864764  1.006343E-14
4447.34167356322  1.026336E-14
4450.1180284788  9.866689E-15
4452.89438339438  9.222559E-15
4455.67073830996  8.747127E-15
4458.44709322554  9.197901E-15
4461.22344814112  9.829383E-15
4463.9998030567  9.979599E-15
4466.77615797228  9.402283E-15
4469.55251288786  9.610938E-15
4472.32886780344  9.305589E-15
4475.10522271902  1.003495E-14
4477.8815776346  8.691875E-15
4480.65793255018  8.778212E-15
4483.43428746576  9.753068E-15
4486.21064238134  1.013587E-14
4488.98699729692  9.133582E-15
4491.7633522125  8.639938E-15
4494.53970712808  9.062406E-15
4497.31606204366  8.915954E-15
4500.09241695924  8.583995E-15
4502.86877187482  1.056079E-14
4505.64512679039  9.740452E-15
4508.42148170598  9.313813E-15
4511.19783662155  8.577729E-15
4513.97419153713  9.154352E-15
4516.75054645271  8.624301E-15
4519.52690136829  9.219573E-15
4522.30325628387  9.780274E-15
4525.07961119945  1.091155E-14
4527.85596611503  9.861846E-15
4530.63232103061  1.021800E-14
4533.40867594619  1.017333E-14
4536.18503086177  9.952511E-15
4538.96138577735  9.471412E-15
4541.73774069293  8.518654E-15
4544.51409560851  8.745882E-15
4547.29045052409  8.288565E-15
4550.06680543967  9.007444E-15
4552.84316035525  8.999081E-15
4555.61951527083  8.438208E-15
4558.39587018641  8.642595E-15
4561.17222510199  9.356168E-15
4563.94858001757  9.226663E-15
4566.72493493315  8.304497E-15
4569.50128984873  9.065014E-15
4572.27764476431  9.376251E-15
4575.05399967989  8.852046E-15
4577.83035459547  8.293277E-15
4580.60670951105  1.001043E-14
4583.38306442663  9.037643E-15
4586.15941934221  9.286790E-15
4588.93577425779  9.671531E-15
4591.71212917337  1.016188E-14
4594.48848408895  9.653095E-15
4597.26483900453  9.318537E-15
4600.0411939201  9.321258E-15
4602.81754883568  9.568581E-15
4605.59390375127  1.096952E-14
4608.37025866684  9.394825E-15
4611.14661358242  9.625483E-15
4613.922968498  9.501291E-15
4616.69932341358  9.089833E-15
4619.47567832916  9.910177E-15
4622.25203324474  1.011731E-14
4625.02838816032  9.629986E-15
4627.8047430759  1.051917E-14
4630.58109799148  1.015258E-14
4633.35745290706  1.008790E-14
4636.13380782264  9.376183E-15
4638.91016273822  1.031161E-14
4641.6865176538  9.929320E-15
4644.46287256938  9.743755E-15
4647.23922748496  9.860202E-15
4650.01558240054  1.022544E-14
4652.79193731612  9.917413E-15
4655.5682922317  9.492281E-15
4658.34464714728  9.747163E-15
4661.12100206286  9.791509E-15
4663.89735697844  1.061209E-14
4666.67371189402  1.063658E-14
4669.4500668096  9.836151E-15
4672.22642172518  1.015500E-14
4675.00277664076  1.031229E-14
4677.77913155634  1.071239E-14
4680.55548647192  1.090532E-14
4683.3318413875  1.045375E-14
4686.10819630308  9.952320E-15
4688.88455121866  9.524015E-15
4691.66090613424  9.447493E-15
4694.43726104982  1.053804E-14
4697.21361596539  1.072572E-14
4699.98997088097  9.749907E-15
4702.76632579655  9.290566E-15
4705.54268071213  9.954472E-15
4708.31903562771  1.081561E-14
4711.09539054329  9.749583E-15
4713.87174545887  9.363300E-15
4716.64810037445  9.568797E-15
4719.42445529003  9.247940E-15
4722.20081020561  8.172818E-15
4724.97716512119  9.549189E-15
4727.75352003677  9.638366E-15
4730.52987495235  1.039614E-14
4733.30622986793  1.001684E-14
4736.08258478351  9.857118E-15
4738.85893969909  8.989052E-15
4741.63529461467  9.091654E-15
4744.41164953025  9.794219E-15
4747.18800444583  9.272723E-15
4749.96435936141  9.196522E-15
4752.74071427699  9.148116E-15
4755.51706919257  9.304861E-15
4758.29342410815  9.752488E-15
4761.06977902373  9.548551E-15
4763.84613393931  9.153049E-15
4766.62248885489  8.163078E-15
4769.39884377047  9.739486E-15
4772.17519868605  9.081210E-15
4774.95155360163  9.253650E-15
4777.72790851721  9.199288E-15
4780.50426343279  9.797356E-15
4783.28061834837  8.776213E-15
4786.05697326394  8.975216E-15
4788.83332817953  9.116064E-15
4791.6096830951  8.581991E-15
4794.38603801068  8.568325E-15
4797.16239292626  9.139016E-15
4799.93874784184  9.697159E-15
4802.71510275742  9.282979E-15
4805.491457673  8.788964E-15
4808.26781258858  9.027384E-15
4811.04416750416  8.757302E-15
4813.82052241974  8.934201E-15
4816.59687733532  8.700884E-15
4819.3732322509  8.835435E-15
4822.14958716648  9.706121E-15
4824.92594208206  8.586099E-15
4827.70229699764  9.457014E-15
4830.47865191322  8.436209E-15
4833.2550068288  9.551201E-15
4836.03136174438  9.770323E-15
4838.80771665996  8.783768E-15
4841.58407157554  8.894092E-15
4844.36042649112  9.125592E-15
4847.1367814067  1.004255E-14
4849.91313632228  9.575924E-15
4852.68949123786  9.175456E-15
4855.46584615344  9.619623E-15
4858.24220106902  9.832288E-15
4861.0185559846  9.599083E-15
4863.79491090018  9.299407E-15
4866.57126581576  8.760767E-15
4869.34762073134  8.647006E-15
4872.12397564692  8.454409E-15
4874.9003305625  8.724250E-15
4877.67668547807  9.030632E-15
4880.45304039366  8.384731E-15
4883.22939530923  8.744656E-15
4886.00575022481  9.650272E-15
4888.7821051404  9.685843E-15
4891.55846005597  8.750470E-15
4894.33481497155  8.222095E-15
4897.11116988713  8.486864E-15
4899.88752480271  9.248066E-15
4902.66387971829  9.254447E-15
4905.44023463387  9.176963E-15
4908.21658954945  9.103338E-15
4910.99294446503  9.200859E-15
4913.76929938061  8.764860E-15
4916.54565429619  8.139844E-15
4919.32200921177  8.320167E-15
4922.09836412735  9.501374E-15
4924.87471904293  9.715254E-15
4927.65107395851  9.027965E-15
4930.42742887409  9.079611E-15
4933.20378378967  9.092515E-15
4935.98013870525  8.664563E-15
4938.75649362083  8.997048E-15
4941.53284853641  9.396309E-15
4944.30920345199  8.844121E-15
4947.08555836757  8.661828E-15
4949.86191328315  8.676750E-15
4952.63826819873  9.403428E-15
4955.41462311431  9.272628E-15
4958.19097802989  8.654687E-15
4960.96733294547  9.058895E-15
4963.74368786104  9.464158E-15
4966.52004277663  9.409074E-15
4969.29639769221  8.847289E-15
4972.07275260778  8.539931E-15
4974.84910752337  9.152985E-15
4977.62546243894  8.465189E-15
4980.40181735452  8.469765E-15
4983.1781722701  8.870686E-15
4985.95452718569  9.572484E-15
4988.73088210126  8.807259E-15
4991.50723701684  8.713073E-15
4994.28359193242  9.235469E-15
4997.059946848  9.258902E-15
4999.83630176358  8.509420E-15
5002.61265667916  8.592663E-15
5005.38901159474  8.471913E-15
5008.16536651032  9.054576E-15
5010.9417214259  8.968637E-15
5013.71807634148  9.194613E-15
5016.49443125706  9.013428E-15
5019.27078617264  9.165579E-15
5022.04714108822  9.076220E-15
5024.8234960038  8.428299E-15
5027.59985091938  8.386029E-15
5030.37620583496  8.977310E-15
5033.15256075054  9.018207E-15
5035.92891566612  8.744120E-15
5038.7052705817  8.468936E-15
5041.48162549728  9.355752E-15
5044.25798041286  8.752291E-15
5047.03433532844  8.103009E-15
5049.81069024402  8.432849E-15
5052.5870451596  9.345484E-15
5055.36340007518  9.037247E-15
5058.13975499076  9.409958E-15
5060.91610990634  9.079108E-15
5063.69246482192  9.007943E-15
5066.4688197375  9.153316E-15
5069.24517465307  9.120969E-15
5072.02152956866  8.869371E-15
5074.79788448423  9.235290E-15
5077.57423939981  8.272424E-15
5080.3505943154  9.020171E-15
5083.12694923098  9.125108E-15
5085.90330414655  9.289680E-15
5088.67965906213  8.951748E-15
5091.45601397771  9.034038E-15
5094.23236889329  8.845465E-15
5097.00872380887  9.557538E-15
5099.78507872445  9.305389E-15
5102.56143364003  8.775587E-15
5105.33778855561  8.497285E-15
5108.11414347119  8.685024E-15
5110.89049838677  8.960871E-15
5113.66685330235  8.658704E-15
5116.44320821793  8.886670E-15
5119.21956313351  9.101628E-15
5121.99591804909  9.029311E-15
5124.77227296467  8.931288E-15
5127.54862788025  9.130244E-15
5130.32498279583  8.693252E-15
5133.10133771141  8.661741E-15
5135.87769262699  8.802759E-15
5138.65404754257  8.417712E-15
5141.43040245815  8.545053E-15
5144.20675737373  8.158634E-15
5146.98311228931  9.312377E-15
5149.75946720489  8.559450E-15
5152.53582212047  8.457398E-15
5155.31217703605  9.035996E-15
5158.08853195163  8.163946E-15
5160.86488686721  8.884397E-15
5163.64124178279  9.443929E-15
5166.41759669837  8.971372E-15
5169.19395161395  9.178934E-15
5171.97030652952  8.530864E-15
5174.74666144511  8.406605E-15
5177.52301636068  9.069909E-15
5180.29937127626  8.682498E-15
5183.07572619184  8.781113E-15
5185.85208110742  8.944145E-15
5188.628436023  8.548223E-15
5191.40479093858  8.300946E-15
5194.18114585416  8.538899E-15
5196.95750076974  8.205676E-15
5199.73385568532  8.863776E-15
5202.5102106009  8.462182E-15
5205.28656551648  8.671572E-15
5208.06292043206  8.432651E-15
5210.83927534764  8.405980E-15
5213.61563026322  8.852823E-15
5216.3919851788  9.099324E-15
5219.16834009438  9.409904E-15
5221.94469500996  8.646710E-15
5224.72104992554  8.294481E-15
5227.49740484112  8.811795E-15
5230.2737597567  8.737570E-15
5233.05011467228  8.816253E-15
5235.82646958786  9.199109E-15
5238.60282450344  8.759811E-15
5241.37917941902  8.623990E-15
5244.1555343346  8.382160E-15
5246.93188925018  8.775351E-15
5249.70824416576  9.677268E-15
5252.48459908134  9.195062E-15
5255.26095399692  9.001086E-15
5258.0373089125  8.616160E-15
5260.81366382808  7.983103E-15
5263.59001874365  8.968749E-15
5266.36637365923  9.479798E-15
5269.14272857481  8.462868E-15
5271.91908349039  8.096297E-15
5274.69543840597  8.175062E-15
5277.47179332155  8.453750E-15
5280.24814823713  8.377393E-15
5283.02450315271  8.107865E-15
5285.80085806829  8.061840E-15
5288.57721298387  8.300071E-15
5291.35356789945  8.055579E-15
5294.12992281503  8.311555E-15
5296.90627773061  8.048350E-15
5299.68263264619  8.833141E-15
5302.45898756177  8.339974E-15
5305.23534247735  8.238281E-15
5308.01169739293  8.568988E-15
5310.78805230851  8.354910E-15
5313.56440722409  8.091316E-15
5316.34076213967  8.419020E-15
5319.11711705525  7.874429E-15
5321.89347197083  7.860209E-15
5324.66982688641  8.019605E-15
5327.44618180199  8.542170E-15
5330.22253671757  8.565274E-15
5332.99889163315  8.725923E-15
5335.77524654873  8.564309E-15
5338.55160146431  8.582357E-15
5341.32795637989  8.203268E-15
5344.10431129547  8.178551E-15
5346.88066621105  8.380923E-15
5349.65702112662  8.637888E-15
5352.43337604221  8.300129E-15
5355.20973095778  8.683214E-15
5357.98608587337  7.947112E-15
5360.76244078894  7.605607E-15
5363.53879570452  7.788642E-15
5366.3151506201  7.865390E-15
5369.09150553568  8.423077E-15
5371.86786045126  7.849825E-15
5374.64421536684  8.066737E-15
5377.42057028242  8.340711E-15
5380.196925198  8.264921E-15
5382.97328011358  8.200120E-15
5385.74963502916  8.559438E-15
5388.52598994474  8.260550E-15
5391.30234486032  8.000972E-15
5394.0786997759  8.494816E-15
5396.85505469148  8.767721E-15
5399.63140960706  8.250250E-15
5402.40776452264  8.761484E-15
5405.18411943822  7.950573E-15
5407.9604743538  7.715640E-15
5410.73682926938  7.883636E-15
5413.51318418496  8.039777E-15
5416.28953910054  8.240496E-15
5419.06589401612  7.833485E-15
5421.8422489317  7.997859E-15
5424.61860384728  8.529636E-15
5427.39495876286  8.151693E-15
5430.17131367844  8.034540E-15
5432.94766859402  8.169626E-15
5435.7240235096  8.099454E-15
5438.50037842518  8.124356E-15
5441.27673334076  8.416841E-15
5444.05308825634  7.808377E-15
5446.82944317192  8.222377E-15
5449.6057980875  7.933875E-15
5452.38215300308  7.705537E-15
5455.15850791866  8.033404E-15
5457.93486283423  7.922040E-15
5460.71121774981  8.295317E-15
5463.48757266539  8.241260E-15
5466.26392758097  7.535934E-15
5469.04028249655  8.044468E-15
5471.81663741213  8.142326E-15
5474.59299232771  7.932231E-15
5477.36934724329  7.563053E-15
5480.14570215887  7.652063E-15
5482.92205707445  7.734609E-15
5485.69841199003  7.789667E-15
5488.47476690561  7.892224E-15
5491.25112182119  7.945382E-15
5494.02747673677  7.683593E-15
5496.80383165235  8.140076E-15
5499.58018656793  8.062974E-15
5502.35654148351  7.539857E-15
5505.13289639909  7.612075E-15
5507.90925131467  7.910017E-15
5510.68560623025  7.951926E-15
5513.46196114583  7.756978E-15
5516.23831606141  7.746110E-15
5519.01467097699  8.035314E-15
5521.79102589257  7.905275E-15
5524.56738080815  7.501359E-15
5527.34373572373  7.778545E-15
5530.12009063931  7.784391E-15
5532.89644555489  7.397876E-15
5535.67280047047  7.446645E-15
5538.44915538605  7.782839E-15
5541.22551030163  7.736423E-15
5544.0018652172  7.944112E-15
5546.77822013278  7.614094E-15
5549.55457504837  6.940833E-15
5552.33092996394  7.185493E-15
5555.10728487952  7.645780E-15
5557.8836397951  7.492579E-15
5560.65999471068  7.458637E-15
5563.43634962626  7.740131E-15
5566.21270454184  8.092543E-15
5568.98905945742  7.947826E-15
5571.765414373  7.406780E-15
5574.54176928858  7.299282E-15
5577.31812420416  7.493390E-15
5580.09447911974  7.776847E-15
5582.87083403532  7.778026E-15
5585.6471889509  7.793485E-15
5588.42354386648  7.480998E-15
5591.19989878206  7.301274E-15
5593.97625369764  7.446629E-15
5596.75260861322  7.592255E-15
5599.5289635288  7.238430E-15
5602.30531844438  7.569255E-15
5605.08167335996  7.929201E-15
5607.85802827554  7.322729E-15
5610.63438319112  7.105554E-15
5613.4107381067  7.344042E-15
5616.18709302228  7.372657E-15
5618.96344793786  7.461574E-15
5621.73980285344  7.766797E-15
5624.51615776902  7.483755E-15
5627.2925126846  7.494428E-15
5630.06886760018  7.331378E-15
5632.84522251576  7.349178E-15
5635.62157743134  7.640622E-15
5638.39793234691  7.835024E-15
5641.1742872625  7.429816E-15
5643.95064217807  7.389236E-15
5646.72699709365  6.981944E-15
5649.50335200923  7.008051E-15
5652.27970692482  7.003167E-15
5655.05606184039  7.544218E-15
5657.83241675597  7.541601E-15
5660.60877167155  7.639125E-15
5663.38512658713  7.421801E-15
5666.16148150271  7.575079E-15
5668.93783641829  7.328565E-15
5671.71419133387  7.621992E-15
5674.49054624945  7.396346E-15
5677.26690116503  7.691256E-15
5680.04325608061  7.389877E-15
5682.81961099619  7.110149E-15
5685.59596591177  7.008005E-15
5688.37232082735  7.012436E-15
5691.14867574293  6.792853E-15
5693.92503065851  6.967461E-15
5696.70138557409  7.038508E-15
5699.47774048967  6.652706E-15
5702.25409540525  6.771640E-15
5705.03045032083  7.084879E-15
5707.80680523641  6.992496E-15
5710.58316015199  6.765751E-15
5713.35951506757  7.189254E-15
5716.13586998315  6.904633E-15
5718.91222489873  6.974044E-15
5721.68857981431  7.116129E-15
5724.46493472989  7.381570E-15
5727.24128964546  7.304266E-15
5730.01764456105  7.193527E-15
5732.79399947663  6.640517E-15
5735.5703543922  6.713174E-15
5738.34670930778  6.898720E-15
5741.12306422336  6.965682E-15
5743.89941913894  7.185525E-15
5746.67577405452  6.987120E-15
5749.4521289701  6.883321E-15
5752.22848388568  7.060840E-15
5755.00483880126  7.151982E-15
5757.78119371684  7.160336E-15
5760.55754863242  7.089486E-15
5763.333903548  7.087679E-15
5766.11025846358  7.063320E-15
5768.88661337916  7.147377E-15
5771.66296829474  6.878851E-15
5774.43932321032  6.250331E-15
5777.2156781259  6.480851E-15
5779.99203304148  6.908078E-15
5782.76838795706  6.817995E-15
5785.54474287264  7.370905E-15
5788.32109778822  7.091348E-15
5791.0974527038  7.125452E-15
5793.87380761938  6.853377E-15
5796.65016253496  6.949398E-15
5799.42651745054  6.911481E-15
5802.20287236612  7.245229E-15
5804.9792272817  7.204309E-15
5807.75558219728  6.916922E-15
5810.53193711286  7.298223E-15
5813.30829202844  7.062664E-15
5816.08464694402  7.372355E-15
5818.8610018596  7.233019E-15
5821.63735677518  7.116800E-15
5824.41371169076  7.193347E-15
5827.19006660633  7.189541E-15
5829.96642152192  6.779968E-15
5832.74277643749  6.570752E-15
5835.51913135307  7.112125E-15
5838.29548626865  6.569943E-15
5841.07184118423  7.035163E-15
5843.84819609981  7.198697E-15
5846.62455101539  6.721340E-15
5849.40090593097  6.667708E-15
5852.17726084655  6.891743E-15
5854.95361576213  6.767159E-15
5857.72997067771  7.493643E-15
5860.50632559329  7.023908E-15
5863.28268050887  7.103416E-15
5866.05903542445  7.184515E-15
5868.83539034003  7.362277E-15
5871.61174525561  7.400529E-15
5874.38810017119  7.211057E-15
5877.16445508677  7.047882E-15
5879.94081000235  6.958648E-15
5882.71716491793  7.188282E-15
5885.49351983351  7.196564E-15
5888.26987474909  6.641269E-15
5891.04622966467  6.489673E-15
5893.82258458025  6.485091E-15
5896.59893949583  6.642236E-15
5899.37529441141  6.593388E-15
5902.15164932699  6.771586E-15
5904.92800424257  6.588349E-15
5907.70435915815  6.575995E-15
5910.48071407373  6.774424E-15
5913.25706898931  6.609145E-15
5916.03342390489  6.442022E-15
5918.80977882047  6.779972E-15
5921.58613373604  6.719614E-15
5924.36248865163  6.432612E-15
5927.1388435672  6.510485E-15
5929.91519848278  6.493476E-15
5932.69155339836  6.772280E-15
5935.46790831394  6.903760E-15
5938.24426322952  6.545916E-15
5941.0206181451  6.308187E-15
5943.79697306068  6.052656E-15
5946.57332797626  6.362288E-15
5949.34968289184  6.762013E-15
5952.12603780742  6.939034E-15
5954.902392723  5.969448E-15
5957.67874763858  6.093513E-15
5960.45510255416  6.718904E-15
5963.23145746974  6.359112E-15
5966.00781238532  6.018754E-15
5968.7841673009  6.227778E-15
5971.56052221648  6.806971E-15
5974.33687713206  6.431951E-15
5977.11323204764  6.360161E-15
5979.88958696322  6.594360E-15
5982.6659418788  6.512126E-15
5985.44229679438  6.725055E-15
5988.21865170996  6.198068E-15
5990.99500662554  6.038742E-15
5993.77136154112  6.743947E-15
5996.5477164567  6.416974E-15
5999.32407137228  6.376976E-15
6002.10042628786  6.554636E-15
6004.87678120344  6.333762E-15
6007.65313611902  6.527134E-15
6010.42949103459  6.450319E-15
6013.20584595018  6.292634E-15
6015.98220086575  6.357491E-15
6018.75855578134  6.567718E-15
6021.53491069691  6.346642E-15
6024.31126561249  6.431576E-15
6027.08762052807  6.463999E-15
6029.86397544365  6.428674E-15
6032.64033035923  6.212469E-15
6035.41668527481  6.048257E-15
6038.19304019039  6.480197E-15
6040.96939510597  6.337686E-15
6043.74575002155  6.256152E-15
6046.52210493713  6.344079E-15
6049.29845985271  6.436284E-15
6052.07481476829  6.530273E-15
6054.85116968387  6.975853E-15
6057.62752459945  6.363642E-15
6060.40387951503  5.983901E-15
6063.18023443061  6.406125E-15
6065.95658934619  6.127541E-15
6068.73294426177  6.121569E-15
6071.50929917735  6.546219E-15
6074.28565409293  6.396922E-15
6077.06200900851  6.309084E-15
6079.83836392409  6.222796E-15
6082.61471883967  5.778315E-15
6085.39107375525  6.158732E-15
6088.16742867083  6.327027E-15
6090.94378358641  6.757397E-15
6093.72013850199  6.613414E-15
6096.49649341757  6.500959E-15
6099.27284833315  6.203512E-15
6102.04920324873  6.273068E-15
6104.82555816431  5.957150E-15
6107.60191307989  6.369299E-15
6110.37826799546  6.641496E-15
6113.15462291105  6.673923E-15
6115.93097782662  5.844753E-15
6118.7073327422  5.901870E-15
6121.48368765778  6.340422E-15
6124.26004257336  6.091506E-15
6127.03639748894  6.105308E-15
6129.81275240452  6.151386E-15
6132.5891073201  6.253156E-15
6135.36546223568  6.242307E-15
6138.14181715126  6.151033E-15
6140.91817206684  6.359369E-15
6143.69452698242  6.292263E-15
6146.470881898  6.234229E-15
6149.24723681358  5.841653E-15
6152.02359172916  5.688948E-15
6154.79994664474  6.078384E-15
6157.57630156032  5.924137E-15
6160.3526564759  6.085875E-15
6163.12901139148  6.490846E-15
6165.90536630706  6.493610E-15
6168.68172122264  6.402211E-15
6171.45807613822  6.152777E-15
6174.2344310538  5.994114E-15
6177.01078596938  5.857873E-15
6179.78714088496  5.790583E-15
6182.56349580054  5.717413E-15
6185.33985071612  5.891970E-15
6188.1162056317  6.174806E-15
6190.89256054728  6.014628E-15
6193.66891546286  6.161388E-15
6196.44527037844  6.109404E-15
6199.22162529402  6.040117E-15
6201.9979802096  6.030815E-15
6204.77433512517  5.835301E-15
6207.55069004076  6.261773E-15
6210.32704495633  6.387994E-15
6213.10339987191  6.210648E-15
6215.87975478749  6.319761E-15
6218.65610970307  6.205316E-15
6221.43246461865  5.925182E-15
6224.20881953423  5.961501E-15
6226.98517444981  5.870117E-15
6229.76152936539  5.711951E-15
6232.53788428097  6.028841E-15
6235.31423919655  5.878757E-15
6238.09059411213  5.356987E-15
6240.86694902771  5.469220E-15
6243.64330394329  6.321368E-15
6246.41965885887  5.887099E-15
6249.19601377445  5.721813E-15
6251.97236869003  5.761007E-15
6254.74872360561  6.001886E-15
6257.52507852119  6.009468E-15
6260.30143343677  5.782707E-15
6263.07778835235  5.710583E-15
6265.85414326793  5.668189E-15
6268.63049818351  5.742908E-15
6271.40685309909  5.445332E-15
6274.18320801467  5.426160E-15
6276.95956293025  5.863688E-15
6279.73591784583  5.705016E-15
6282.51227276141  5.796743E-15
6285.28862767699  5.551554E-15
6288.06498259257  5.790761E-15
6290.84133750815  5.585793E-15
6293.61769242373  5.918671E-15
6296.39404733931  5.342348E-15
6299.17040225488  5.590880E-15
6301.94675717047  5.923050E-15
6304.72311208604  5.953383E-15
6307.49946700162  6.540234E-15
6310.2758219172  5.654166E-15
6313.05217683278  5.577022E-15
6315.82853174836  5.606493E-15
6318.60488666394  5.593047E-15
6321.38124157952  6.023254E-15
6324.1575964951  5.704783E-15
6326.93395141068  5.698900E-15
6329.71030632626  5.907306E-15
6332.48666124184  6.105850E-15
6335.26301615742  5.942295E-15
6338.039371073  5.790067E-15
6340.81572598858  5.645034E-15
6343.59208090416  5.703183E-15
6346.36843581974  5.655752E-15
6349.14479073532  5.138014E-15
6351.9211456509  5.501430E-15
6354.69750056648  5.718017E-15
6357.47385548206  5.628958E-15
6360.25021039764  5.727868E-15
6363.02656531322  5.894988E-15
6365.8029202288  5.474558E-15
6368.57927514438  5.546891E-15
6371.35563005996  5.710258E-15
6374.13198497554  5.702281E-15
6376.90833989111  5.521573E-15
6379.6846948067  5.938608E-15
6382.46104972228  5.871983E-15
6385.23740463786  5.498680E-15
6388.01375955344  5.603514E-15
6390.79011446902  5.825499E-15
6393.56646938459  5.793745E-15
6396.34282430017  5.851935E-15
6399.11917921575  5.823873E-15
6401.89553413133  5.326511E-15
6404.67188904691  5.363775E-15
6407.44824396249  5.300007E-15
6410.22459887807  5.331759E-15
6413.00095379365  5.767871E-15
6415.77730870923  5.833737E-15
6418.55366362481  5.530251E-15
6421.33001854039  5.449589E-15
6424.10637345597  5.578605E-15
6426.88272837155  5.420575E-15
6429.65908328713  5.129308E-15
6432.43543820271  5.575297E-15
6435.21179311829  5.777631E-15
6437.98814803387  5.452155E-15
6440.76450294945  5.304216E-15
6443.54085786503  5.655536E-15
6446.31721278061  5.811079E-15
6449.09356769619  5.456557E-15
6451.86992261177  5.817433E-15
6454.64627752735  5.669212E-15
6457.42263244293  5.194536E-15
6460.19898735851  5.413354E-15
6462.97534227409  5.574913E-15
6465.75169718967  5.640152E-15
6468.52805210525  5.319873E-15
6471.30440702083  5.334380E-15
6474.08076193641  5.318688E-15
6476.85711685199  5.553845E-15
6479.63347176757  5.741451E-15
6482.40982668315  5.596895E-15
6485.18618159872  5.306018E-15
6487.9625365143  5.428614E-15
6490.73889142988  5.456415E-15
6493.51524634546  5.491526E-15
6496.29160126104  5.238194E-15
6499.06795617662  5.148544E-15
6501.8443110922  5.280008E-15
6504.62066600778  5.434600E-15
6507.39702092336  5.610106E-15
6510.17337583894  5.113616E-15
6512.94973075452  5.184692E-15
6515.7260856701  5.133530E-15
6518.50244058568  5.531177E-15
6521.27879550126  5.121844E-15
6524.05515041684  5.388934E-15
6526.83150533242  5.241396E-15
6529.607860248  5.142247E-15
6532.38421516358  5.525095E-15
6535.16057007916  5.648752E-15
6537.93692499474  5.372227E-15
6540.71327991032  5.299564E-15
6543.4896348259  5.752731E-15
6546.26598974148  6.691629E-15
6549.04234465706  8.216969E-15
6551.81869957264  8.654025E-15
6554.59505448822  8.880391E-15
6557.3714094038  9.539715E-15
6560.14776431938  8.866051E-15
6562.92411923496  8.146910E-15
6565.70047415053  7.992203E-15
6568.47682906612  7.179837E-15
6571.25318398169  6.274467E-15
6574.02953889728  5.840035E-15
6576.80589381286  5.291549E-15
6579.58224872843  5.068707E-15
6582.35860364401  5.358893E-15
6585.13495855959  5.092370E-15
6587.91131347517  5.036639E-15
6590.68766839076  5.249832E-15
6593.46402330633  5.342266E-15
6596.24037822191  5.396406E-15
6599.01673313749  5.079228E-15
6601.79308805307  4.869115E-15
6604.56944296865  5.021760E-15
6607.34579788423  4.938986E-15
6610.12215279981  5.199259E-15
6612.89850771539  4.933562E-15
6615.67486263097  5.255761E-15
6618.45121754655  5.563114E-15
6621.22757246213  5.514406E-15
6624.00392737771  5.306910E-15
6626.78028229329  4.868031E-15
6629.55663720887  5.040282E-15
6632.33299212445  5.328812E-15
6635.10934704003  5.199929E-15
6637.88570195561  5.162593E-15
6640.66205687119  5.165983E-15
6643.43841178677  5.344482E-15
6646.21476670235  5.366906E-15
6648.99112161793  5.037371E-15
6651.76747653351  5.291210E-15
6654.54383144909  5.497377E-15
6657.32018636467  5.069708E-15
6660.09654128025  5.141786E-15
6662.87289619583  5.515485E-15
6665.64925111141  5.558743E-15
6668.42560602698  5.165481E-15
6671.20196094257  4.776002E-15
6673.97831585815  5.050384E-15
6676.75467077372  5.406468E-15
6679.5310256893  5.201431E-15
6682.30738060488  5.101178E-15
6685.08373552046  4.936592E-15
6687.86009043604  5.306275E-15
6690.63644535162  5.071683E-15
6693.4128002672  5.194082E-15
6696.18915518278  5.421218E-15
6698.96551009836  5.181241E-15
6701.74186501394  5.086598E-15
6704.51821992952  4.831059E-15
6707.2945748451  4.906359E-15
6710.07092976068  4.883601E-15
6712.84728467626  4.945534E-15
6715.62363959184  4.863865E-15
6718.39999450742  5.230016E-15
6721.176349423  5.088035E-15
6723.95270433858  4.872255E-15
6726.72905925416  5.108644E-15
6729.50541416974  4.971529E-15
6732.28176908532  4.717654E-15
6735.0581240009  4.806287E-15
6737.83447891648  5.002444E-15
6740.61083383206  4.868977E-15
6743.38718874764  4.776510E-15
6746.16354366322  5.097482E-15
6748.9398985788  5.023676E-15
6751.71625349438  4.849561E-15
6754.49260840996  4.972373E-15
6757.26896332554  4.846992E-15
6760.04531824112  4.864350E-15
6762.82167315669  4.851929E-15
6765.59802807227  4.791194E-15
6768.37438298785  4.542413E-15
6771.15073790343  4.743967E-15
6773.92709281901  4.953167E-15
6776.70344773459  4.666290E-15
6779.47980265018  4.938568E-15
6782.25615756575  5.105981E-15
6785.03251248133  4.827243E-15
6787.80886739691  4.833236E-15
6790.58522231249  5.089091E-15
6793.36157722807  5.025019E-15
6796.13793214365  4.697632E-15
6798.91428705923  4.769761E-15
6801.69064197481  5.045407E-15
6804.46699689039  5.082003E-15
6807.24335180597  4.951845E-15
6810.01970672155  5.005168E-15
6812.79606163713  4.944997E-15
6815.57241655271  4.905749E-15
6818.34877146829  4.823932E-15
6821.12512638387  4.668587E-15
6823.90148129945  4.964113E-15
6826.67783621503  4.899810E-15
6829.45419113061  5.154389E-15
6832.23054604619  5.281472E-15
6835.00690096177  4.881796E-15
6837.78325587735  5.048444E-15
6840.55961079293  4.859037E-15
6843.33596570851  4.678673E-15
6846.11232062409  4.821335E-15
6848.88867553967  5.142727E-15
6851.66503045524  4.767339E-15
6854.44138537082  4.714956E-15
6857.21774028641  4.739406E-15
6859.99409520199  4.604843E-15
6862.77045011756  4.892234E-15
6865.54680503314  5.233733E-15
6868.32315994872  5.202948E-15
6871.0995148643  5.279950E-15
6873.87586977988  5.293986E-15
6876.65222469546  4.956598E-15
6879.42857961104  4.669740E-15
6882.20493452662  4.725702E-15
6884.9812894422  4.973534E-15
6887.75764435778  4.724755E-15
6890.53399927336  4.820628E-15
6893.31035418894  5.287623E-15
6896.08670910452  4.831210E-15
6898.8630640201  4.725135E-15
6901.63941893568  5.099203E-15
6904.41577385126  4.944991E-15
6907.19212876684  4.749528E-15
6909.96848368242  4.999044E-15
6912.744838598  4.804503E-15
6915.52119351358  4.808841E-15
6918.29754842916  5.067005E-15
6921.07390334474  4.550757E-15
6923.85025826032  4.415642E-15
6926.6266131759  4.380331E-15
6929.40296809148  4.758324E-15
6932.17932300706  4.725103E-15
6934.95567792264  4.944789E-15
6937.73203283822  4.884245E-15
6940.5083877538  4.338087E-15
6943.28474266938  4.338733E-15
6946.06109758495  4.710252E-15
6948.83745250054  4.570054E-15
6951.61380741612  4.419100E-15
6954.39016233169  4.799492E-15
6957.16651724727  4.761804E-15
6959.94287216285  4.828971E-15
6962.71922707843  4.982510E-15
6965.49558199401  4.501082E-15
6968.27193690959  4.645391E-15
6971.04829182517  4.951952E-15
6973.82464674075  4.448919E-15
6976.60100165633  4.386699E-15
6979.37735657191  5.059594E-15
6982.15371148749  4.917224E-15
6984.93006640307  4.827171E-15
6987.70642131865  4.593388E-15
6990.48277623423  4.480773E-15
6993.25913114981  4.757170E-15
6996.03548606539  4.282685E-15
6998.81184098097  4.461715E-15
7001.58819589655  4.831438E-15
7004.36455081213  4.547542E-15
7007.14090572771  4.364524E-15
7009.91726064329  4.330616E-15
7012.69361555887  4.825632E-15
7015.46997047445  4.690385E-15
7018.24632539003  4.499326E-15
7021.02268030561  4.391716E-15
7023.79903522119  4.340917E-15
7026.57539013677  4.731483E-15
7029.35174505235  4.587348E-15
7032.12809996793  4.310947E-15
7034.90445488351  4.554761E-15
7037.68080979909  4.440463E-15
7040.45716471466  4.405504E-15
7043.23351963024  4.633504E-15
7046.00987454583  4.633244E-15
7048.7862294614  4.514887E-15
7051.56258437698  4.417575E-15
7054.33893929256  4.508422E-15
7057.11529420814  4.685820E-15
7059.89164912372  4.940041E-15
7062.6680040393  4.771429E-15
7065.44435895488  4.510545E-15
7068.22071387046  5.044998E-15
7070.99706878604  4.736096E-15
7073.77342370162  4.622298E-15
7076.5497786172  4.383559E-15
7079.32613353278  4.451438E-15
7082.10248844836  4.661579E-15
7084.87884336394  4.514807E-15
7087.65519827952  4.493003E-15
7090.4315531951  4.499837E-15
7093.20790811068  4.425370E-15
7095.98426302626  4.653494E-15
7098.76061794184  4.622839E-15
7101.53697285742  4.359709E-15
7104.313327773  4.365981E-15
7107.08968268858  4.200729E-15
7109.86603760416  4.321410E-15
7112.64239251974  4.408178E-15
7115.41874743532  4.135574E-15
7118.1951023509  4.383525E-15
7120.97145726648  4.205125E-15
7123.74781218206  4.342346E-15
7126.52416709764  4.327352E-15
7129.30052201322  4.348070E-15
7132.0768769288  4.390848E-15
7134.85323184437  4.404083E-15
7137.62958675996  4.065210E-15
7140.40594167553  4.288836E-15
7143.18229659112  4.080162E-15
7145.95865150669  4.233766E-15
7148.73500642227  4.557950E-15
7151.51136133785  4.389171E-15
7154.28771625343  4.033411E-15
7157.06407116901  4.028320E-15
7159.84042608459  3.922229E-15
7162.61678100017  4.044832E-15
7165.39313591575  4.410722E-15
7168.16949083133  4.092662E-15
7170.94584574691  3.895066E-15
7173.72220066249  4.038323E-15
7176.49855557807  3.826162E-15
7179.27491049365  3.548312E-15
7182.05126540923  3.860147E-15
7184.82762032481  3.779441E-15
7187.60397524039  3.572082E-15
7190.38033015597  3.828861E-15
7193.15668507155  3.749202E-15
7195.93303998713  3.469163E-15
7198.70939490271  4.038314E-15
7201.48574981829  3.775770E-15
7204.26210473387  3.928900E-15
7207.03845964945  4.233014E-15
7209.81481456503  4.255459E-15
7212.59116948061  4.198239E-15
7215.36752439619  4.138838E-15
7218.14387931177  4.109348E-15
7220.92023422735  4.095052E-15
7223.69658914293  3.891251E-15
7226.47294405851  3.749722E-15
7229.24929897409  3.800333E-15
7232.02565388966  3.555716E-15
7234.80200880524  3.537382E-15
7237.57836372083  4.099283E-15
7240.3547186364  4.132583E-15
7243.13107355198  4.094307E-15
7245.90742846756  4.400489E-15
7248.68378338314  4.109865E-15
7251.46013829872  3.991736E-15
7254.2364932143  4.344395E-15
7257.01284812988  4.398166E-15
7259.78920304546  4.149855E-15
7262.56555796104  3.935543E-15
7265.34191287662  4.040445E-15
7268.1182677922  4.184762E-15
7270.89462270778  4.097353E-15
7273.67097762336  3.898110E-15
7276.44733253894  3.978663E-15
7279.22368745452  4.003755E-15
7282.0000423701  3.812457E-15
7284.77639728568  3.747945E-15
7287.55275220126  3.889833E-15
7290.32910711684  4.144034E-15
7293.10546203242  4.236931E-15
7295.881816948  3.932533E-15
7298.65817186358  3.611113E-15
7301.43452677916  3.768717E-15
7304.21088169474  3.959853E-15
7306.98723661032  3.580852E-15
7309.7635915259  3.869142E-15
7312.53994644148  4.328932E-15
7315.31630135706  4.153657E-15
7318.09265627264  3.782595E-15
7320.86901118822  3.710997E-15
7323.6453661038  3.765198E-15
7326.42172101938  3.762071E-15
7329.19807593495  3.852044E-15
7331.97443085053  3.812105E-15
7334.75078576611  3.870721E-15
7337.52714068169  3.879494E-15
7340.30349559727  3.700509E-15
7343.07985051285  4.047307E-15
7345.85620542843  4.225950E-15
7348.63256034401  3.777559E-15
7351.40891525959  3.644710E-15
7354.18527017517  3.638068E-15
7356.96162509075  3.736120E-15
7359.73798000633  4.181711E-15
7362.51433492191  4.157480E-15
7365.29068983749  3.926557E-15
7368.06704475307  3.718875E-15
7370.84339966865  4.121556E-15
7373.61975458423  3.956644E-15
7376.39610949981  3.734391E-15
7379.17246441539  3.802015E-15
7381.94881933097  3.741823E-15
7384.72517424655  3.677780E-15
7387.50152916213  3.622356E-15
7390.27788407771  3.457410E-15
7393.05423899329  3.223855E-15
7395.83059390887  3.265520E-15
7398.60694882445  3.556192E-15
7401.38330374003  3.735708E-15
7404.15965865561  3.670065E-15
7406.93601357119  3.387333E-15
7409.71236848677  3.453760E-15
7412.48872340235  3.796336E-15
7415.26507831793  3.549812E-15
7418.04143323351  3.486278E-15
7420.81778814909  3.958246E-15
7423.59414306466  3.892702E-15
7426.37049798024  3.888713E-15
7429.14685289582  3.907650E-15
7431.9232078114  3.949037E-15
7434.69956272698  3.589711E-15
7437.47591764256  3.731018E-15
7440.25227255814  3.420278E-15
7443.02862747372  3.351977E-15
7445.8049823893  3.813238E-15
7448.58133730488  3.527176E-15
7451.35769222046  3.713009E-15
7454.13404713604  3.894187E-15
7456.91040205162  3.597187E-15
7459.6867569672  3.605501E-15
7462.46311188278  3.596268E-15
7465.23946679836  3.623551E-15
7468.01582171394  3.809095E-15
7470.79217662952  3.633467E-15
7473.5685315451  3.352885E-15
7476.34488646068  3.373102E-15
7479.12124137626  3.568393E-15
7481.89759629184  3.382592E-15
7484.67395120742  3.655078E-15
7487.450306123  3.705441E-15
7490.22666103858  3.320040E-15
7493.00301595416  3.383599E-15
7495.77937086974  3.515950E-15
7498.55572578532  3.687315E-15
7501.3320807009  3.454026E-15
7504.10843561648  3.690519E-15
7506.88479053206  3.689633E-15
7509.66114544764  3.519532E-15
7512.43750036321  3.331124E-15
7515.2138552788  3.399926E-15
7517.99021019437  3.694344E-15
7520.76656510995  3.636096E-15
7523.54292002553  3.334253E-15
7526.31927494111  3.485769E-15
7529.09562985669  3.703425E-15
7531.87198477227  3.595159E-15
7534.64833968785  3.628824E-15
7537.42469460343  3.385257E-15
7540.20104951901  3.576111E-15
7542.97740443459  3.882839E-15
7545.75375935017  4.140397E-15
7548.53011426575  3.608614E-15
7551.30646918133  3.827207E-15
7554.08282409691  3.737389E-15
7556.85917901249  3.775044E-15
7559.63553392807  3.784387E-15
7562.41188884365  3.691289E-15
7565.18824375923  3.819542E-15
7567.96459867481  3.581512E-15
7570.74095359039  3.451991E-15
7573.51730850597  3.656208E-15
7576.29366342155  3.659769E-15
7579.07001833713  3.546510E-15
7581.84637325271  3.363629E-15
7584.62272816829  3.477026E-15
7587.39908308387  3.586755E-15
7590.17543799945  3.020299E-15
7592.95179291503  3.064234E-15
7595.72814783061  3.189333E-15
7598.50450274619  3.842916E-15
7601.28085766177  3.554458E-15
7604.05721257735  3.916599E-15
7606.83356749292  3.357860E-15
7609.60992240851  3.817614E-15
7612.38627732408  3.575909E-15
7615.16263223967  3.087730E-15
7617.93898715524  2.832868E-15
7620.71534207082  3.015043E-15
7623.4916969864  3.446200E-15
7626.26805190198  3.543057E-15
7629.04440681756  3.453705E-15
7631.82076173314  3.458421E-15
7634.59711664872  3.400740E-15
7637.3734715643  3.703778E-15
7640.14982647988  3.567106E-15
7642.92618139546  3.191388E-15
7645.70253631104  3.673949E-15
7648.47889122662  3.656908E-15
7651.2552461422  3.656763E-15
7654.03160105778  3.227668E-15
7656.80795597336  3.261375E-15
7659.58431088894  3.222796E-15
7662.36066580452  3.527132E-15
7665.1370207201  3.218125E-15
7667.91337563568  3.015112E-15
7670.68973055126  3.207160E-15
7673.46608546684  3.312701E-15
7676.24244038242  3.097138E-15
7679.018795298  3.264274E-15
7681.79515021358  3.244524E-15
7684.57150512916  3.118895E-15
7687.34786004474  3.459880E-15
7690.12421496032  3.413769E-15
7692.9005698759  3.196280E-15
7695.67692479148  3.158565E-15
7698.45327970706  3.108071E-15
7701.22963462264  3.379481E-15
7704.00598953821  3.071523E-15
7706.78234445379  3.156633E-15
7709.55869936937  3.023703E-15
7712.33505428495  2.660558E-15
7715.11140920053  3.215604E-15
7717.88776411611  3.157040E-15
7720.66411903169  3.027019E-15
7723.44047394727  3.212407E-15
7726.21682886285  2.930676E-15
7728.99318377843  3.218376E-15
7731.76953869401  2.960070E-15
7734.54589360959  2.911308E-15
7737.32224852517  2.900033E-15
7740.09860344075  2.995371E-15
7742.87495835633  3.118565E-15
7745.65131327191  3.392097E-15
7748.42766818749  3.140111E-15
7751.20402310307  2.648041E-15
7753.98037801865  3.293644E-15
7756.75673293423  3.341771E-15
7759.53308784981  3.385724E-15
7762.30944276539  3.377773E-15
7765.08579768097  3.286767E-15
7767.86215259655  3.182551E-15
7770.63850751213  3.155927E-15
7773.41486242771  3.046231E-15
7776.19121734329  3.555682E-15
7778.96757225887  3.373148E-15
7781.74392717445  3.149042E-15
7784.52028209003  3.464720E-15
7787.29663700561  3.087530E-15
7790.07299192119  2.881620E-15
7792.84934683677  3.107935E-15
7795.62570175234  3.318645E-15
7798.40205666793  3.217869E-15
7801.1784115835  3.250378E-15
7803.95476649909  3.712527E-15
7806.73112141466  3.749452E-15
7809.50747633024  3.456712E-15
7812.28383124582  3.518346E-15
7815.0601861614  3.667294E-15
7817.83654107698  3.209644E-15
7820.61289599256  3.607244E-15
7823.38925090814  3.806479E-15
7826.16560582372  3.562025E-15
7828.9419607393  2.890123E-15
7831.71831565488  3.354657E-15
7834.49467057046  3.763171E-15
7837.27102548604  3.396238E-15
7840.04738040162  3.226273E-15
7842.8237353172  2.989292E-15
7845.60009023278  3.044323E-15
7848.37644514836  3.150582E-15
7851.15280006394  3.238006E-15
7853.92915497952  3.189440E-15
7856.7055098951  3.224883E-15
7859.48186481068  3.331208E-15
7862.25821972626  3.074392E-15
7865.03457464184  3.121227E-15
7867.81092955742  2.739597E-15
7870.587284473  2.814537E-15
7873.36363938858  3.090220E-15
7876.13999430416  2.926994E-15
7878.91634921974  3.219169E-15
7881.69270413532  2.979357E-15
7884.4690590509  2.954597E-15
7887.24541396648  3.016104E-15
7890.02176888206  3.002875E-15
7892.79812379764  2.983864E-15
7895.57447871321  3.067917E-15
7898.3508336288  3.096970E-15
7901.12718854437  3.119785E-15
7903.90354345995  2.859271E-15
7906.67989837553  2.985939E-15
7909.45625329111  3.218746E-15
7912.23260820669  2.944650E-15
7915.00896312227  3.122466E-15
7917.78531803785  3.119759E-15
7920.56167295343  2.811915E-15
7923.33802786901  3.063525E-15
7926.11438278459  3.185948E-15
7928.89073770017  2.958059E-15
7931.66709261575  2.864409E-15
7934.44344753133  3.150368E-15
7937.21980244691  3.175038E-15
7939.99615736249  3.174660E-15
7942.77251227807  2.809258E-15
7945.54886719365  2.717814E-15
7948.32522210923  3.236530E-15
7951.10157702481  3.106811E-15
7953.87793194039  3.091562E-15
7956.65428685597  2.923435E-15
7959.43064177155  2.863291E-15
7962.20699668713  3.011668E-15
7964.98335160271  2.908557E-15
7967.75970651829  3.126344E-15
7970.53606143387  3.046426E-15
7973.31241634945  3.244028E-15
7976.08877126503  3.484985E-15
7978.86512618061  3.221819E-15
7981.64148109619  2.899289E-15
7984.41783601176  3.005045E-15
7987.19419092735  2.740289E-15
7989.97054584292  2.760184E-15
7992.74690075851  2.834246E-15
7995.52325567408  2.890696E-15
7998.29961058966  3.191485E-15
8001.07596550524  2.978849E-15
8003.85232042082  2.737973E-15
8006.6286753364  2.808837E-15
8009.40503025198  2.900379E-15
8012.18138516756  2.662954E-15
8014.95774008314  2.685869E-15
8017.73409499872  2.877673E-15
8020.5104499143  2.466707E-15
8023.28680482988  2.613275E-15
8026.06315974546  3.114987E-15
8028.83951466104  2.792068E-15
8031.61586957662  2.696869E-15
8034.3922244922  2.812849E-15
8037.16857940778  2.776679E-15
8039.94493432336  2.755565E-15
8042.72128923894  2.744198E-15
8045.49764415452  2.567761E-15
8048.2739990701  2.825857E-15
8051.05035398568  2.725756E-15
8053.82670890126  2.515504E-15
8056.60306381684  2.997042E-15
8059.37941873242  3.083158E-15
8062.155773648  2.613411E-15
8064.93212856357  2.626326E-15
8067.70848347916  2.759521E-15
8070.48483839474  2.799701E-15
8073.26119331031  2.846306E-15
8076.03754822589  2.742032E-15
8078.81390314148  3.022678E-15
8081.59025805706  2.706964E-15
8084.36661297263  2.406428E-15
8087.14296788822  2.787920E-15
8089.91932280379  3.157886E-15
8092.69567771937  2.464906E-15
8095.47203263495  2.296670E-15
8098.24838755053  2.674542E-15
8101.02474246611  2.882008E-15
8103.80109738169  2.912552E-15
8106.57745229727  2.646960E-15
8109.35380721285  2.527817E-15
8112.13016212843  2.776066E-15
8114.90651704401  2.905765E-15
8117.68287195959  2.820813E-15
8120.45922687517  2.605553E-15
8123.23558179075  2.483417E-15
8126.01193670633  2.618795E-15
8128.78829162191  2.458089E-15
8131.56464653749  2.337728E-15
8134.34100145307  2.847654E-15
8137.11735636865  2.754695E-15
8139.89371128423  2.080809E-15
8142.67006619981  2.564176E-15
8145.44642111539  2.483955E-15
8148.22277603097  2.503126E-15
8150.99913094655  2.454263E-15
8153.77548586213  2.605793E-15
8156.55184077771  2.551032E-15
8159.32819569329  2.560722E-15
8162.10455060886  2.538864E-15
8164.88090552445  2.355314E-15
8167.65726044003  2.538714E-15
8170.43361535561  2.677366E-15
8173.20997027118  2.665075E-15
8175.98632518676  2.535926E-15
8178.76268010234  2.315821E-15
8181.53903501792  2.636033E-15
8184.3153899335  2.588037E-15
8187.09174484908  2.458685E-15
8189.86809976466  2.251814E-15
8192.64445468024  2.521309E-15
8195.42080959582  2.469936E-15
8198.1971645114  2.686215E-15
8200.97351942698  2.437187E-15
8203.74987434256  2.527088E-15
8206.52622925814  2.952413E-15
8209.30258417372  2.955483E-15
8212.0789390893  2.700404E-15
8214.85529400488  2.746757E-15
8217.63164892046  2.844129E-15
8220.40800383604  2.633241E-15
8223.18435875162  2.491683E-15
8225.9607136672  2.489812E-15
8228.73706858278  2.379056E-15
8231.51342349836  2.409752E-15
8234.28977841394  2.666407E-15
8237.06613332952  2.815893E-15
8239.8424882451  2.718036E-15
8242.61884316068  2.864410E-15
8245.39519807626  2.890105E-15
8248.17155299184  2.928526E-15
8250.94790790742  2.639740E-15
8253.724262823  2.745337E-15
8256.50061773858  2.797477E-15
8259.27697265415  2.639571E-15
8262.05332756974  2.704496E-15
8264.82968248532  2.343412E-15
8267.60603740089  2.236818E-15
8270.38239231647  2.521086E-15
8273.15874723205  2.732491E-15
8275.93510214764  2.852694E-15
8278.71145706321  2.915758E-15
8281.48781197879  2.854456E-15
8284.26416689437  2.850237E-15
8287.04052180995  3.062943E-15
8289.81687672553  2.847468E-15
8292.59323164111  2.628775E-15
8295.36958655669  2.653044E-15
8298.14594147227  3.005304E-15
8300.92229638785  2.855607E-15
8303.69865130343  2.378590E-15
8306.47500621901  2.713901E-15
8309.25136113459  2.581805E-15
8312.02771605017  2.573859E-15
8314.80407096575  2.583550E-15
8317.58042588133  2.947783E-15
8320.35678079691  3.036943E-15
8323.13313571249  2.805935E-15
8325.90949062807  2.562734E-15
8328.68584554365  2.351702E-15
8331.46220045923  2.562251E-15
8334.23855537481  2.795300E-15
8337.01491029039  2.606338E-15
8339.79126520597  2.522819E-15
8342.56762012155  2.624034E-15
8345.34397503712  2.769733E-15
8348.12032995271  2.922492E-15
8350.89668486829  2.661365E-15
8353.67303978387  2.628424E-15
8356.44939469944  2.723405E-15
8359.22574961502  2.898911E-15
8362.00210453061  2.818753E-15
8364.77845944619  3.100750E-15
8367.55481436176  2.834967E-15
8370.33116927734  2.881720E-15
8373.10752419292  2.559677E-15
8375.8838791085  2.366623E-15
8378.66023402408  2.750143E-15
8381.43658893966  2.792473E-15
8384.21294385524  2.630387E-15
8386.98929877082  2.504856E-15
8389.7656536864  2.664438E-15
8392.54200860198  3.057120E-15
8395.31836351756  2.822881E-15
8398.09471843314  2.482872E-15
8400.87107334872  2.659894E-15
8403.6474282643  2.706232E-15
8406.42378317988  2.225441E-15
8409.20013809546  2.286942E-15
8411.97649301104  2.814602E-15
8414.75284792662  2.604216E-15
8417.5292028422  2.727823E-15
8420.30555775778  2.878228E-15
8423.08191267336  2.307589E-15
8425.85826758894  2.273618E-15
8428.63462250452  2.622468E-15
8431.4109774201  2.530734E-15
8434.18733233568  2.368481E-15
8436.96368725126  2.457636E-15
8439.74004216684  2.632293E-15
8442.51639708242  2.615682E-15
8445.292751998  2.696966E-15
8448.06910691358  3.007390E-15
8450.84546182916  2.880071E-15
8453.62181674473  2.680893E-15
8456.39817166031  2.697010E-15
8459.1745265759  2.482824E-15
8461.95088149147  2.605744E-15
8464.72723640705  2.760648E-15
8467.50359132263  2.494026E-15
8470.27994623821  2.222880E-15
8473.05630115379  2.388588E-15
8475.83265606937  2.685619E-15
8478.60901098495  2.598024E-15
8481.38536590053  2.284608E-15
8484.16172081611  2.306148E-15
8486.93807573169  2.380995E-15
8489.71443064727  2.325518E-15
8492.49078556285  2.321474E-15
8495.26714047843  2.239348E-15
8498.04349539401  2.472307E-15
8500.81985030959  2.690811E-15
8503.59620522517  2.505090E-15
8506.37256014075  2.330119E-15
8509.14891505633  2.860723E-15
8511.92526997191  2.229869E-15
8514.70162488749  2.366780E-15
8517.47797980307  2.210159E-15
8520.25433471865  2.023715E-15
8523.03068963423  2.302073E-15
8525.80704454981  2.206522E-15
8528.58339946539  2.178421E-15
8531.35975438097  2.493763E-15
8534.13610929655  2.520896E-15
8536.91246421213  2.531788E-15
8539.6888191277  2.578467E-15
8542.46517404328  2.437866E-15
8545.24152895887  2.507306E-15
8548.01788387445  2.439511E-15
8550.79423879002  2.313720E-15
8553.5705937056  2.728711E-15
8556.34694862118  2.598117E-15
8559.12330353676  2.312664E-15
8561.89965845234  2.583446E-15
8564.67601336792  2.438572E-15
8567.4523682835  2.403803E-15
8570.22872319908  2.736567E-15
8573.00507811466  2.761222E-15
8575.78143303024  2.400838E-15
8578.55778794582  2.155380E-15
8581.3341428614  2.026327E-15
8584.11049777698  2.506233E-15
8586.88685269256  2.463513E-15
8589.66320760814  2.149728E-15
8592.43956252372  2.438536E-15
8595.2159174393  2.439333E-15
8597.99227235488  2.106885E-15
8600.76862727046  2.361356E-15
8603.54498218604  2.893404E-15
8606.32133710162  2.574941E-15
8609.0976920172  2.769745E-15
8611.87404693278  2.848406E-15
8614.65040184836  2.571683E-15
8617.42675676394  2.370433E-15
8620.20311167952  2.054276E-15
8622.97946659509  2.651213E-15
8625.75582151068  2.903189E-15
8628.53217642626  2.285392E-15
8631.30853134184  2.031596E-15
8634.08488625742  2.583410E-15
8636.861241173  2.642699E-15
8639.63759608857  2.419453E-15
8642.41395100416  2.361633E-15
8645.19030591974  2.483329E-15
8647.96666083531  2.420618E-15
8650.74301575089  2.304472E-15
8653.51937066647  2.510798E-15
8656.29572558205  2.131498E-15
8659.07208049763  2.079321E-15
8661.84843541321  2.364385E-15
8664.62479032879  2.655404E-15
8667.40114524437  2.250544E-15
8670.17750015995  2.331827E-15
8672.95385507553  2.045688E-15
8675.73020999111  2.232975E-15
8678.50656490669  2.448697E-15
8681.28291982227  2.621165E-15
8684.05927473785  2.496827E-15
8686.83562965343  2.220469E-15
8689.61198456901  2.577273E-15
8692.38833948459  2.644990E-15
8695.16469440017  2.447789E-15
8697.94104931575  2.301132E-15
8700.71740423133  2.338404E-15
8703.49375914691  2.498392E-15
8706.27011406249  2.230974E-15
8709.04646897807  2.338943E-15
8711.82282389365  2.447824E-15
8714.59917880923  2.304973E-15
8717.37553372481  2.374064E-15
8720.15188864039  2.168494E-15
8722.92824355597  2.508605E-15
8725.70459847155  2.376479E-15
8728.48095338713  2.504102E-15
8731.25730830271  2.773634E-15
8734.03366321828  2.694135E-15
8736.81001813386  2.613305E-15
8739.58637304945  2.390441E-15
8742.36272796502  2.341311E-15
8745.1390828806  2.494709E-15
8747.91543779618  2.334990E-15
8750.69179271176  2.292535E-15
8753.46814762734  2.348016E-15
8756.24450254292  2.322762E-15
8759.0208574585  2.447130E-15
8761.79721237408  2.228149E-15
8764.57356728966  1.929742E-15
8767.34992220524  1.993394E-15
8770.12627712082  2.183295E-15
8772.9026320364  1.910623E-15
8775.67898695198  1.746961E-15
8778.45534186756  1.981142E-15
8781.23169678314  1.935539E-15
8784.00805169872  2.462427E-15
8786.7844066143  1.999642E-15
8789.56076152988  1.901215E-15
8792.33711644546  2.039930E-15
8795.11347136104  2.322934E-15
8797.88982627662  2.237164E-15
8800.6661811922  2.017171E-15
8803.44253610778  2.052170E-15
8806.21889102336  1.957936E-15
8808.99524593894  2.034391E-15
8811.77160085452  2.199717E-15
8814.5479557701  1.904800E-15
8817.32431068567  1.907635E-15
8820.10066560126  2.003704E-15
8822.87702051683  1.695046E-15
8825.65337543242  2.172872E-15
8828.429730348  1.884652E-15
8831.20608526358  1.631791E-15
