3861.5307863759  1.163438E-14
3864.30714129148  1.582513E-14
3867.08349620706  1.322920E-14
3869.85985112264  1.294828E-14
3872.63620603822  1.454562E-14
3875.4125609538  1.154509E-14
3878.18891586938  1.142513E-14
3880.96527078496  1.142297E-14
3883.74162570054  1.122348E-14
3886.51798061612  9.707244E-15
3889.2943355317  1.008237E-14
3892.07069044728  1.075171E-14
3894.84704536286  1.074648E-14
3897.62340027844  1.199443E-14
3900.39975519402  1.092808E-14
3903.1761101096  9.393521E-15
3905.95246502518  1.081840E-14
3908.72881994076  1.332662E-14
3911.50517485634  1.156690E-14
3914.28152977192  9.566396E-15
3917.0578846875  9.760257E-15
3919.83423960308  9.970309E-15
3922.61059451866  9.738219E-15
3925.38694943424  7.514831E-15
3928.16330434982  9.205536E-15
3930.9396592654  1.059786E-14
3933.71601418098  8.001163E-15
3936.49236909656  9.073068E-15
3939.26872401214  8.774790E-15
3942.04507892772  1.216020E-14
3944.82143384329  1.164603E-14
3947.59778875887  8.555704E-15
3950.37414367445  9.056007E-15
3953.15049859003  9.188351E-15
3955.92685350561  7.991924E-15
3958.70320842119  1.014508E-14
3961.47956333677  1.064051E-14
3964.25591825235  7.763985E-15
3967.03227316793  7.473538E-15
3969.80862808351  8.808711E-15
3972.58498299909  8.323080E-15
3975.36133791467  9.782433E-15
3978.13769283025  8.137843E-15
3980.91404774583  8.481854E-15
3983.69040266141  9.427467E-15
3986.46675757699  9.629054E-15
3989.24311249257  8.622508E-15
3992.01946740815  8.848293E-15
3994.79582232373  9.647234E-15
3997.57217723931  9.084433E-15
4000.34853215489  1.000265E-14
4003.12488707047  8.434744E-15
4005.90124198605  9.153545E-15
4008.67759690163  8.828260E-15
4011.45395181721  1.089209E-14
4014.23030673279  1.004511E-14
4017.00666164837  9.881463E-15
4019.78301656395  9.927580E-15
4022.55937147953  8.487799E-15
4025.33572639511  8.680197E-15
4028.11208131069  9.831869E-15
4030.88843622627  8.682726E-15
4033.66479114185  8.479960E-15
4036.44114605743  1.010977E-14
4039.21750097301  9.596790E-15
4041.99385588858  9.585820E-15
4044.77021080416  1.055877E-14
4047.54656571974  9.968277E-15
4050.32292063532  9.139711E-15
4053.0992755509  9.281666E-15
4055.87563046648  9.947649E-15
4058.65198538206  1.062215E-14
4061.42834029764  9.801004E-15
4064.20469521322  8.917879E-15
4066.9810501288  8.887024E-15
4069.75740504438  1.124536E-14
4072.53375995996  1.062841E-14
4075.31011487554  1.155815E-14
4078.08646979112  1.152369E-14
4080.8628247067  9.999252E-15
4083.63917962228  9.320928E-15
4086.41553453786  9.322439E-15
4089.19188945344  1.103567E-14
4091.96824436902  8.990448E-15
4094.7445992846  7.950259E-15
4097.52095420018  9.216786E-15
4100.29730911576  9.147953E-15
4103.07366403134  8.818101E-15
4105.85001894692  9.258145E-15
4108.6263738625  9.002705E-15
4111.40272877808  1.007366E-14
4114.17908369366  1.037996E-14
4116.95543860924  8.817809E-15
4119.73179352482  8.653173E-15
4122.5081484404  1.048072E-14
4125.28450335598  1.061429E-14
4128.06085827156  1.017512E-14
4130.83721318714  9.706340E-15
4133.61356810271  9.641225E-15
4136.38992301829  9.893514E-15
4139.16627793387  1.149304E-14
4141.94263284945  9.269434E-15
4144.71898776503  9.867667E-15
4147.49534268061  9.430716E-15
4150.27169759619  1.033938E-14
4153.04805251177  1.063466E-14
4155.82440742735  9.853285E-15
4158.60076234293  1.150473E-14
4161.37711725851  9.792299E-15
4164.15347217409  8.988082E-15
4166.92982708967  9.787191E-15
4169.70618200525  1.074071E-14
4172.48253692083  1.134436E-14
4175.25889183641  9.920465E-15
4178.03524675199  1.020592E-14
4180.81160166757  9.775700E-15
4183.58795658315  9.209375E-15
4186.36431149873  1.037223E-14
4189.14066641431  1.012610E-14
4191.91702132989  1.015017E-14
4194.69337624547  1.006008E-14
4197.46973116105  9.552168E-15
4200.24608607663  9.867949E-15
4203.02244099221  9.595386E-15
4205.79879590779  9.602879E-15
4208.57515082337  1.070246E-14
4211.35150573895  1.097626E-14
4214.12786065453  1.086621E-14
4216.90421557011  1.101532E-14
4219.68057048569  1.105805E-14
4222.45692540127  1.035759E-14
4225.23328031684  9.394336E-15
4228.00963523242  1.013189E-14
4230.785990148  1.026305E-14
4233.56234506358  1.053912E-14
4236.33869997916  1.061030E-14
4239.11505489474  1.052812E-14
4241.89140981032  9.505566E-15
4244.6677647259  9.761088E-15
4247.44411964148  1.028998E-14
4250.22047455706  9.683032E-15
4252.99682947264  1.047869E-14
4255.77318438822  1.069003E-14
4258.5495393038  1.012709E-14
4261.32589421938  9.453742E-15
4264.10224913496  9.836501E-15
4266.87860405054  1.011799E-14
4269.65495896612  1.001190E-14
4272.4313138817  9.896031E-15
4275.20766879728  1.013252E-14
4277.98402371286  1.069199E-14
4280.76037862844  9.983934E-15
4283.53673354402  1.002174E-14
4286.3130884596  9.556974E-15
4289.08944337518  8.950855E-15
4291.86579829076  1.008235E-14
4294.64215320634  1.003113E-14
4297.41850812192  9.029849E-15
4300.1948630375  9.980640E-15
4302.97121795308  1.019925E-14
4305.74757286866  9.986269E-15
4308.52392778424  9.402055E-15
4311.30028269982  9.944661E-15
4314.0766376154  9.508019E-15
4316.85299253098  9.121716E-15
4319.62934744656  9.707031E-15
4322.40570236213  1.008527E-14
4325.18205727771  9.353975E-15
4327.95841219329  9.822235E-15
4330.73476710887  9.282440E-15
4333.51112202445  8.485177E-15
4336.28747694003  8.564531E-15
4339.06383185561  9.484070E-15
4341.84018677119  9.144425E-15
4344.61654168677  8.417012E-15
4347.39289660235  8.968573E-15
4350.16925151793  8.901173E-15
4352.94560643351  9.405650E-15
4355.72196134909  9.476378E-15
4358.49831626467  9.758985E-15
4361.27467118025  9.612229E-15
4364.05102609583  9.427766E-15
4366.82738101141  9.668503E-15
4369.60373592699  9.692502E-15
4372.38009084257  9.224179E-15
4375.15644575815  9.575866E-15
4377.93280067373  9.122337E-15
4380.70915558931  9.966085E-15
4383.48551050489  9.534110E-15
4386.26186542047  9.066242E-15
4389.03822033605  9.115853E-15
4391.81457525163  9.110942E-15
4394.59093016721  8.919309E-15
4397.36728508279  8.950435E-15
4400.14363999837  9.325118E-15
4402.91999491395  9.385590E-15
4405.69634982953  9.730088E-15
4408.47270474511  1.024831E-14
4411.24905966069  1.043155E-14
4414.02541457626  9.620176E-15
4416.80176949185  9.567153E-15
4419.57812440742  9.892041E-15
4422.354479323  9.780455E-15
4425.13083423858  8.937550E-15
4427.90718915416  9.188745E-15
4430.68354406974  1.098912E-14
4433.45989898532  9.818829E-15
4436.2362539009  9.407861E-15
4439.01260881648  8.495390E-15
4441.78896373206  9.305114E-15
4444.56531864764  9.709608E-15
4447.34167356322  9.148800E-15
4450.1180284788  9.838007E-15
4452.89438339438  1.042372E-14
4455.67073830996  9.312580E-15
4458.44709322554  8.559095E-15
4461.22344814112  8.850793E-15
4463.9998030567  9.665477E-15
4466.77615797228  9.782402E-15
4469.55251288786  9.408123E-15
4472.32886780344  9.277247E-15
4475.10522271902  9.390194E-15
4477.8815776346  9.543995E-15
4480.65793255018  8.909665E-15
4483.43428746576  8.842220E-15
4486.21064238134  8.780695E-15
4488.98699729692  8.405432E-15
4491.7633522125  8.808553E-15
4494.53970712808  9.667945E-15
4497.31606204366  9.812416E-15
4500.09241695924  8.843059E-15
4502.86877187482  9.801999E-15
4505.64512679039  9.175563E-15
4508.42148170598  9.822853E-15
4511.19783662155  9.264558E-15
4513.97419153713  9.321010E-15
4516.75054645271  9.612697E-15
4519.52690136829  9.365222E-15
4522.30325628387  9.404776E-15
4525.07961119945  9.782394E-15
4527.85596611503  9.432846E-15
4530.63232103061  9.842085E-15
4533.40867594619  9.694224E-15
4536.18503086177  1.014424E-14
4538.96138577735  9.406784E-15
4541.73774069293  9.232138E-15
4544.51409560851  9.487287E-15
4547.29045052409  9.455973E-15
4550.06680543967  9.660055E-15
4552.84316035525  9.855368E-15
4555.61951527083  9.504542E-15
4558.39587018641  9.390602E-15
4561.17222510199  9.013326E-15
4563.94858001757  9.278024E-15
4566.72493493315  1.051252E-14
4569.50128984873  1.023809E-14
4572.27764476431  9.275911E-15
4575.05399967989  9.413105E-15
4577.83035459547  9.562190E-15
4580.60670951105  9.178446E-15
4583.38306442663  9.367365E-15
4586.15941934221  9.441291E-15
4588.93577425779  9.703227E-15
4591.71212917337  9.683916E-15
4594.48848408895  9.340521E-15
4597.26483900453  9.918921E-15
4600.0411939201  9.897449E-15
4602.81754883568  9.426680E-15
4605.59390375127  1.049137E-14
4608.37025866684  9.382728E-15
4611.14661358242  9.479612E-15
4613.922968498  9.815628E-15
4616.69932341358  9.400571E-15
4619.47567832916  1.003237E-14
4622.25203324474  1.014199E-14
4625.02838816032  9.625114E-15
4627.8047430759  9.741997E-15
4630.58109799148  1.024538E-14
4633.35745290706  1.042129E-14
4636.13380782264  9.818967E-15
4638.91016273822  9.960138E-15
4641.6865176538  1.030049E-14
4644.46287256938  9.462380E-15
4647.23922748496  9.793971E-15
4650.01558240054  1.018450E-14
4652.79193731612  1.033253E-14
4655.5682922317  1.001559E-14
4658.34464714728  9.735501E-15
4661.12100206286  9.562349E-15
4663.89735697844  9.902172E-15
4666.67371189402  9.906374E-15
4669.4500668096  9.866992E-15
4672.22642172518  1.008703E-14
4675.00277664076  1.038838E-14
4677.77913155634  1.055701E-14
4680.55548647192  9.928472E-15
4683.3318413875  1.005341E-14
4686.10819630308  1.031323E-14
4688.88455121866  1.081823E-14
4691.66090613424  1.023839E-14
4694.43726104982  1.010875E-14
4697.21361596539  9.686447E-15
4699.98997088097  1.000648E-14
4702.76632579655  9.746807E-15
4705.54268071213  9.698573E-15
4708.31903562771  9.752976E-15
4711.09539054329  9.937747E-15
4713.87174545887  9.106910E-15
4716.64810037445  9.293113E-15
4719.42445529003  1.036091E-14
4722.20081020561  9.925966E-15
4724.97716512119  9.713076E-15
4727.75352003677  8.994828E-15
4730.52987495235  9.301385E-15
4733.30622986793  9.004206E-15
4736.08258478351  9.507037E-15
4738.85893969909  9.411281E-15
4741.63529461467  9.729669E-15
4744.41164953025  9.250976E-15
4747.18800444583  9.342529E-15
4749.96435936141  9.376126E-15
4752.74071427699  9.543810E-15
4755.51706919257  9.672312E-15
4758.29342410815  9.105916E-15
4761.06977902373  9.282689E-15
4763.84613393931  1.004984E-14
4766.62248885489  9.858933E-15
4769.39884377047  9.877859E-15
4772.17519868605  8.757350E-15
4774.95155360163  8.659214E-15
4777.72790851721  9.063314E-15
4780.50426343279  9.681966E-15
4783.28061834837  9.200781E-15
4786.05697326394  9.644489E-15
4788.83332817953  9.517193E-15
4791.6096830951  9.444903E-15
4794.38603801068  9.260151E-15
4797.16239292626  9.527981E-15
4799.93874784184  9.340329E-15
4802.71510275742  9.764948E-15
4805.491457673  9.926762E-15
4808.26781258858  9.389384E-15
4811.04416750416  9.763575E-15
4813.82052241974  9.621249E-15
4816.59687733532  8.946651E-15
4819.3732322509  9.307350E-15
4822.14958716648  9.189121E-15
4824.92594208206  8.949894E-15
4827.70229699764  9.387284E-15
4830.47865191322  9.617687E-15
4833.2550068288  9.545482E-15
4836.03136174438  9.730731E-15
4838.80771665996  8.841815E-15
4841.58407157554  9.425345E-15
4844.36042649112  9.717138E-15
4847.1367814067  8.937221E-15
4849.91313632228  9.341531E-15
4852.68949123786  9.183469E-15
4855.46584615344  9.010572E-15
4858.24220106902  9.783927E-15
4861.0185559846  9.011590E-15
4863.79491090018  9.527148E-15
4866.57126581576  1.018297E-14
4869.34762073134  9.860352E-15
4872.12397564692  9.570107E-15
4874.9003305625  9.593417E-15
4877.67668547807  8.505749E-15
4880.45304039366  8.768623E-15
4883.22939530923  8.834693E-15
4886.00575022481  8.704477E-15
4888.7821051404  8.482521E-15
4891.55846005597  8.847921E-15
4894.33481497155  9.099304E-15
4897.11116988713  8.926476E-15
4899.88752480271  8.919769E-15
4902.66387971829  8.815362E-15
4905.44023463387  9.058111E-15
4908.21658954945  9.112373E-15
4910.99294446503  9.013272E-15
4913.76929938061  9.534986E-15
4916.54565429619  9.765939E-15
4919.32200921177  8.718799E-15
4922.09836412735  8.896509E-15
4924.87471904293  8.981963E-15
4927.65107395851  9.341651E-15
4930.42742887409  9.338904E-15
4933.20378378967  9.181491E-15
4935.98013870525  9.343017E-15
4938.75649362083  8.846576E-15
4941.53284853641  9.573243E-15
4944.30920345199  9.537170E-15
4947.08555836757  9.220644E-15
4949.86191328315  9.316166E-15
4952.63826819873  8.858653E-15
4955.41462311431  8.640348E-15
4958.19097802989  9.326188E-15
4960.96733294547  8.964849E-15
4963.74368786104  8.936534E-15
4966.52004277663  9.403130E-15
4969.29639769221  9.023570E-15
4972.07275260778  8.783275E-15
4974.84910752337  8.784392E-15
4977.62546243894  9.089286E-15
4980.40181735452  9.542486E-15
4983.1781722701  9.024649E-15
4985.95452718569  9.310554E-15
4988.73088210126  9.560130E-15
4991.50723701684  9.217900E-15
4994.28359193242  8.808813E-15
4997.059946848  9.067985E-15
4999.83630176358  8.374177E-15
5002.61265667916  9.007364E-15
5005.38901159474  9.277876E-15
5008.16536651032  8.465433E-15
5010.9417214259  8.818688E-15
5013.71807634148  9.237001E-15
5016.49443125706  8.481027E-15
5019.27078617264  8.789993E-15
5022.04714108822  8.943397E-15
5024.8234960038  8.928301E-15
5027.59985091938  8.853236E-15
5030.37620583496  8.917154E-15
5033.15256075054  8.691106E-15
5035.92891566612  9.396832E-15
5038.7052705817  8.371974E-15
5041.48162549728  8.379157E-15
5044.25798041286  9.091092E-15
5047.03433532844  9.066598E-15
5049.81069024402  8.547261E-15
5052.5870451596  8.677420E-15
5055.36340007518  8.330190E-15
5058.13975499076  8.729159E-15
5060.91610990634  9.417468E-15
5063.69246482192  8.627987E-15
5066.4688197375  8.798450E-15
5069.24517465307  9.016547E-15
5072.02152956866  9.598903E-15
5074.79788448423  9.335539E-15
5077.57423939981  9.102418E-15
5080.3505943154  9.316371E-15
5083.12694923098  8.954644E-15
5085.90330414655  8.754873E-15
5088.67965906213  9.066955E-15
5091.45601397771  9.146418E-15
5094.23236889329  9.428247E-15
5097.00872380887  8.638348E-15
5099.78507872445  8.419522E-15
5102.56143364003  9.042132E-15
5105.33778855561  9.198918E-15
5108.11414347119  9.448162E-15
5110.89049838677  9.492396E-15
5113.66685330235  9.056456E-15
5116.44320821793  8.838762E-15
5119.21956313351  9.068624E-15
5121.99591804909  9.183534E-15
5124.77227296467  8.695388E-15
5127.54862788025  8.603586E-15
5130.32498279583  8.942215E-15
5133.10133771141  8.927557E-15
5135.87769262699  8.925971E-15
5138.65404754257  8.820577E-15
5141.43040245815  8.839171E-15
5144.20675737373  9.032727E-15
5146.98311228931  9.010159E-15
5149.75946720489  8.879753E-15
5152.53582212047  9.289146E-15
5155.31217703605  8.888193E-15
5158.08853195163  8.755375E-15
5160.86488686721  8.449983E-15
5163.64124178279  8.511394E-15
5166.41759669837  8.785212E-15
5169.19395161395  8.927966E-15
5171.97030652952  8.979984E-15
5174.74666144511  9.426147E-15
5177.52301636068  9.209070E-15
5180.29937127626  8.967017E-15
5183.07572619184  9.228665E-15
5185.85208110742  8.839843E-15
5188.628436023  8.569550E-15
5191.40479093858  8.393999E-15
5194.18114585416  8.520647E-15
5196.95750076974  8.715523E-15
5199.73385568532  8.602865E-15
5202.5102106009  8.746132E-15
5205.28656551648  8.448617E-15
5208.06292043206  8.921297E-15
5210.83927534764  9.058767E-15
5213.61563026322  9.398461E-15
5216.3919851788  8.888626E-15
5219.16834009438  8.629605E-15
5221.94469500996  8.845129E-15
5224.72104992554  8.829987E-15
5227.49740484112  8.954099E-15
5230.2737597567  8.585601E-15
5233.05011467228  8.431610E-15
5235.82646958786  8.739022E-15
5238.60282450344  8.661014E-15
5241.37917941902  8.640977E-15
5244.1555343346  8.556131E-15
5246.93188925018  8.184748E-15
5249.70824416576  8.480448E-15
5252.48459908134  8.502689E-15
5255.26095399692  9.028218E-15
5258.0373089125  8.667468E-15
5260.81366382808  8.818455E-15
5263.59001874365  9.128046E-15
5266.36637365923  8.921683E-15
5269.14272857481  9.029125E-15
5271.91908349039  8.657364E-15
5274.69543840597  8.453846E-15
5277.47179332155  9.066842E-15
5280.24814823713  8.395160E-15
5283.02450315271  8.237089E-15
5285.80085806829  8.204546E-15
5288.57721298387  8.056794E-15
5291.35356789945  8.406690E-15
5294.12992281503  8.406668E-15
5296.90627773061  8.697194E-15
5299.68263264619  8.325165E-15
5302.45898756177  8.262908E-15
5305.23534247735  8.458037E-15
5308.01169739293  8.526993E-15
5310.78805230851  8.376205E-15
5313.56440722409  7.818018E-15
5316.34076213967  8.320125E-15
5319.11711705525  8.416669E-15
5321.89347197083  8.664516E-15
5324.66982688641  8.400714E-15
5327.44618180199  8.060009E-15
5330.22253671757  8.158465E-15
5332.99889163315  7.954733E-15
5335.77524654873  8.527908E-15
5338.55160146431  8.661523E-15
5341.32795637989  8.423627E-15
5344.10431129547  8.012340E-15
5346.88066621105  8.074298E-15
5349.65702112662  7.993324E-15
5352.43337604221  8.255961E-15
5355.20973095778  8.409727E-15
5357.98608587337  8.159390E-15
5360.76244078894  8.393343E-15
5363.53879570452  8.591286E-15
5366.3151506201  8.123981E-15
5369.09150553568  8.201997E-15
5371.86786045126  8.064394E-15
5374.64421536684  7.949776E-15
5377.42057028242  8.148985E-15
5380.196925198  8.145885E-15
5382.97328011358  8.012361E-15
5385.74963502916  8.160359E-15
5388.52598994474  8.372722E-15
5391.30234486032  8.225047E-15
5394.0786997759  8.181739E-15
5396.85505469148  8.544771E-15
5399.63140960706  8.273250E-15
5402.40776452264  7.916886E-15
5405.18411943822  8.187877E-15
5407.9604743538  8.347040E-15
5410.73682926938  8.161710E-15
5413.51318418496  7.868870E-15
5416.28953910054  8.103992E-15
5419.06589401612  8.295281E-15
5421.8422489317  8.630058E-15
5424.61860384728  8.440972E-15
5427.39495876286  7.930535E-15
5430.17131367844  8.160861E-15
5432.94766859402  8.162005E-15
5435.7240235096  7.654394E-15
5438.50037842518  8.376318E-15
5441.27673334076  8.091329E-15
5444.05308825634  7.586817E-15
5446.82944317192  8.401402E-15
5449.6057980875  8.280804E-15
5452.38215300308  8.221226E-15
5455.15850791866  7.874197E-15
5457.93486283423  8.263543E-15
5460.71121774981  8.017014E-15
5463.48757266539  7.845776E-15
5466.26392758097  8.097509E-15
5469.04028249655  8.070372E-15
5471.81663741213  7.917123E-15
5474.59299232771  7.856246E-15
5477.36934724329  7.736254E-15
5480.14570215887  8.150919E-15
5482.92205707445  8.249950E-15
5485.69841199003  7.621606E-15
5488.47476690561  7.427756E-15
5491.25112182119  7.927891E-15
5494.02747673677  7.798298E-15
5496.80383165235  7.691323E-15
5499.58018656793  7.698063E-15
5502.35654148351  8.085939E-15
5505.13289639909  8.205815E-15
5507.90925131467  7.824695E-15
5510.68560623025  8.053235E-15
5513.46196114583  8.446363E-15
5516.23831606141  8.633286E-15
5519.01467097699  7.827118E-15
5521.79102589257  7.725267E-15
5524.56738080815  7.332351E-15
5527.34373572373  7.332748E-15
5530.12009063931  7.734022E-15
5532.89644555489  7.899976E-15
5535.67280047047  7.422913E-15
5538.44915538605  7.712952E-15
5541.22551030163  7.469820E-15
5544.0018652172  7.655740E-15
5546.77822013278  7.722185E-15
5549.55457504837  7.613463E-15
5552.33092996394  7.948290E-15
5555.10728487952  7.468152E-15
5557.8836397951  7.769697E-15
5560.65999471068  7.945698E-15
5563.43634962626  7.843795E-15
5566.21270454184  7.769940E-15
5568.98905945742  7.936724E-15
5571.765414373  7.794889E-15
5574.54176928858  7.305758E-15
5577.31812420416  7.283358E-15
5580.09447911974  7.418525E-15
5582.87083403532  7.482739E-15
5585.6471889509  7.437701E-15
5588.42354386648  7.490915E-15
5591.19989878206  7.286283E-15
5593.97625369764  7.469526E-15
5596.75260861322  7.620651E-15
5599.5289635288  7.727976E-15
5602.30531844438  8.043705E-15
5605.08167335996  7.912158E-15
5607.85802827554  7.717277E-15
5610.63438319112  7.587438E-15
5613.4107381067  7.595191E-15
5616.18709302228  7.766681E-15
5618.96344793786  7.609794E-15
5621.73980285344  7.790809E-15
5624.51615776902  7.690483E-15
5627.2925126846  7.560631E-15
5630.06886760018  7.690506E-15
5632.84522251576  7.515153E-15
5635.62157743134  7.642964E-15
5638.39793234691  7.367189E-15
5641.1742872625  7.159611E-15
5643.95064217807  7.417800E-15
5646.72699709365  7.345972E-15
5649.50335200923  7.476844E-15
5652.27970692482  7.353311E-15
5655.05606184039  7.409767E-15
5657.83241675597  7.774953E-15
5660.60877167155  7.196614E-15
5663.38512658713  7.509294E-15
5666.16148150271  7.526931E-15
5668.93783641829  7.660017E-15
5671.71419133387  7.560196E-15
5674.49054624945  7.583046E-15
5677.26690116503  7.324700E-15
5680.04325608061  7.166679E-15
5682.81961099619  7.210697E-15
5685.59596591177  7.709159E-15
5688.37232082735  7.356877E-15
5691.14867574293  7.066931E-15
5693.92503065851  7.413077E-15
5696.70138557409  7.006371E-15
5699.47774048967  7.202465E-15
5702.25409540525  7.356252E-15
5705.03045032083  7.589852E-15
5707.80680523641  6.993767E-15
5710.58316015199  7.064523E-15
5713.35951506757  7.490010E-15
5716.13586998315  7.378856E-15
5718.91222489873  7.595665E-15
5721.68857981431  7.218426E-15
5724.46493472989  7.194678E-15
5727.24128964546  6.963764E-15
5730.01764456105  7.297003E-15
5732.79399947663  7.323448E-15
5735.5703543922  7.426757E-15
5738.34670930778  7.100993E-15
5741.12306422336  6.760254E-15
5743.89941913894  6.565359E-15
5746.67577405452  6.913309E-15
5749.4521289701  6.941425E-15
5752.22848388568  7.215046E-15
5755.00483880126  7.214167E-15
5757.78119371684  7.169293E-15
5760.55754863242  7.354028E-15
5763.333903548  7.028355E-15
5766.11025846358  6.665876E-15
5768.88661337916  6.829418E-15
5771.66296829474  6.841898E-15
5774.43932321032  6.793395E-15
5777.2156781259  7.158932E-15
5779.99203304148  7.151569E-15
5782.76838795706  6.939507E-15
5785.54474287264  7.095557E-15
5788.32109778822  7.050566E-15
5791.0974527038  6.706484E-15
5793.87380761938  7.373224E-15
5796.65016253496  7.237111E-15
5799.42651745054  6.978081E-15
5802.20287236612  7.017105E-15
5804.9792272817  7.086018E-15
5807.75558219728  7.156719E-15
5810.53193711286  6.706025E-15
5813.30829202844  7.162598E-15
5816.08464694402  7.047719E-15
5818.8610018596  6.848353E-15
5821.63735677518  7.104444E-15
5824.41371169076  7.342414E-15
5827.19006660633  7.422447E-15
5829.96642152192  6.784362E-15
5832.74277643749  7.083356E-15
5835.51913135307  7.196437E-15
5838.29548626865  7.266304E-15
5841.07184118423  7.644663E-15
5843.84819609981  7.500642E-15
5846.62455101539  7.116748E-15
5849.40090593097  6.854258E-15
5852.17726084655  6.945856E-15
5854.95361576213  6.555175E-15
5857.72997067771  6.885693E-15
5860.50632559329  6.906240E-15
5863.28268050887  7.156812E-15
5866.05903542445  7.275274E-15
5868.83539034003  7.049684E-15
5871.61174525561  7.410608E-15
5874.38810017119  7.238586E-15
5877.16445508677  7.225338E-15
5879.94081000235  6.926955E-15
5882.71716491793  6.634766E-15
5885.49351983351  6.741777E-15
5888.26987474909  6.976637E-15
5891.04622966467  6.717936E-15
5893.82258458025  6.467329E-15
5896.59893949583  6.621340E-15
5899.37529441141  6.903467E-15
5902.15164932699  6.584106E-15
5904.92800424257  6.985854E-15
5907.70435915815  6.981467E-15
5910.48071407373  6.578186E-15
5913.25706898931  6.741134E-15
5916.03342390489  6.958697E-15
5918.80977882047  6.662568E-15
5921.58613373604  6.856405E-15
5924.36248865163  6.979615E-15
5927.1388435672  7.005459E-15
5929.91519848278  6.389696E-15
5932.69155339836  6.483809E-15
5935.46790831394  6.856115E-15
5938.24426322952  6.897936E-15
5941.0206181451  6.475700E-15
5943.79697306068  6.448552E-15
5946.57332797626  6.708280E-15
5949.34968289184  6.972477E-15
5952.12603780742  6.722312E-15
5954.902392723  6.669657E-15
5957.67874763858  6.738401E-15
5960.45510255416  6.608096E-15
5963.23145746974  6.366710E-15
5966.00781238532  6.470000E-15
5968.7841673009  6.303637E-15
5971.56052221648  6.628805E-15
5974.33687713206  7.137833E-15
5977.11323204764  6.698199E-15
5979.88958696322  6.527165E-15
5982.6659418788  6.723078E-15
5985.44229679438  6.803098E-15
5988.21865170996  6.472422E-15
5990.99500662554  6.134987E-15
5993.77136154112  6.725728E-15
5996.5477164567  6.929426E-15
5999.32407137228  6.365057E-15
6002.10042628786  6.461054E-15
6004.87678120344  6.824963E-15
6007.65313611902  6.688824E-15
6010.42949103459  6.334894E-15
6013.20584595018  6.318971E-15
6015.98220086575  6.519635E-15
6018.75855578134  6.538670E-15
6021.53491069691  6.197003E-15
6024.31126561249  6.060470E-15
6027.08762052807  6.600135E-15
6029.86397544365  6.488988E-15
6032.64033035923  6.077600E-15
6035.41668527481  6.365897E-15
6038.19304019039  6.441527E-15
6040.96939510597  6.284059E-15
6043.74575002155  6.673568E-15
6046.52210493713  6.732621E-15
6049.29845985271  6.597087E-15
6052.07481476829  6.446622E-15
6054.85116968387  6.209935E-15
6057.62752459945  6.298545E-15
6060.40387951503  6.400224E-15
6063.18023443061  6.241168E-15
6065.95658934619  6.243625E-15
6068.73294426177  6.150785E-15
6071.50929917735  6.168592E-15
6074.28565409293  6.372394E-15
6077.06200900851  6.428542E-15
6079.83836392409  6.271549E-15
6082.61471883967  6.535771E-15
6085.39107375525  6.359514E-15
6088.16742867083  6.314584E-15
6090.94378358641  6.567972E-15
6093.72013850199  6.610195E-15
6096.49649341757  6.127242E-15
6099.27284833315  6.576006E-15
6102.04920324873  6.467689E-15
6104.82555816431  6.363903E-15
6107.60191307989  6.539169E-15
6110.37826799546  6.293520E-15
6113.15462291105  6.350656E-15
6115.93097782662  6.522509E-15
6118.7073327422  6.581534E-15
6121.48368765778  6.347291E-15
6124.26004257336  6.246199E-15
6127.03639748894  6.496298E-15
6129.81275240452  6.196216E-15
6132.5891073201  6.714782E-15
6135.36546223568  6.397499E-15
6138.14181715126  6.204242E-15
6140.91817206684  6.490306E-15
6143.69452698242  6.382911E-15
6146.470881898  6.212646E-15
6149.24723681358  6.263753E-15
6152.02359172916  6.288077E-15
6154.79994664474  6.256228E-15
6157.57630156032  6.551811E-15
6160.3526564759  6.522468E-15
6163.12901139148  6.211177E-15
6165.90536630706  6.106911E-15
6168.68172122264  6.308440E-15
6171.45807613822  6.302762E-15
6174.2344310538  6.408430E-15
6177.01078596938  6.624295E-15
6179.78714088496  6.333377E-15
6182.56349580054  6.277867E-15
6185.33985071612  6.455745E-15
6188.1162056317  6.108982E-15
6190.89256054728  6.243298E-15
6193.66891546286  6.257576E-15
6196.44527037844  6.043110E-15
6199.22162529402  6.070735E-15
6201.9979802096  5.969443E-15
6204.77433512517  5.976823E-15
6207.55069004076  6.177268E-15
6210.32704495633  6.358040E-15
6213.10339987191  6.186192E-15
6215.87975478749  5.958152E-15
6218.65610970307  6.079591E-15
6221.43246461865  6.357930E-15
6224.20881953423  6.071731E-15
6226.98517444981  5.887517E-15
6229.76152936539  5.956054E-15
6232.53788428097  6.082434E-15
6235.31423919655  6.239426E-15
6238.09059411213  5.876621E-15
6240.86694902771  5.938808E-15
6243.64330394329  6.203924E-15
6246.41965885887  6.101379E-15
6249.19601377445  5.975599E-15
6251.97236869003  5.874066E-15
6254.74872360561  5.847052E-15
6257.52507852119  5.936524E-15
6260.30143343677  5.994470E-15
6263.07778835235  6.075635E-15
6265.85414326793  5.804984E-15
6268.63049818351  5.736477E-15
6271.40685309909  5.682864E-15
6274.18320801467  5.593560E-15
6276.95956293025  5.660918E-15
6279.73591784583  6.150680E-15
6282.51227276141  6.089078E-15
6285.28862767699  5.949828E-15
6288.06498259257  5.811582E-15
6290.84133750815  5.818092E-15
6293.61769242373  6.027791E-15
6296.39404733931  5.948450E-15
6299.17040225488  5.616397E-15
6301.94675717047  5.757997E-15
6304.72311208604  6.063971E-15
6307.49946700162  5.593515E-15
6310.2758219172  5.627039E-15
6313.05217683278  6.008376E-15
6315.82853174836  6.119453E-15
6318.60488666394  6.159822E-15
6321.38124157952  5.786968E-15
6324.1575964951  5.787211E-15
6326.93395141068  5.986560E-15
6329.71030632626  5.945379E-15
6332.48666124184  5.794129E-15
6335.26301615742  5.936524E-15
6338.039371073  5.902940E-15
6340.81572598858  5.699092E-15
6343.59208090416  5.829735E-15
6346.36843581974  5.800792E-15
6349.14479073532  5.745503E-15
6351.9211456509  5.730267E-15
6354.69750056648  5.790554E-15
6357.47385548206  6.041394E-15
6360.25021039764  6.022024E-15
6363.02656531322  5.865705E-15
6365.8029202288  5.633992E-15
6368.57927514438  5.571704E-15
6371.35563005996  6.031559E-15
6374.13198497554  5.628359E-15
6376.90833989111  5.743573E-15
6379.6846948067  5.971989E-15
6382.46104972228  6.105562E-15
6385.23740463786  5.863679E-15
6388.01375955344  6.195079E-15
6390.79011446902  5.621390E-15
6393.56646938459  6.071558E-15
6396.34282430017  5.863950E-15
6399.11917921575  5.655280E-15
6401.89553413133  5.610133E-15
6404.67188904691  5.742329E-15
6407.44824396249  5.627528E-15
6410.22459887807  5.541372E-15
6413.00095379365  5.920599E-15
6415.77730870923  5.997478E-15
6418.55366362481  5.935057E-15
6421.33001854039  5.896017E-15
6424.10637345597  5.804217E-15
6426.88272837155  5.783038E-15
6429.65908328713  5.504494E-15
6432.43543820271  5.312296E-15
6435.21179311829  5.594683E-15
6437.98814803387  5.563750E-15
6440.76450294945  5.719883E-15
6443.54085786503  5.775119E-15
6446.31721278061  5.672150E-15
6449.09356769619  5.721320E-15
6451.86992261177  5.857112E-15
6454.64627752735  5.807527E-15
6457.42263244293  5.632439E-15
6460.19898735851  5.694445E-15
6462.97534227409  5.981971E-15
6465.75169718967  5.792962E-15
6468.52805210525  5.367821E-15
6471.30440702083  5.619761E-15
6474.08076193641  5.629102E-15
6476.85711685199  5.549241E-15
6479.63347176757  5.363801E-15
6482.40982668315  5.719939E-15
6485.18618159872  5.682398E-15
6487.9625365143  5.561803E-15
6490.73889142988  5.507866E-15
6493.51524634546  5.216303E-15
6496.29160126104  5.129103E-15
6499.06795617662  5.064905E-15
6501.8443110922  5.613978E-15
6504.62066600778  5.554440E-15
6507.39702092336  5.320461E-15
6510.17337583894  5.323856E-15
6512.94973075452  5.601522E-15
6515.7260856701  5.336081E-15
6518.50244058568  5.553558E-15
6521.27879550126  5.285976E-15
6524.05515041684  5.517008E-15
6526.83150533242  5.249238E-15
6529.607860248  5.098021E-15
6532.38421516358  5.366297E-15
6535.16057007916  5.705926E-15
6537.93692499474  5.795122E-15
6540.71327991032  5.799022E-15
6543.4896348259  5.805821E-15
6546.26598974148  6.605954E-15
6549.04234465706  7.144329E-15
6551.81869957264  8.004051E-15
6554.59505448822  9.161686E-15
6557.3714094038  9.593386E-15
6560.14776431938  9.432944E-15
6562.92411923496  8.963795E-15
6565.70047415053  8.857996E-15
6568.47682906612  8.119554E-15
6571.25318398169  6.936778E-15
6574.02953889728  6.082057E-15
6576.80589381286  5.647725E-15
6579.58224872843  5.840980E-15
6582.35860364401  5.556470E-15
6585.13495855959  5.443594E-15
6587.91131347517  5.352262E-15
6590.68766839076  5.468936E-15
6593.46402330633  5.577164E-15
6596.24037822191  5.403917E-15
6599.01673313749  5.234403E-15
6601.79308805307  5.321483E-15
6604.56944296865  5.116323E-15
6607.34579788423  5.021769E-15
6610.12215279981  5.231444E-15
6612.89850771539  5.050836E-15
6615.67486263097  5.227926E-15
6618.45121754655  5.300762E-15
6621.22757246213  5.265662E-15
6624.00392737771  5.221704E-15
6626.78028229329  5.436690E-15
6629.55663720887  5.476181E-15
6632.33299212445  5.114171E-15
6635.10934704003  5.197495E-15
6637.88570195561  5.291023E-15
6640.66205687119  5.165151E-15
6643.43841178677  5.083720E-15
6646.21476670235  5.009530E-15
6648.99112161793  4.821372E-15
6651.76747653351  5.230313E-15
6654.54383144909  5.575445E-15
6657.32018636467  5.231324E-15
6660.09654128025  5.599388E-15
6662.87289619583  5.731499E-15
6665.64925111141  5.507806E-15
6668.42560602698  5.267987E-15
6671.20196094257  5.315700E-15
6673.97831585815  5.692952E-15
6676.75467077372  5.166708E-15
6679.5310256893  4.970732E-15
6682.30738060488  5.486996E-15
6685.08373552046  5.276776E-15
6687.86009043604  5.449683E-15
6690.63644535162  5.238449E-15
6693.4128002672  5.011994E-15
6696.18915518278  5.619690E-15
6698.96551009836  5.537687E-15
6701.74186501394  5.185609E-15
6704.51821992952  5.018737E-15
6707.2945748451  4.829673E-15
6710.07092976068  5.091232E-15
6712.84728467626  5.448985E-15
6715.62363959184  5.174409E-15
6718.39999450742  4.949752E-15
6721.176349423  5.117659E-15
6723.95270433858  5.196785E-15
6726.72905925416  5.208860E-15
6729.50541416974  5.313776E-15
6732.28176908532  5.063632E-15
6735.0581240009  4.820640E-15
6737.83447891648  4.907259E-15
6740.61083383206  4.877887E-15
6743.38718874764  4.943386E-15
6746.16354366322  4.976557E-15
6748.9398985788  4.928058E-15
6751.71625349438  4.942528E-15
6754.49260840996  4.934280E-15
6757.26896332554  5.048094E-15
6760.04531824112  5.163601E-15
6762.82167315669  4.860524E-15
6765.59802807227  4.460762E-15
6768.37438298785  4.881959E-15
6771.15073790343  4.882118E-15
6773.92709281901  4.867557E-15
6776.70344773459  5.077872E-15
6779.47980265018  5.046681E-15
6782.25615756575  4.803953E-15
6785.03251248133  4.844774E-15
6787.80886739691  4.913966E-15
6790.58522231249  4.856763E-15
6793.36157722807  4.787534E-15
6796.13793214365  5.059639E-15
6798.91428705923  5.026085E-15
6801.69064197481  4.975487E-15
6804.46699689039  4.977736E-15
6807.24335180597  5.027384E-15
6810.01970672155  5.042734E-15
6812.79606163713  4.845417E-15
6815.57241655271  4.864892E-15
6818.34877146829  4.790159E-15
6821.12512638387  4.838882E-15
6823.90148129945  5.230796E-15
6826.67783621503  4.993998E-15
6829.45419113061  4.971949E-15
6832.23054604619  5.140248E-15
6835.00690096177  4.953463E-15
6837.78325587735  4.752732E-15
6840.55961079293  4.841047E-15
6843.33596570851  4.807622E-15
6846.11232062409  5.146533E-15
6848.88867553967  5.182378E-15
6851.66503045524  4.784281E-15
6854.44138537082  4.957412E-15
6857.21774028641  4.926131E-15
6859.99409520199  4.969943E-15
6862.77045011756  4.756593E-15
6865.54680503314  4.867898E-15
6868.32315994872  4.867110E-15
6871.0995148643  5.100266E-15
6873.87586977988  5.113757E-15
6876.65222469546  4.741752E-15
6879.42857961104  4.847041E-15
6882.20493452662  5.022910E-15
6884.9812894422  5.058388E-15
6887.75764435778  4.893693E-15
6890.53399927336  4.490213E-15
6893.31035418894  4.538595E-15
6896.08670910452  4.615740E-15
6898.8630640201  4.674340E-15
6901.63941893568  5.222049E-15
6904.41577385126  5.135990E-15
6907.19212876684  4.919287E-15
6909.96848368242  4.946965E-15
6912.744838598  4.940211E-15
6915.52119351358  4.803002E-15
6918.29754842916  4.620331E-15
6921.07390334474  4.568320E-15
6923.85025826032  4.749417E-15
6926.6266131759  4.834256E-15
6929.40296809148  4.713239E-15
6932.17932300706  4.747231E-15
6934.95567792264  4.742266E-15
6937.73203283822  4.757888E-15
6940.5083877538  4.988824E-15
6943.28474266938  5.048585E-15
6946.06109758495  4.652761E-15
6948.83745250054  4.827922E-15
6951.61380741612  4.817177E-15
6954.39016233169  4.477253E-15
6957.16651724727  4.746599E-15
6959.94287216285  4.956436E-15
6962.71922707843  4.791763E-15
6965.49558199401  4.597000E-15
6968.27193690959  4.396383E-15
6971.04829182517  4.417258E-15
6973.82464674075  4.654599E-15
6976.60100165633  5.061154E-15
6979.37735657191  4.919425E-15
6982.15371148749  4.604902E-15
6984.93006640307  4.424140E-15
6987.70642131865  4.499426E-15
6990.48277623423  4.675140E-15
6993.25913114981  4.773142E-15
6996.03548606539  4.677102E-15
6998.81184098097  4.609466E-15
7001.58819589655  5.138724E-15
7004.36455081213  4.648938E-15
7007.14090572771  4.555210E-15
7009.91726064329  4.456590E-15
7012.69361555887  4.586660E-15
7015.46997047445  4.734081E-15
7018.24632539003  4.605464E-15
7021.02268030561  4.544384E-15
7023.79903522119  4.699365E-15
7026.57539013677  4.882365E-15
7029.35174505235  4.780443E-15
7032.12809996793  4.512581E-15
7034.90445488351  4.576479E-15
7037.68080979909  4.738880E-15
7040.45716471466  4.574800E-15
7043.23351963024  4.618779E-15
7046.00987454583  4.695696E-15
7048.7862294614  4.335948E-15
7051.56258437698  4.610719E-15
7054.33893929256  4.718071E-15
7057.11529420814  4.824036E-15
7059.89164912372  4.836661E-15
7062.6680040393  4.934373E-15
7065.44435895488  4.731385E-15
7068.22071387046  4.541273E-15
7070.99706878604  5.103898E-15
7073.77342370162  4.992044E-15
7076.5497786172  4.442149E-15
7079.32613353278  4.320186E-15
7082.10248844836  4.386675E-15
7084.87884336394  4.357664E-15
7087.65519827952  4.660456E-15
7090.4315531951  5.125267E-15
7093.20790811068  4.763839E-15
7095.98426302626  4.465038E-15
7098.76061794184  4.626514E-15
7101.53697285742  4.640993E-15
7104.313327773  4.746147E-15
7107.08968268858  4.553259E-15
7109.86603760416  4.496902E-15
7112.64239251974  4.662223E-15
7115.41874743532  4.551260E-15
7118.1951023509  4.407724E-15
7120.97145726648  4.497076E-15
7123.74781218206  4.630171E-15
7126.52416709764  4.501668E-15
7129.30052201322  4.297737E-15
7132.0768769288  4.128950E-15
7134.85323184437  4.223216E-15
7137.62958675996  4.404652E-15
7140.40594167553  4.355333E-15
7143.18229659112  4.384045E-15
7145.95865150669  4.154340E-15
7148.73500642227  4.198689E-15
7151.51136133785  4.242073E-15
7154.28771625343  4.386618E-15
7157.06407116901  4.557327E-15
7159.84042608459  4.562281E-15
7162.61678100017  4.463178E-15
7165.39313591575  4.094993E-15
7168.16949083133  3.907289E-15
7170.94584574691  4.046438E-15
7173.72220066249  4.009180E-15
7176.49855557807  4.079793E-15
7179.27491049365  4.297451E-15
7182.05126540923  4.119519E-15
7184.82762032481  3.956584E-15
7187.60397524039  3.956852E-15
7190.38033015597  3.912797E-15
7193.15668507155  4.095355E-15
7195.93303998713  4.160705E-15
7198.70939490271  4.023116E-15
7201.48574981829  3.916844E-15
7204.26210473387  4.193984E-15
7207.03845964945  4.560367E-15
7209.81481456503  4.160291E-15
7212.59116948061  4.146787E-15
7215.36752439619  4.186520E-15
7218.14387931177  4.227521E-15
7220.92023422735  4.463737E-15
7223.69658914293  4.366221E-15
7226.47294405851  4.225514E-15
7229.24929897409  4.053836E-15
7232.02565388966  3.755742E-15
7234.80200880524  3.887083E-15
7237.57836372083  4.054807E-15
7240.3547186364  4.105824E-15
7243.13107355198  4.230081E-15
7245.90742846756  4.044293E-15
7248.68378338314  4.375415E-15
7251.46013829872  4.443011E-15
7254.2364932143  4.482808E-15
7257.01284812988  4.251032E-15
7259.78920304546  3.789164E-15
7262.56555796104  4.271037E-15
7265.34191287662  4.441180E-15
7268.1182677922  4.262928E-15
7270.89462270778  4.076583E-15
7273.67097762336  4.195655E-15
7276.44733253894  4.064494E-15
7279.22368745452  3.681983E-15
7282.0000423701  3.705864E-15
7284.77639728568  3.889125E-15
7287.55275220126  3.916198E-15
7290.32910711684  3.927782E-15
7293.10546203242  4.022747E-15
7295.881816948  4.200519E-15
7298.65817186358  4.155813E-15
7301.43452677916  4.000378E-15
7304.21088169474  4.076350E-15
7306.98723661032  4.028690E-15
7309.7635915259  4.100836E-15
7312.53994644148  4.068110E-15
7315.31630135706  3.846253E-15
7318.09265627264  3.946341E-15
7320.86901118822  3.972067E-15
7323.6453661038  3.899947E-15
7326.42172101938  4.010267E-15
7329.19807593495  3.765068E-15
7331.97443085053  4.088495E-15
7334.75078576611  3.990227E-15
7337.52714068169  4.148317E-15
7340.30349559727  4.120730E-15
7343.07985051285  3.916389E-15
7345.85620542843  4.022195E-15
7348.63256034401  3.790312E-15
7351.40891525959  3.775711E-15
7354.18527017517  3.994433E-15
7356.96162509075  3.814374E-15
7359.73798000633  3.791945E-15
7362.51433492191  3.887829E-15
7365.29068983749  4.209469E-15
7368.06704475307  4.064542E-15
7370.84339966865  4.093271E-15
7373.61975458423  3.885031E-15
7376.39610949981  3.822553E-15
7379.17246441539  4.005625E-15
7381.94881933097  3.727686E-15
7384.72517424655  3.917026E-15
7387.50152916213  3.784702E-15
7390.27788407771  3.886358E-15
7393.05423899329  3.919468E-15
7395.83059390887  3.928629E-15
7398.60694882445  3.865952E-15
7401.38330374003  3.776038E-15
7404.15965865561  3.909260E-15
7406.93601357119  4.104096E-15
7409.71236848677  4.025063E-15
7412.48872340235  3.697107E-15
7415.26507831793  3.681577E-15
7418.04143323351  3.879767E-15
7420.81778814909  3.881184E-15
7423.59414306466  3.878801E-15
7426.37049798024  3.644627E-15
7429.14685289582  4.000489E-15
7431.9232078114  3.666779E-15
7434.69956272698  3.703817E-15
7437.47591764256  3.745404E-15
7440.25227255814  3.944326E-15
7443.02862747372  3.849814E-15
7445.8049823893  3.928667E-15
7448.58133730488  3.942071E-15
7451.35769222046  3.604572E-15
7454.13404713604  3.668432E-15
7456.91040205162  3.918708E-15
7459.6867569672  3.986616E-15
7462.46311188278  3.820743E-15
7465.23946679836  3.669362E-15
7468.01582171394  3.628034E-15
7470.79217662952  3.671888E-15
7473.5685315451  3.766639E-15
7476.34488646068  3.699291E-15
7479.12124137626  3.817738E-15
7481.89759629184  3.689112E-15
7484.67395120742  3.612207E-15
7487.450306123  3.597410E-15
7490.22666103858  3.822673E-15
7493.00301595416  3.653457E-15
7495.77937086974  3.589643E-15
7498.55572578532  3.653439E-15
7501.3320807009  3.636718E-15
7504.10843561648  3.659639E-15
7506.88479053206  3.904411E-15
7509.66114544764  3.750612E-15
7512.43750036321  3.627800E-15
7515.2138552788  3.698441E-15
7517.99021019437  3.888500E-15
7520.76656510995  3.940841E-15
7523.54292002553  3.737894E-15
7526.31927494111  3.655036E-15
7529.09562985669  3.790020E-15
7531.87198477227  3.757425E-15
7534.64833968785  3.667069E-15
7537.42469460343  4.024399E-15
7540.20104951901  3.961404E-15
7542.97740443459  4.245496E-15
7545.75375935017  3.855608E-15
7548.53011426575  3.797437E-15
7551.30646918133  3.925764E-15
7554.08282409691  4.059136E-15
7556.85917901249  3.951270E-15
7559.63553392807  3.720799E-15
7562.41188884365  3.781396E-15
7565.18824375923  3.973699E-15
7567.96459867481  3.861145E-15
7570.74095359039  3.661928E-15
7573.51730850597  3.771809E-15
7576.29366342155  3.672798E-15
7579.07001833713  3.508783E-15
7581.84637325271  3.651296E-15
7584.62272816829  3.748324E-15
7587.39908308387  3.824640E-15
7590.17543799945  3.653967E-15
7592.95179291503  3.500265E-15
7595.72814783061  4.080799E-15
7598.50450274619  3.653544E-15
7601.28085766177  3.499758E-15
7604.05721257735  3.631788E-15
7606.83356749292  3.887725E-15
7609.60992240851  3.885691E-15
7612.38627732408  3.634704E-15
7615.16263223967  3.465238E-15
7617.93898715524  3.400962E-15
7620.71534207082  3.976505E-15
7623.4916969864  3.997979E-15
7626.26805190198  3.323699E-15
7629.04440681756  3.256884E-15
7631.82076173314  3.443819E-15
7634.59711664872  3.471180E-15
7637.3734715643  3.502097E-15
7640.14982647988  3.234108E-15
7642.92618139546  3.357493E-15
7645.70253631104  3.703112E-15
7648.47889122662  3.431909E-15
7651.2552461422  3.353968E-15
7654.03160105778  3.134353E-15
7656.80795597336  3.531615E-15
7659.58431088894  3.494251E-15
7662.36066580452  3.364713E-15
7665.1370207201  3.121355E-15
7667.91337563568  3.194169E-15
7670.68973055126  3.290454E-15
7673.46608546684  3.492623E-15
7676.24244038242  3.366164E-15
7679.018795298  3.245646E-15
7681.79515021358  3.452160E-15
7684.57150512916  3.424407E-15
7687.34786004474  3.162307E-15
7690.12421496032  3.228934E-15
7692.9005698759  3.332748E-15
7695.67692479148  3.360049E-15
7698.45327970706  3.592076E-15
7701.22963462264  3.593038E-15
7704.00598953821  3.491299E-15
7706.78234445379  3.409895E-15
7709.55869936937  3.239582E-15
7712.33505428495  3.164582E-15
7715.11140920053  3.306781E-15
7717.88776411611  3.422698E-15
7720.66411903169  3.233367E-15
7723.44047394727  3.110562E-15
7726.21682886285  3.211665E-15
7728.99318377843  3.276047E-15
7731.76953869401  3.299001E-15
7734.54589360959  3.261969E-15
7737.32224852517  3.234481E-15
7740.09860344075  3.386107E-15
7742.87495835633  3.408379E-15
7745.65131327191  3.070044E-15
7748.42766818749  3.119915E-15
7751.20402310307  3.557678E-15
7753.98037801865  3.502727E-15
7756.75673293423  3.314751E-15
7759.53308784981  3.408984E-15
7762.30944276539  3.506851E-15
7765.08579768097  3.276174E-15
7767.86215259655  3.502879E-15
7770.63850751213  3.512903E-15
7773.41486242771  3.086324E-15
7776.19121734329  2.894799E-15
7778.96757225887  3.326977E-15
7781.74392717445  3.379897E-15
7784.52028209003  3.225544E-15
7787.29663700561  3.278261E-15
7790.07299192119  3.450219E-15
7792.84934683677  3.359653E-15
7795.62570175234  3.344514E-15
7798.40205666793  3.241506E-15
7801.1784115835  3.193758E-15
7803.95476649909  3.414724E-15
7806.73112141466  3.471731E-15
7809.50747633024  3.503500E-15
7812.28383124582  3.297427E-15
7815.0601861614  3.296181E-15
7817.83654107698  3.423495E-15
7820.61289599256  3.377148E-15
7823.38925090814  3.171168E-15
7826.16560582372  3.085364E-15
7828.9419607393  2.898485E-15
7831.71831565488  3.273408E-15
7834.49467057046  3.386832E-15
7837.27102548604  3.364619E-15
7840.04738040162  3.377630E-15
7842.8237353172  3.379511E-15
7845.60009023278  3.400265E-15
7848.37644514836  3.141141E-15
7851.15280006394  3.155679E-15
7853.92915497952  3.465641E-15
7856.7055098951  3.263861E-15
7859.48186481068  3.142268E-15
7862.25821972626  3.237939E-15
7865.03457464184  3.244453E-15
7867.81092955742  3.625307E-15
7870.587284473  3.139087E-15
7873.36363938858  3.160320E-15
7876.13999430416  3.215434E-15
7878.91634921974  3.068649E-15
7881.69270413532  3.234844E-15
7884.4690590509  3.445511E-15
7887.24541396648  3.434704E-15
7890.02176888206  3.041989E-15
7892.79812379764  3.279385E-15
7895.57447871321  3.203913E-15
7898.3508336288  2.905040E-15
7901.12718854437  3.062765E-15
7903.90354345995  3.048498E-15
7906.67989837553  2.864946E-15
7909.45625329111  2.989493E-15
7912.23260820669  3.264077E-15
7915.00896312227  3.212527E-15
7917.78531803785  2.894449E-15
7920.56167295343  3.069343E-15
7923.33802786901  3.135185E-15
7926.11438278459  2.938807E-15
7928.89073770017  2.955829E-15
7931.66709261575  3.134084E-15
7934.44344753133  2.976108E-15
7937.21980244691  3.027222E-15
7939.99615736249  3.121070E-15
7942.77251227807  3.024014E-15
7945.54886719365  3.208931E-15
7948.32522210923  3.258460E-15
7951.10157702481  3.272154E-15
7953.87793194039  3.088575E-15
7956.65428685597  2.951238E-15
7959.43064177155  2.848391E-15
7962.20699668713  2.848326E-15
7964.98335160271  3.097012E-15
7967.75970651829  3.052559E-15
7970.53606143387  2.937248E-15
7973.31241634945  3.036587E-15
7976.08877126503  3.119381E-15
7978.86512618061  2.848361E-15
7981.64148109619  3.112612E-15
7984.41783601176  3.274523E-15
7987.19419092735  3.147955E-15
7989.97054584292  3.477035E-15
7992.74690075851  2.999008E-15
7995.52325567408  3.059470E-15
7998.29961058966  3.225503E-15
8001.07596550524  2.964747E-15
8003.85232042082  2.881866E-15
8006.6286753364  3.014601E-15
8009.40503025198  3.003749E-15
8012.18138516756  2.904621E-15
8014.95774008314  2.822404E-15
8017.73409499872  2.874556E-15
8020.5104499143  3.029699E-15
8023.28680482988  2.971448E-15
8026.06315974546  3.003212E-15
8028.83951466104  3.180547E-15
8031.61586957662  2.981063E-15
8034.3922244922  3.135922E-15
8037.16857940778  3.382704E-15
8039.94493432336  2.953275E-15
8042.72128923894  3.022956E-15
8045.49764415452  2.987174E-15
8048.2739990701  2.886696E-15
8051.05035398568  2.986852E-15
8053.82670890126  2.865829E-15
8056.60306381684  2.838502E-15
8059.37941873242  3.191660E-15
8062.155773648  3.112684E-15
8064.93212856357  3.053866E-15
8067.70848347916  3.249768E-15
8070.48483839474  3.029273E-15
8073.26119331031  2.904206E-15
8076.03754822589  3.011564E-15
8078.81390314148  3.126136E-15
8081.59025805706  3.226236E-15
8084.36661297263  2.904457E-15
8087.14296788822  2.749669E-15
8089.91932280379  3.053601E-15
8092.69567771937  2.989480E-15
8095.47203263495  3.076343E-15
8098.24838755053  3.001936E-15
8101.02474246611  3.121778E-15
8103.80109738169  2.883753E-15
8106.57745229727  2.932914E-15
8109.35380721285  3.134179E-15
8112.13016212843  2.898242E-15
8114.90651704401  2.969913E-15
8117.68287195959  3.012336E-15
8120.45922687517  2.753218E-15
8123.23558179075  2.790899E-15
8126.01193670633  2.852825E-15
8128.78829162191  2.775473E-15
8131.56464653749  2.682266E-15
8134.34100145307  2.858962E-15
8137.11735636865  2.657719E-15
8139.89371128423  2.582237E-15
8142.67006619981  2.787689E-15
8145.44642111539  2.775513E-15
8148.22277603097  2.765807E-15
8150.99913094655  2.933151E-15
8153.77548586213  2.764708E-15
8156.55184077771  2.465670E-15
8159.32819569329  2.503436E-15
8162.10455060886  2.597671E-15
8164.88090552445  2.417086E-15
8167.65726044003  2.415368E-15
8170.43361535561  2.457362E-15
8173.20997027118  2.445996E-15
8175.98632518676  2.651636E-15
8178.76268010234  2.634323E-15
8181.53903501792  2.491110E-15
8184.3153899335  2.548447E-15
8187.09174484908  2.605221E-15
8189.86809976466  2.682278E-15
8192.64445468024  2.463012E-15
8195.42080959582  2.456532E-15
8198.1971645114  2.563594E-15
8200.97351942698  2.742455E-15
8203.74987434256  2.684728E-15
8206.52622925814  2.671340E-15
8209.30258417372  2.848998E-15
8212.0789390893  2.869404E-15
8214.85529400488  2.782396E-15
8217.63164892046  2.581658E-15
8220.40800383604  2.790582E-15
8223.18435875162  2.930639E-15
8225.9607136672  2.532636E-15
8228.73706858278  2.322715E-15
8231.51342349836  2.394828E-15
8234.28977841394  2.911365E-15
8237.06613332952  3.227137E-15
8239.8424882451  2.584062E-15
8242.61884316068  2.750286E-15
8245.39519807626  2.833344E-15
8248.17155299184  3.016475E-15
8250.94790790742  3.157226E-15
8253.724262823  3.159250E-15
8256.50061773858  2.749288E-15
8259.27697265415  2.863688E-15
8262.05332756974  3.037853E-15
8264.82968248532  2.815223E-15
8267.60603740089  2.741385E-15
8270.38239231647  2.815808E-15
8273.15874723205  2.802351E-15
8275.93510214764  2.757430E-15
8278.71145706321  2.711763E-15
8281.48781197879  2.636707E-15
8284.26416689437  2.752633E-15
8287.04052180995  2.863050E-15
8289.81687672553  2.461831E-15
8292.59323164111  2.677177E-15
8295.36958655669  3.043224E-15
8298.14594147227  2.395580E-15
8300.92229638785  2.658387E-15
8303.69865130343  3.012075E-15
8306.47500621901  3.085576E-15
8309.25136113459  2.763520E-15
8312.02771605017  2.589253E-15
8314.80407096575  2.888827E-15
8317.58042588133  3.209196E-15
8320.35678079691  3.015762E-15
8323.13313571249  2.943516E-15
8325.90949062807  2.712030E-15
8328.68584554365  2.599917E-15
8331.46220045923  2.909768E-15
8334.23855537481  3.079733E-15
8337.01491029039  3.284514E-15
8339.79126520597  2.869890E-15
8342.56762012155  2.417685E-15
8345.34397503712  2.654827E-15
8348.12032995271  2.840087E-15
8350.89668486829  3.049469E-15
8353.67303978387  2.767403E-15
8356.44939469944  3.068705E-15
8359.22574961502  2.944783E-15
8362.00210453061  2.868168E-15
8364.77845944619  2.878831E-15
8367.55481436176  2.911900E-15
8370.33116927734  2.800736E-15
8373.10752419292  2.898926E-15
8375.8838791085  2.979890E-15
8378.66023402408  2.691389E-15
8381.43658893966  2.609915E-15
8384.21294385524  2.770872E-15
8386.98929877082  2.731850E-15
8389.7656536864  2.728414E-15
8392.54200860198  2.939983E-15
8395.31836351756  3.107383E-15
8398.09471843314  3.008392E-15
8400.87107334872  3.253597E-15
8403.6474282643  2.894702E-15
8406.42378317988  3.051845E-15
8409.20013809546  2.880855E-15
8411.97649301104  2.970720E-15
8414.75284792662  2.875884E-15
8417.5292028422  2.878135E-15
8420.30555775778  2.696035E-15
8423.08191267336  2.477951E-15
8425.85826758894  2.892333E-15
8428.63462250452  2.861433E-15
8431.4109774201  2.576588E-15
8434.18733233568  2.799713E-15
8436.96368725126  2.904563E-15
8439.74004216684  2.888671E-15
8442.51639708242  2.889823E-15
8445.292751998  2.888782E-15
8448.06910691358  2.891456E-15
8450.84546182916  2.618840E-15
8453.62181674473  2.773815E-15
8456.39817166031  3.055693E-15
8459.1745265759  2.853334E-15
8461.95088149147  2.947665E-15
8464.72723640705  2.556893E-15
8467.50359132263  2.920477E-15
8470.27994623821  2.927547E-15
8473.05630115379  2.996253E-15
8475.83265606937  2.806607E-15
8478.60901098495  2.576039E-15
8481.38536590053  2.746573E-15
8484.16172081611  2.557626E-15
8486.93807573169  2.729088E-15
8489.71443064727  2.964608E-15
8492.49078556285  2.888170E-15
8495.26714047843  3.163075E-15
8498.04349539401  2.549014E-15
8500.81985030959  2.805634E-15
8503.59620522517  2.700517E-15
8506.37256014075  2.877006E-15
8509.14891505633  2.386805E-15
8511.92526997191  2.686997E-15
8514.70162488749  2.828914E-15
8517.47797980307  2.933052E-15
8520.25433471865  2.824198E-15
8523.03068963423  2.691089E-15
8525.80704454981  2.711443E-15
8528.58339946539  2.325492E-15
8531.35975438097  2.342746E-15
8534.13610929655  2.545294E-15
8536.91246421213  2.597919E-15
8539.6888191277  2.771593E-15
8542.46517404328  2.920674E-15
8545.24152895887  2.790224E-15
8548.01788387445  2.482081E-15
8550.79423879002  2.724333E-15
8553.5705937056  2.777706E-15
8556.34694862118  2.395306E-15
8559.12330353676  2.428860E-15
8561.89965845234  2.966599E-15
8564.67601336792  2.490284E-15
8567.4523682835  2.404093E-15
8570.22872319908  2.529416E-15
8573.00507811466  2.396933E-15
8575.78143303024  2.366512E-15
8578.55778794582  2.588840E-15
8581.3341428614  2.408846E-15
8584.11049777698  2.440084E-15
8586.88685269256  2.769368E-15
8589.66320760814  2.503624E-15
8592.43956252372  2.456272E-15
8595.2159174393  2.543522E-15
8597.99227235488  2.176444E-15
8600.76862727046  2.378811E-15
8603.54498218604  2.532013E-15
8606.32133710162  2.603867E-15
8609.0976920172  2.735801E-15
8611.87404693278  2.645934E-15
8614.65040184836  2.062220E-15
8617.42675676394  2.317040E-15
8620.20311167952  2.539318E-15
8622.97946659509  2.826639E-15
8625.75582151068  2.999742E-15
8628.53217642626  2.681849E-15
8631.30853134184  2.616847E-15
8634.08488625742  2.346320E-15
8636.861241173  2.396264E-15
8639.63759608857  2.805819E-15
8642.41395100416  2.541626E-15
8645.19030591974  2.318578E-15
8647.96666083531  2.541489E-15
8650.74301575089  2.732533E-15
8653.51937066647  2.941612E-15
8656.29572558205  2.725536E-15
8659.07208049763  2.574605E-15
8661.84843541321  2.408410E-15
8664.62479032879  2.399106E-15
8667.40114524437  2.517431E-15
8670.17750015995  2.497605E-15
8672.95385507553  2.388654E-15
8675.73020999111  2.812407E-15
8678.50656490669  2.755225E-15
8681.28291982227  2.252505E-15
8684.05927473785  2.374991E-15
8686.83562965343  2.602335E-15
8689.61198456901  2.512913E-15
8692.38833948459  2.430709E-15
8695.16469440017  2.576984E-15
8697.94104931575  2.637482E-15
8700.71740423133  2.378669E-15
8703.49375914691  2.285010E-15
8706.27011406249  2.512967E-15
8709.04646897807  2.422690E-15
8711.82282389365  2.231560E-15
8714.59917880923  2.563293E-15
8717.37553372481  2.448766E-15
8720.15188864039  2.206342E-15
8722.92824355597  2.281724E-15
8725.70459847155  2.247448E-15
8728.48095338713  2.478948E-15
8731.25730830271  2.382930E-15
8734.03366321828  2.213654E-15
8736.81001813386  2.357866E-15
8739.58637304945  2.431373E-15
8742.36272796502  2.681013E-15
8745.1390828806  2.618955E-15
8747.91543779618  2.291290E-15
8750.69179271176  2.424233E-15
8753.46814762734  2.728828E-15
8756.24450254292  3.033592E-15
8759.0208574585  3.123125E-15
8761.79721237408  2.796824E-15
8764.57356728966  2.613191E-15
8767.34992220524  2.397611E-15
8770.12627712082  2.737374E-15
8772.9026320364  2.513604E-15
8775.67898695198  2.618860E-15
8778.45534186756  2.479218E-15
8781.23169678314  2.426791E-15
8784.00805169872  2.378197E-15
8786.7844066143  2.062912E-15
8789.56076152988  2.422076E-15
8792.33711644546  2.526404E-15
8795.11347136104  2.263217E-15
8797.88982627662  2.078239E-15
8800.6661811922  2.540569E-15
8803.44253610778  2.649439E-15
8806.21889102336  2.343940E-15
8808.99524593894  2.198527E-15
8811.77160085452  2.104187E-15
8814.5479557701  2.081699E-15
8817.32431068567  2.053345E-15
8820.10066560126  2.366747E-15
8822.87702051683  1.997928E-15
8825.65337543242  2.091611E-15
8828.429730348  2.147597E-15
8831.20608526358  2.185460E-15
