3861.5307863759  1.111295E-14
3864.30714129148  1.516295E-14
3867.08349620706  1.689377E-14
3869.85985112264  1.338836E-14
3872.63620603822  1.152042E-14
3875.4125609538  1.071520E-14
3878.18891586938  1.018882E-14
3880.96527078496  1.199543E-14
3883.74162570054  1.309921E-14
3886.51798061612  1.195677E-14
3889.2943355317  1.148093E-14
3892.07069044728  8.654876E-15
3894.84704536286  1.129665E-14
3897.62340027844  1.187364E-14
3900.39975519402  1.303333E-14
3903.1761101096  1.234826E-14
3905.95246502518  1.158982E-14
3908.72881994076  1.295575E-14
3911.50517485634  1.293280E-14
3914.28152977192  1.168977E-14
3917.0578846875  1.200183E-14
3919.83423960308  1.068026E-14
3922.61059451866  1.261481E-14
3925.38694943424  1.165198E-14
3928.16330434982  1.085588E-14
3930.9396592654  1.095477E-14
3933.71601418098  1.018533E-14
3936.49236909656  1.352259E-14
3939.26872401214  1.269085E-14
3942.04507892772  1.038141E-14
3944.82143384329  1.141499E-14
3947.59778875887  1.131407E-14
3950.37414367445  9.390878E-15
3953.15049859003  8.898467E-15
3955.92685350561  9.925843E-15
3958.70320842119  1.017750E-14
3961.47956333677  1.048873E-14
3964.25591825235  1.018081E-14
3967.03227316793  1.067553E-14
3969.80862808351  8.792593E-15
3972.58498299909  8.913118E-15
3975.36133791467  7.465947E-15
3978.13769283025  8.037744E-15
3980.91404774583  9.724535E-15
3983.69040266141  9.675532E-15
3986.46675757699  1.013477E-14
3989.24311249257  9.408363E-15
3992.01946740815  1.023785E-14
3994.79582232373  1.094909E-14
3997.57217723931  9.025997E-15
4000.34853215489  9.916423E-15
4003.12488707047  9.564455E-15
4005.90124198605  1.106000E-14
4008.67759690163  1.210119E-14
4011.45395181721  1.085416E-14
4014.23030673279  9.546891E-15
4017.00666164837  1.040021E-14
4019.78301656395  1.002317E-14
4022.55937147953  8.608713E-15
4025.33572639511  8.267891E-15
4028.11208131069  1.026852E-14
4030.88843622627  9.187835E-15
4033.66479114185  1.043458E-14
4036.44114605743  1.105589E-14
4039.21750097301  1.025214E-14
4041.99385588858  1.046829E-14
4044.77021080416  1.070424E-14
4047.54656571974  1.000483E-14
4050.32292063532  1.002266E-14
4053.0992755509  1.182971E-14
4055.87563046648  1.158265E-14
4058.65198538206  1.218267E-14
4061.42834029764  1.157988E-14
4064.20469521322  1.039063E-14
4066.9810501288  1.080247E-14
4069.75740504438  1.100641E-14
4072.53375995996  1.045019E-14
4075.31011487554  1.061778E-14
4078.08646979112  1.020592E-14
4080.8628247067  1.059008E-14
4083.63917962228  1.142631E-14
4086.41553453786  1.074776E-14
4089.19188945344  9.793825E-15
4091.96824436902  9.615822E-15
4094.7445992846  1.094506E-14
4097.52095420018  9.633844E-15
4100.29730911576  9.631430E-15
4103.07366403134  9.777003E-15
4105.85001894692  9.955758E-15
4108.6263738625  8.707466E-15
4111.40272877808  1.031610E-14
4114.17908369366  9.660631E-15
4116.95543860924  1.011162E-14
4119.73179352482  9.439380E-15
4122.5081484404  1.011889E-14
4125.28450335598  1.076258E-14
4128.06085827156  1.114164E-14
4130.83721318714  1.050889E-14
4133.61356810271  1.104174E-14
4136.38992301829  1.030902E-14
4139.16627793387  1.198813E-14
4141.94263284945  9.815770E-15
4144.71898776503  9.308411E-15
4147.49534268061  1.093166E-14
4150.27169759619  1.031523E-14
4153.04805251177  1.066400E-14
4155.82440742735  1.154274E-14
4158.60076234293  1.082082E-14
4161.37711725851  9.967326E-15
4164.15347217409  1.041559E-14
4166.92982708967  1.011903E-14
4169.70618200525  1.043425E-14
4172.48253692083  1.050258E-14
4175.25889183641  1.100741E-14
4178.03524675199  1.066447E-14
4180.81160166757  9.888059E-15
4183.58795658315  9.785204E-15
4186.36431149873  1.044840E-14
4189.14066641431  1.113561E-14
4191.91702132989  1.104732E-14
4194.69337624547  1.077435E-14
4197.46973116105  1.076665E-14
4200.24608607663  1.055705E-14
4203.02244099221  1.102836E-14
4205.79879590779  1.090635E-14
4208.57515082337  9.354088E-15
4211.35150573895  1.017257E-14
4214.12786065453  1.050321E-14
4216.90421557011  1.047249E-14
4219.68057048569  1.041117E-14
4222.45692540127  1.066498E-14
4225.23328031684  1.002613E-14
4228.00963523242  1.013434E-14
4230.785990148  9.898726E-15
4233.56234506358  1.029834E-14
4236.33869997916  9.452063E-15
4239.11505489474  9.858526E-15
4241.89140981032  1.079311E-14
4244.6677647259  9.629803E-15
4247.44411964148  9.077886E-15
4250.22047455706  9.337339E-15
4252.99682947264  1.117702E-14
4255.77318438822  1.123075E-14
4258.5495393038  8.946282E-15
4261.32589421938  9.766538E-15
4264.10224913496  1.028018E-14
4266.87860405054  1.052937E-14
4269.65495896612  9.898912E-15
4272.4313138817  9.503567E-15
4275.20766879728  1.035104E-14
4277.98402371286  1.011597E-14
4280.76037862844  9.906048E-15
4283.53673354402  1.058316E-14
4286.3130884596  1.002831E-14
4289.08944337518  9.671825E-15
4291.86579829076  9.538970E-15
4294.64215320634  1.000921E-14
4297.41850812192  9.914679E-15
4300.1948630375  9.557859E-15
4302.97121795308  1.015439E-14
4305.74757286866  9.600510E-15
4308.52392778424  9.532287E-15
4311.30028269982  9.635865E-15
4314.0766376154  1.020911E-14
4316.85299253098  9.376502E-15
4319.62934744656  9.986724E-15
4322.40570236213  9.424191E-15
4325.18205727771  9.918189E-15
4327.95841219329  8.756478E-15
4330.73476710887  9.137259E-15
4333.51112202445  9.087156E-15
4336.28747694003  8.639486E-15
4339.06383185561  8.777392E-15
4341.84018677119  9.438880E-15
4344.61654168677  9.058923E-15
4347.39289660235  9.760068E-15
4350.16925151793  8.855142E-15
4352.94560643351  9.625109E-15
4355.72196134909  9.020292E-15
4358.49831626467  9.153678E-15
4361.27467118025  9.530827E-15
4364.05102609583  1.035400E-14
4366.82738101141  9.461027E-15
4369.60373592699  8.895509E-15
4372.38009084257  9.561114E-15
4375.15644575815  1.039258E-14
4377.93280067373  9.968996E-15
4380.70915558931  1.033732E-14
4383.48551050489  9.806532E-15
4386.26186542047  1.069063E-14
4389.03822033605  1.007459E-14
4391.81457525163  1.010798E-14
4394.59093016721  1.007328E-14
4397.36728508279  9.114737E-15
4400.14363999837  9.412145E-15
4402.91999491395  9.851659E-15
4405.69634982953  9.673914E-15
4408.47270474511  1.007242E-14
4411.24905966069  1.048821E-14
4414.02541457626  1.013925E-14
4416.80176949185  1.027819E-14
4419.57812440742  1.009896E-14
4422.354479323  9.075505E-15
4425.13083423858  9.706927E-15
4427.90718915416  1.005588E-14
4430.68354406974  1.047614E-14
4433.45989898532  9.820054E-15
4436.2362539009  1.026926E-14
4439.01260881648  1.055454E-14
4441.78896373206  1.024139E-14
4444.56531864764  1.056484E-14
4447.34167356322  1.041458E-14
4450.1180284788  9.453160E-15
4452.89438339438  9.629941E-15
4455.67073830996  9.980685E-15
4458.44709322554  9.296013E-15
4461.22344814112  9.114905E-15
4463.9998030567  1.089661E-14
4466.77615797228  8.813025E-15
4469.55251288786  8.864822E-15
4472.32886780344  8.873908E-15
4475.10522271902  9.134216E-15
4477.8815776346  9.257977E-15
4480.65793255018  8.372858E-15
4483.43428746576  9.164216E-15
4486.21064238134  9.168381E-15
4488.98699729692  9.168468E-15
4491.7633522125  9.978157E-15
4494.53970712808  9.860722E-15
4497.31606204366  1.000038E-14
4500.09241695924  1.008549E-14
4502.86877187482  9.779907E-15
4505.64512679039  9.473751E-15
4508.42148170598  1.007656E-14
4511.19783662155  1.021060E-14
4513.97419153713  1.018169E-14
4516.75054645271  9.516320E-15
4519.52690136829  9.257962E-15
4522.30325628387  9.069132E-15
4525.07961119945  9.440130E-15
4527.85596611503  9.244236E-15
4530.63232103061  9.859971E-15
4533.40867594619  1.032997E-14
4536.18503086177  9.945505E-15
4538.96138577735  9.175958E-15
4541.73774069293  1.006108E-14
4544.51409560851  9.856650E-15
4547.29045052409  9.371144E-15
4550.06680543967  8.803959E-15
4552.84316035525  9.453393E-15
4555.61951527083  9.473514E-15
4558.39587018641  9.423352E-15
4561.17222510199  9.759741E-15
4563.94858001757  9.266663E-15
4566.72493493315  9.849530E-15
4569.50128984873  9.459755E-15
4572.27764476431  9.224461E-15
4575.05399967989  1.029550E-14
4577.83035459547  1.043861E-14
4580.60670951105  1.017979E-14
4583.38306442663  8.889863E-15
4586.15941934221  9.482027E-15
4588.93577425779  9.899135E-15
4591.71212917337  9.160200E-15
4594.48848408895  9.915437E-15
4597.26483900453  1.001398E-14
4600.0411939201  9.785361E-15
4602.81754883568  9.592738E-15
4605.59390375127  9.308379E-15
4608.37025866684  9.312074E-15
4611.14661358242  9.845123E-15
4613.922968498  1.013092E-14
4616.69932341358  9.693365E-15
4619.47567832916  1.017502E-14
4622.25203324474  1.081128E-14
4625.02838816032  1.092553E-14
4627.8047430759  9.970954E-15
4630.58109799148  9.522874E-15
4633.35745290706  9.950665E-15
4636.13380782264  1.078884E-14
4638.91016273822  9.909918E-15
4641.6865176538  1.010858E-14
4644.46287256938  1.023008E-14
4647.23922748496  9.637388E-15
4650.01558240054  9.591131E-15
4652.79193731612  9.862667E-15
4655.5682922317  1.041523E-14
4658.34464714728  1.064695E-14
4661.12100206286  1.069628E-14
4663.89735697844  1.069243E-14
4666.67371189402  1.041003E-14
4669.4500668096  1.065095E-14
4672.22642172518  1.054747E-14
4675.00277664076  1.048938E-14
4677.77913155634  1.078398E-14
4680.55548647192  1.042218E-14
4683.3318413875  1.026465E-14
4686.10819630308  1.065238E-14
4688.88455121866  1.103485E-14
4691.66090613424  1.080540E-14
4694.43726104982  1.039314E-14
4697.21361596539  9.546105E-15
4699.98997088097  1.005826E-14
4702.76632579655  1.011162E-14
4705.54268071213  9.972152E-15
4708.31903562771  9.651054E-15
4711.09539054329  9.174266E-15
4713.87174545887  9.107720E-15
4716.64810037445  9.220050E-15
4719.42445529003  9.549952E-15
4722.20081020561  9.458231E-15
4724.97716512119  9.796883E-15
4727.75352003677  9.368179E-15
4730.52987495235  9.385057E-15
4733.30622986793  9.609423E-15
4736.08258478351  9.880823E-15
4738.85893969909  9.664442E-15
4741.63529461467  9.356207E-15
4744.41164953025  8.817494E-15
4747.18800444583  9.781423E-15
4749.96435936141  1.008614E-14
4752.74071427699  9.112817E-15
4755.51706919257  9.001578E-15
4758.29342410815  8.669793E-15
4761.06977902373  9.123273E-15
4763.84613393931  9.402080E-15
4766.62248885489  9.350044E-15
4769.39884377047  9.983508E-15
4772.17519868605  9.371411E-15
4774.95155360163  8.609060E-15
4777.72790851721  9.136233E-15
4780.50426343279  9.534659E-15
4783.28061834837  8.978814E-15
4786.05697326394  9.117581E-15
4788.83332817953  8.607177E-15
4791.6096830951  9.375105E-15
4794.38603801068  9.273982E-15
4797.16239292626  9.636499E-15
4799.93874784184  9.580359E-15
4802.71510275742  8.682622E-15
4805.491457673  8.620565E-15
4808.26781258858  8.270262E-15
4811.04416750416  8.786660E-15
4813.82052241974  9.753949E-15
4816.59687733532  8.778179E-15
4819.3732322509  9.030948E-15
4822.14958716648  9.796494E-15
4824.92594208206  8.914420E-15
4827.70229699764  9.125896E-15
4830.47865191322  9.673120E-15
4833.2550068288  9.079094E-15
4836.03136174438  9.101468E-15
4838.80771665996  8.845180E-15
4841.58407157554  9.102468E-15
4844.36042649112  9.235969E-15
4847.1367814067  9.063541E-15
4849.91313632228  9.059453E-15
4852.68949123786  8.726425E-15
4855.46584615344  8.534083E-15
4858.24220106902  9.045157E-15
4861.0185559846  9.942253E-15
4863.79491090018  8.785464E-15
4866.57126581576  9.326277E-15
4869.34762073134  9.576435E-15
4872.12397564692  9.293314E-15
4874.9003305625  9.309960E-15
4877.67668547807  9.193472E-15
4880.45304039366  9.419272E-15
4883.22939530923  9.149761E-15
4886.00575022481  8.341220E-15
4888.7821051404  9.161370E-15
4891.55846005597  9.242736E-15
4894.33481497155  8.677477E-15
4897.11116988713  9.273269E-15
4899.88752480271  9.630934E-15
4902.66387971829  9.630102E-15
4905.44023463387  9.771277E-15
4908.21658954945  8.850022E-15
4910.99294446503  8.806655E-15
4913.76929938061  9.707596E-15
4916.54565429619  8.762032E-15
4919.32200921177  8.325579E-15
4922.09836412735  8.612634E-15
4924.87471904293  8.662099E-15
4927.65107395851  8.628558E-15
4930.42742887409  9.324179E-15
4933.20378378967  8.710383E-15
4935.98013870525  8.863037E-15
4938.75649362083  8.904891E-15
4941.53284853641  9.477779E-15
4944.30920345199  8.744115E-15
4947.08555836757  9.135228E-15
4949.86191328315  9.243975E-15
4952.63826819873  8.874894E-15
4955.41462311431  8.716729E-15
4958.19097802989  8.786290E-15
4960.96733294547  9.529199E-15
4963.74368786104  9.125263E-15
4966.52004277663  9.088132E-15
4969.29639769221  9.190680E-15
4972.07275260778  8.390373E-15
4974.84910752337  8.960933E-15
4977.62546243894  8.565212E-15
4980.40181735452  9.191320E-15
4983.1781722701  8.849010E-15
4985.95452718569  8.491025E-15
4988.73088210126  8.790170E-15
4991.50723701684  8.479994E-15
4994.28359193242  8.555989E-15
4997.059946848  8.911806E-15
4999.83630176358  8.601430E-15
5002.61265667916  9.238072E-15
5005.38901159474  8.796054E-15
5008.16536651032  9.115543E-15
5010.9417214259  9.154787E-15
5013.71807634148  8.734705E-15
5016.49443125706  8.730360E-15
5019.27078617264  8.302643E-15
5022.04714108822  8.249712E-15
5024.8234960038  8.774604E-15
5027.59985091938  8.744118E-15
5030.37620583496  9.188279E-15
5033.15256075054  8.729184E-15
5035.92891566612  8.720083E-15
5038.7052705817  8.877717E-15
5041.48162549728  9.035859E-15
5044.25798041286  9.317334E-15
5047.03433532844  8.177627E-15
5049.81069024402  8.247490E-15
5052.5870451596  9.249313E-15
5055.36340007518  8.449953E-15
5058.13975499076  8.733785E-15
5060.91610990634  8.767010E-15
5063.69246482192  8.347208E-15
5066.4688197375  8.800973E-15
5069.24517465307  8.486031E-15
5072.02152956866  8.476611E-15
5074.79788448423  8.997535E-15
5077.57423939981  9.017918E-15
5080.3505943154  9.289487E-15
5083.12694923098  8.994161E-15
5085.90330414655  9.048405E-15
5088.67965906213  8.884682E-15
5091.45601397771  8.423885E-15
5094.23236889329  8.432565E-15
5097.00872380887  8.992556E-15
5099.78507872445  9.000694E-15
5102.56143364003  9.163400E-15
5105.33778855561  8.816924E-15
5108.11414347119  9.084694E-15
5110.89049838677  8.666627E-15
5113.66685330235  8.514672E-15
5116.44320821793  9.241746E-15
5119.21956313351  8.756185E-15
5121.99591804909  9.100204E-15
5124.77227296467  8.684274E-15
5127.54862788025  9.062749E-15
5130.32498279583  8.480533E-15
5133.10133771141  8.756620E-15
5135.87769262699  8.844450E-15
5138.65404754257  8.293267E-15
5141.43040245815  9.062188E-15
5144.20675737373  9.049533E-15
5146.98311228931  8.503542E-15
5149.75946720489  8.374964E-15
5152.53582212047  8.387908E-15
5155.31217703605  8.223636E-15
5158.08853195163  8.656613E-15
5160.86488686721  8.173467E-15
5163.64124178279  7.726634E-15
5166.41759669837  8.420353E-15
5169.19395161395  8.795846E-15
5171.97030652952  8.597254E-15
5174.74666144511  8.146047E-15
5177.52301636068  8.016568E-15
5180.29937127626  8.253129E-15
5183.07572619184  9.052411E-15
5185.85208110742  8.747168E-15
5188.628436023  8.349770E-15
5191.40479093858  8.669590E-15
5194.18114585416  8.233376E-15
5196.95750076974  7.856513E-15
5199.73385568532  8.592950E-15
5202.5102106009  8.286726E-15
5205.28656551648  8.665909E-15
5208.06292043206  8.346451E-15
5210.83927534764  8.206705E-15
5213.61563026322  8.187790E-15
5216.3919851788  9.026017E-15
5219.16834009438  8.771122E-15
5221.94469500996  8.482668E-15
5224.72104992554  8.739579E-15
5227.49740484112  8.243550E-15
5230.2737597567  8.196679E-15
5233.05011467228  8.491507E-15
5235.82646958786  8.588961E-15
5238.60282450344  8.360605E-15
5241.37917941902  8.238043E-15
5244.1555343346  8.004231E-15
5246.93188925018  8.207206E-15
5249.70824416576  8.903392E-15
5252.48459908134  8.498725E-15
5255.26095399692  8.323333E-15
5258.0373089125  8.164676E-15
5260.81366382808  8.113113E-15
5263.59001874365  8.226774E-15
5266.36637365923  8.302848E-15
5269.14272857481  7.943917E-15
5271.91908349039  8.081240E-15
5274.69543840597  7.978777E-15
5277.47179332155  8.433536E-15
5280.24814823713  8.566764E-15
5283.02450315271  8.458110E-15
5285.80085806829  8.027089E-15
5288.57721298387  8.241963E-15
5291.35356789945  8.383181E-15
5294.12992281503  8.274024E-15
5296.90627773061  7.864480E-15
5299.68263264619  8.133142E-15
5302.45898756177  7.313650E-15
5305.23534247735  7.967586E-15
5308.01169739293  8.500441E-15
5310.78805230851  8.147059E-15
5313.56440722409  8.204443E-15
5316.34076213967  8.287326E-15
5319.11711705525  8.078418E-15
5321.89347197083  7.890336E-15
5324.66982688641  7.952130E-15
5327.44618180199  7.842079E-15
5330.22253671757  8.243197E-15
5332.99889163315  8.597837E-15
5335.77524654873  7.720071E-15
5338.55160146431  7.936811E-15
5341.32795637989  7.559208E-15
5344.10431129547  7.324598E-15
5346.88066621105  7.939167E-15
5349.65702112662  8.025926E-15
5352.43337604221  7.650186E-15
5355.20973095778  7.880651E-15
5357.98608587337  8.110114E-15
5360.76244078894  8.056035E-15
5363.53879570452  7.498461E-15
5366.3151506201  7.652482E-15
5369.09150553568  7.916887E-15
5371.86786045126  7.671131E-15
5374.64421536684  7.782883E-15
5377.42057028242  8.080212E-15
5380.196925198  7.344021E-15
5382.97328011358  7.380290E-15
5385.74963502916  8.156120E-15
5388.52598994474  7.973317E-15
5391.30234486032  8.057437E-15
5394.0786997759  8.336779E-15
5396.85505469148  8.541861E-15
5399.63140960706  8.067081E-15
5402.40776452264  7.913399E-15
5405.18411943822  7.808164E-15
5407.9604743538  8.221592E-15
5410.73682926938  8.507807E-15
5413.51318418496  7.769889E-15
5416.28953910054  7.314312E-15
5419.06589401612  7.560167E-15
5421.8422489317  8.356355E-15
5424.61860384728  7.939300E-15
5427.39495876286  7.944357E-15
5430.17131367844  7.861962E-15
5432.94766859402  8.032702E-15
5435.7240235096  7.541245E-15
5438.50037842518  8.146831E-15
5441.27673334076  7.827109E-15
5444.05308825634  7.819133E-15
5446.82944317192  7.909545E-15
5449.6057980875  8.054727E-15
5452.38215300308  7.638074E-15
5455.15850791866  7.553814E-15
5457.93486283423  7.993903E-15
5460.71121774981  7.453397E-15
5463.48757266539  7.824191E-15
5466.26392758097  8.237223E-15
5469.04028249655  8.120263E-15
5471.81663741213  7.606589E-15
5474.59299232771  7.457189E-15
5477.36934724329  7.551084E-15
5480.14570215887  7.391032E-15
5482.92205707445  7.459054E-15
5485.69841199003  7.803363E-15
5488.47476690561  7.932280E-15
5491.25112182119  7.147322E-15
5494.02747673677  7.320605E-15
5496.80383165235  7.477925E-15
5499.58018656793  7.392535E-15
5502.35654148351  7.770499E-15
5505.13289639909  7.013133E-15
5507.90925131467  7.158201E-15
5510.68560623025  7.546155E-15
5513.46196114583  7.010140E-15
5516.23831606141  7.277623E-15
5519.01467097699  7.805875E-15
5521.79102589257  7.786399E-15
5524.56738080815  7.779352E-15
5527.34373572373  7.397337E-15
5530.12009063931  7.142699E-15
5532.89644555489  7.201618E-15
5535.67280047047  7.373943E-15
5538.44915538605  7.282624E-15
5541.22551030163  7.199705E-15
5544.0018652172  7.341210E-15
5546.77822013278  7.384162E-15
5549.55457504837  7.209035E-15
5552.33092996394  7.811958E-15
5555.10728487952  7.467444E-15
5557.8836397951  7.255811E-15
5560.65999471068  7.416371E-15
5563.43634962626  6.853216E-15
5566.21270454184  6.646134E-15
5568.98905945742  7.488735E-15
5571.765414373  7.818993E-15
5574.54176928858  7.608140E-15
5577.31812420416  7.313829E-15
5580.09447911974  7.236642E-15
5582.87083403532  6.944560E-15
5585.6471889509  7.562291E-15
5588.42354386648  7.996587E-15
5591.19989878206  7.302881E-15
5593.97625369764  7.061483E-15
5596.75260861322  7.231003E-15
5599.5289635288  7.488896E-15
5602.30531844438  7.428362E-15
5605.08167335996  7.156349E-15
5607.85802827554  7.451830E-15
5610.63438319112  7.666753E-15
5613.4107381067  7.180747E-15
5616.18709302228  7.063424E-15
5618.96344793786  7.336288E-15
5621.73980285344  7.410630E-15
5624.51615776902  7.072398E-15
5627.2925126846  7.223754E-15
5630.06886760018  7.177151E-15
5632.84522251576  7.139109E-15
5635.62157743134  7.106767E-15
5638.39793234691  7.314349E-15
5641.1742872625  7.131648E-15
5643.95064217807  7.341544E-15
5646.72699709365  6.990623E-15
5649.50335200923  6.931854E-15
5652.27970692482  6.913894E-15
5655.05606184039  6.764652E-15
5657.83241675597  7.119562E-15
5660.60877167155  7.425120E-15
5663.38512658713  7.258307E-15
5666.16148150271  7.465632E-15
5668.93783641829  6.680036E-15
5671.71419133387  7.040670E-15
5674.49054624945  7.001935E-15
5677.26690116503  7.203111E-15
5680.04325608061  7.227675E-15
5682.81961099619  6.883452E-15
5685.59596591177  7.263688E-15
5688.37232082735  7.258074E-15
5691.14867574293  6.889316E-15
5693.92503065851  6.693257E-15
5696.70138557409  6.963314E-15
5699.47774048967  7.520067E-15
5702.25409540525  6.928253E-15
5705.03045032083  7.517938E-15
5707.80680523641  7.096112E-15
5710.58316015199  6.907241E-15
5713.35951506757  7.241230E-15
5716.13586998315  6.825238E-15
5718.91222489873  6.702191E-15
5721.68857981431  6.703758E-15
5724.46493472989  6.930690E-15
5727.24128964546  6.551536E-15
5730.01764456105  7.074628E-15
5732.79399947663  6.876485E-15
5735.5703543922  6.860088E-15
5738.34670930778  6.939179E-15
5741.12306422336  6.523183E-15
5743.89941913894  6.653087E-15
5746.67577405452  6.391014E-15
5749.4521289701  6.778502E-15
5752.22848388568  6.925976E-15
5755.00483880126  6.672582E-15
5757.78119371684  7.167252E-15
5760.55754863242  7.640815E-15
5763.333903548  6.974783E-15
5766.11025846358  6.598382E-15
5768.88661337916  6.909396E-15
5771.66296829474  6.714833E-15
5774.43932321032  6.550152E-15
5777.2156781259  7.308357E-15
5779.99203304148  6.853960E-15
5782.76838795706  6.649588E-15
5785.54474287264  6.783548E-15
5788.32109778822  6.872760E-15
5791.0974527038  6.722640E-15
5793.87380761938  6.816609E-15
5796.65016253496  6.000588E-15
5799.42651745054  6.151483E-15
5802.20287236612  6.270775E-15
5804.9792272817  6.557308E-15
5807.75558219728  6.647060E-15
5810.53193711286  6.964728E-15
5813.30829202844  7.000745E-15
5816.08464694402  6.980255E-15
5818.8610018596  6.894237E-15
5821.63735677518  6.784418E-15
5824.41371169076  6.673477E-15
5827.19006660633  6.851009E-15
5829.96642152192  6.857911E-15
5832.74277643749  6.662690E-15
5835.51913135307  6.766659E-15
5838.29548626865  6.987236E-15
5841.07184118423  7.381587E-15
5843.84819609981  6.686850E-15
5846.62455101539  6.956918E-15
5849.40090593097  6.832340E-15
5852.17726084655  6.953420E-15
5854.95361576213  6.556116E-15
5857.72997067771  6.667504E-15
5860.50632559329  6.699624E-15
5863.28268050887  6.985856E-15
5866.05903542445  6.624534E-15
5868.83539034003  6.754009E-15
5871.61174525561  6.405915E-15
5874.38810017119  6.461416E-15
5877.16445508677  6.716577E-15
5879.94081000235  6.639658E-15
5882.71716491793  6.459026E-15
5885.49351983351  6.713464E-15
5888.26987474909  6.469567E-15
5891.04622966467  6.182250E-15
5893.82258458025  6.379805E-15
5896.59893949583  6.536898E-15
5899.37529441141  6.710921E-15
5902.15164932699  6.346678E-15
5904.92800424257  6.004522E-15
5907.70435915815  6.358825E-15
5910.48071407373  6.517508E-15
5913.25706898931  6.421861E-15
5916.03342390489  6.300404E-15
5918.80977882047  6.113955E-15
5921.58613373604  6.384493E-15
5924.36248865163  6.563545E-15
5927.1388435672  6.817054E-15
5929.91519848278  6.045061E-15
5932.69155339836  6.444182E-15
5935.46790831394  6.161943E-15
5938.24426322952  6.493206E-15
5941.0206181451  6.516640E-15
5943.79697306068  6.247370E-15
5946.57332797626  6.323867E-15
5949.34968289184  6.123857E-15
5952.12603780742  6.441045E-15
5954.902392723  6.570099E-15
5957.67874763858  6.461341E-15
5960.45510255416  6.510008E-15
5963.23145746974  6.464970E-15
5966.00781238532  6.155795E-15
5968.7841673009  6.331684E-15
5971.56052221648  6.480842E-15
5974.33687713206  6.211138E-15
5977.11323204764  6.099977E-15
5979.88958696322  5.809346E-15
5982.6659418788  6.123232E-15
5985.44229679438  6.266297E-15
5988.21865170996  6.231763E-15
5990.99500662554  6.224134E-15
5993.77136154112  5.887690E-15
5996.5477164567  5.991940E-15
5999.32407137228  6.378758E-15
6002.10042628786  6.529359E-15
6004.87678120344  6.207078E-15
6007.65313611902  6.164831E-15
6010.42949103459  6.189811E-15
6013.20584595018  6.106178E-15
6015.98220086575  6.162130E-15
6018.75855578134  5.935306E-15
6021.53491069691  6.053958E-15
6024.31126561249  6.276002E-15
6027.08762052807  5.922346E-15
6029.86397544365  5.986267E-15
6032.64033035923  6.211150E-15
6035.41668527481  6.245031E-15
6038.19304019039  6.416661E-15
6040.96939510597  6.742815E-15
6043.74575002155  6.347397E-15
6046.52210493713  6.043877E-15
6049.29845985271  5.871714E-15
6052.07481476829  6.183295E-15
6054.85116968387  6.146676E-15
6057.62752459945  6.038389E-15
6060.40387951503  5.923582E-15
6063.18023443061  5.651211E-15
6065.95658934619  5.785746E-15
6068.73294426177  6.147938E-15
6071.50929917735  6.322119E-15
6074.28565409293  6.311085E-15
6077.06200900851  6.093748E-15
6079.83836392409  6.066208E-15
6082.61471883967  6.027365E-15
6085.39107375525  5.773787E-15
6088.16742867083  6.049782E-15
6090.94378358641  6.229813E-15
6093.72013850199  5.749090E-15
6096.49649341757  6.017088E-15
6099.27284833315  6.186389E-15
6102.04920324873  5.805445E-15
6104.82555816431  5.782820E-15
6107.60191307989  6.064759E-15
6110.37826799546  6.317787E-15
6113.15462291105  6.528644E-15
6115.93097782662  6.144986E-15
6118.7073327422  5.827754E-15
6121.48368765778  5.976677E-15
6124.26004257336  6.013914E-15
6127.03639748894  6.017307E-15
6129.81275240452  6.215291E-15
6132.5891073201  6.041080E-15
6135.36546223568  5.396573E-15
6138.14181715126  5.917555E-15
6140.91817206684  5.894172E-15
6143.69452698242  5.528637E-15
6146.470881898  5.818916E-15
6149.24723681358  6.169067E-15
6152.02359172916  6.012013E-15
6154.79994664474  5.881452E-15
6157.57630156032  5.635139E-15
6160.3526564759  5.949481E-15
6163.12901139148  5.902919E-15
6165.90536630706  5.868869E-15
6168.68172122264  5.962749E-15
6171.45807613822  5.724113E-15
6174.2344310538  5.755741E-15
6177.01078596938  5.801003E-15
6179.78714088496  5.857932E-15
6182.56349580054  5.776533E-15
6185.33985071612  5.636344E-15
6188.1162056317  5.719190E-15
6190.89256054728  5.986556E-15
6193.66891546286  5.994902E-15
6196.44527037844  5.784280E-15
6199.22162529402  5.649669E-15
6201.9979802096  5.778961E-15
6204.77433512517  5.823676E-15
6207.55069004076  5.856442E-15
6210.32704495633  5.802911E-15
6213.10339987191  5.542867E-15
6215.87975478749  6.069238E-15
6218.65610970307  6.412693E-15
6221.43246461865  6.070463E-15
6224.20881953423  5.587435E-15
6226.98517444981  5.606055E-15
6229.76152936539  6.008658E-15
6232.53788428097  5.837319E-15
6235.31423919655  5.767320E-15
6238.09059411213  5.466477E-15
6240.86694902771  5.597023E-15
6243.64330394329  5.375524E-15
6246.41965885887  5.416931E-15
6249.19601377445  5.476913E-15
6251.97236869003  5.355256E-15
6254.74872360561  5.548191E-15
6257.52507852119  5.718339E-15
6260.30143343677  5.843389E-15
6263.07778835235  5.818999E-15
6265.85414326793  5.704858E-15
6268.63049818351  5.604034E-15
6271.40685309909  5.416949E-15
6274.18320801467  5.408071E-15
6276.95956293025  5.846714E-15
6279.73591784583  5.298243E-15
6282.51227276141  5.272501E-15
6285.28862767699  5.614668E-15
6288.06498259257  6.021760E-15
6290.84133750815  5.997141E-15
6293.61769242373  5.452714E-15
6296.39404733931  5.227271E-15
6299.17040225488  5.263332E-15
6301.94675717047  5.582222E-15
6304.72311208604  5.508521E-15
6307.49946700162  6.060804E-15
6310.2758219172  5.557652E-15
6313.05217683278  5.123891E-15
6315.82853174836  5.557810E-15
6318.60488666394  5.656793E-15
6321.38124157952  5.630517E-15
6324.1575964951  5.656749E-15
6326.93395141068  5.452979E-15
6329.71030632626  5.443430E-15
6332.48666124184  5.481965E-15
6335.26301615742  5.385392E-15
6338.039371073  5.596385E-15
6340.81572598858  5.509360E-15
6343.59208090416  5.574372E-15
6346.36843581974  5.747156E-15
6349.14479073532  5.629773E-15
6351.9211456509  5.680716E-15
6354.69750056648  5.393514E-15
6357.47385548206  5.328124E-15
6360.25021039764  5.484946E-15
6363.02656531322  5.778122E-15
6365.8029202288  5.607816E-15
6368.57927514438  5.662045E-15
6371.35563005996  5.691081E-15
6374.13198497554  5.390129E-15
6376.90833989111  5.116667E-15
6379.6846948067  5.444652E-15
6382.46104972228  5.439729E-15
6385.23740463786  5.274248E-15
6388.01375955344  5.681369E-15
6390.79011446902  5.468045E-15
6393.56646938459  5.576566E-15
6396.34282430017  5.248160E-15
6399.11917921575  5.284969E-15
6401.89553413133  5.221480E-15
6404.67188904691  5.524146E-15
6407.44824396249  5.617193E-15
6410.22459887807  5.358313E-15
6413.00095379365  5.450227E-15
6415.77730870923  5.511295E-15
6418.55366362481  5.663279E-15
6421.33001854039  5.721835E-15
6424.10637345597  5.570788E-15
6426.88272837155  5.076386E-15
6429.65908328713  5.199352E-15
6432.43543820271  5.649806E-15
6435.21179311829  5.585679E-15
6437.98814803387  5.578001E-15
6440.76450294945  5.521230E-15
6443.54085786503  5.294979E-15
6446.31721278061  5.422968E-15
6449.09356769619  5.331305E-15
6451.86992261177  5.475148E-15
6454.64627752735  5.496279E-15
6457.42263244293  5.272705E-15
6460.19898735851  5.189604E-15
6462.97534227409  4.948175E-15
6465.75169718967  5.260611E-15
6468.52805210525  5.245850E-15
6471.30440702083  5.088293E-15
6474.08076193641  5.542818E-15
6476.85711685199  5.418338E-15
6479.63347176757  5.233936E-15
6482.40982668315  5.292267E-15
6485.18618159872  5.118591E-15
6487.9625365143  5.035022E-15
6490.73889142988  5.295736E-15
6493.51524634546  5.159448E-15
6496.29160126104  5.376069E-15
6499.06795617662  5.364020E-15
6501.8443110922  5.372490E-15
6504.62066600778  5.193718E-15
6507.39702092336  4.807433E-15
6510.17337583894  5.115271E-15
6512.94973075452  5.158850E-15
6515.7260856701  5.121331E-15
6518.50244058568  5.133704E-15
6521.27879550126  5.520287E-15
6524.05515041684  5.758391E-15
6526.83150533242  5.345192E-15
6529.607860248  4.993990E-15
6532.38421516358  4.812955E-15
6535.16057007916  5.031295E-15
6537.93692499474  5.108322E-15
6540.71327991032  5.539960E-15
6543.4896348259  5.766785E-15
6546.26598974148  6.616896E-15
6549.04234465706  7.599520E-15
6551.81869957264  7.822983E-15
6554.59505448822  8.036416E-15
6557.3714094038  8.645795E-15
6560.14776431938  8.819935E-15
6562.92411923496  8.480571E-15
6565.70047415053  7.858418E-15
6568.47682906612  6.706785E-15
6571.25318398169  6.312548E-15
6574.02953889728  5.871006E-15
6576.80589381286  5.123375E-15
6579.58224872843  4.868570E-15
6582.35860364401  5.069352E-15
6585.13495855959  5.207827E-15
6587.91131347517  4.849413E-15
6590.68766839076  5.275838E-15
6593.46402330633  4.861214E-15
6596.24037822191  5.177834E-15
6599.01673313749  5.144358E-15
6601.79308805307  4.969051E-15
6604.56944296865  4.865201E-15
6607.34579788423  5.058766E-15
6610.12215279981  5.140948E-15
6612.89850771539  4.838783E-15
6615.67486263097  4.483155E-15
6618.45121754655  4.892796E-15
6621.22757246213  4.977800E-15
6624.00392737771  4.957292E-15
6626.78028229329  5.004230E-15
6629.55663720887  4.993754E-15
6632.33299212445  5.277738E-15
6635.10934704003  5.027884E-15
6637.88570195561  4.800695E-15
6640.66205687119  4.840030E-15
6643.43841178677  4.910068E-15
6646.21476670235  4.850427E-15
6648.99112161793  4.820790E-15
6651.76747653351  4.988769E-15
6654.54383144909  5.015402E-15
6657.32018636467  5.139804E-15
6660.09654128025  5.050141E-15
6662.87289619583  4.789142E-15
6665.64925111141  5.130808E-15
6668.42560602698  5.413236E-15
6671.20196094257  5.052463E-15
6673.97831585815  5.121515E-15
6676.75467077372  5.098404E-15
6679.5310256893  4.976739E-15
6682.30738060488  4.895873E-15
6685.08373552046  4.981326E-15
6687.86009043604  4.883034E-15
6690.63644535162  4.804834E-15
6693.4128002672  4.719329E-15
6696.18915518278  5.015786E-15
6698.96551009836  4.951423E-15
6701.74186501394  4.954006E-15
6704.51821992952  4.593541E-15
6707.2945748451  4.719009E-15
6710.07092976068  4.680440E-15
6712.84728467626  4.515621E-15
6715.62363959184  4.568972E-15
6718.39999450742  5.055855E-15
6721.176349423  4.818867E-15
6723.95270433858  4.708471E-15
6726.72905925416  4.640165E-15
6729.50541416974  4.678111E-15
6732.28176908532  4.881421E-15
6735.0581240009  4.979546E-15
6737.83447891648  5.063394E-15
6740.61083383206  4.872297E-15
6743.38718874764  4.871640E-15
6746.16354366322  4.727548E-15
6748.9398985788  4.896339E-15
6751.71625349438  4.873552E-15
6754.49260840996  4.616508E-15
6757.26896332554  4.908916E-15
6760.04531824112  4.797969E-15
6762.82167315669  4.622766E-15
6765.59802807227  4.491402E-15
6768.37438298785  4.759041E-15
6771.15073790343  4.893818E-15
6773.92709281901  4.402619E-15
6776.70344773459  4.598457E-15
6779.47980265018  4.535047E-15
6782.25615756575  4.604088E-15
6785.03251248133  4.637140E-15
6787.80886739691  4.733334E-15
6790.58522231249  4.743922E-15
6793.36157722807  4.811546E-15
6796.13793214365  4.893754E-15
6798.91428705923  4.784758E-15
6801.69064197481  4.908575E-15
6804.46699689039  4.916150E-15
6807.24335180597  4.540304E-15
6810.01970672155  4.625818E-15
6812.79606163713  4.743750E-15
6815.57241655271  4.539008E-15
6818.34877146829  4.725629E-15
6821.12512638387  4.676303E-15
6823.90148129945  4.369007E-15
6826.67783621503  4.620875E-15
6829.45419113061  4.887377E-15
6832.23054604619  4.752113E-15
6835.00690096177  4.182268E-15
6837.78325587735  4.444675E-15
6840.55961079293  4.756341E-15
6843.33596570851  4.347605E-15
6846.11232062409  4.335827E-15
6848.88867553967  4.708297E-15
6851.66503045524  4.565934E-15
6854.44138537082  4.473437E-15
6857.21774028641  4.856745E-15
6859.99409520199  4.934032E-15
6862.77045011756  5.054002E-15
6865.54680503314  4.819345E-15
6868.32315994872  4.754574E-15
6871.0995148643  5.055022E-15
6873.87586977988  4.679680E-15
6876.65222469546  4.641813E-15
6879.42857961104  4.264929E-15
6882.20493452662  4.403352E-15
6884.9812894422  4.816671E-15
6887.75764435778  4.750681E-15
6890.53399927336  4.840312E-15
6893.31035418894  4.438487E-15
6896.08670910452  3.856485E-15
6898.8630640201  4.266023E-15
6901.63941893568  4.900236E-15
6904.41577385126  4.356046E-15
6907.19212876684  4.127955E-15
6909.96848368242  4.353145E-15
6912.744838598  4.678756E-15
6915.52119351358  4.776037E-15
6918.29754842916  4.927752E-15
6921.07390334474  4.845056E-15
6923.85025826032  4.574787E-15
6926.6266131759  4.634955E-15
6929.40296809148  4.824354E-15
6932.17932300706  4.501311E-15
6934.95567792264  4.336600E-15
6937.73203283822  4.462449E-15
6940.5083877538  4.720849E-15
6943.28474266938  4.685863E-15
6946.06109758495  4.601765E-15
6948.83745250054  4.522649E-15
6951.61380741612  4.296639E-15
6954.39016233169  4.430226E-15
6957.16651724727  4.394277E-15
6959.94287216285  4.087187E-15
6962.71922707843  4.341788E-15
6965.49558199401  4.514277E-15
6968.27193690959  4.343654E-15
6971.04829182517  4.398739E-15
6973.82464674075  4.219213E-15
6976.60100165633  4.351857E-15
6979.37735657191  4.995634E-15
6982.15371148749  4.725532E-15
6984.93006640307  4.695552E-15
6987.70642131865  4.860601E-15
6990.48277623423  4.651521E-15
6993.25913114981  4.410102E-15
6996.03548606539  4.261605E-15
6998.81184098097  4.280880E-15
7001.58819589655  4.511769E-15
7004.36455081213  4.352166E-15
7007.14090572771  4.167555E-15
7009.91726064329  4.297032E-15
7012.69361555887  4.362637E-15
7015.46997047445  4.492398E-15
7018.24632539003  4.624906E-15
7021.02268030561  4.423932E-15
7023.79903522119  4.274781E-15
7026.57539013677  4.252232E-15
7029.35174505235  4.322639E-15
7032.12809996793  4.484357E-15
7034.90445488351  4.417349E-15
7037.68080979909  4.369409E-15
7040.45716471466  4.251781E-15
7043.23351963024  3.921730E-15
7046.00987454583  4.117278E-15
7048.7862294614  4.370736E-15
7051.56258437698  4.659294E-15
7054.33893929256  4.644881E-15
7057.11529420814  4.425832E-15
7059.89164912372  4.633302E-15
7062.6680040393  4.742322E-15
7065.44435895488  4.244016E-15
7068.22071387046  4.382969E-15
7070.99706878604  4.276643E-15
7073.77342370162  4.152445E-15
7076.5497786172  4.236082E-15
7079.32613353278  4.204105E-15
7082.10248844836  4.148567E-15
7084.87884336394  4.347696E-15
7087.65519827952  4.159588E-15
7090.4315531951  3.952560E-15
7093.20790811068  4.273295E-15
7095.98426302626  4.345220E-15
7098.76061794184  4.352053E-15
7101.53697285742  4.344703E-15
7104.313327773  4.117422E-15
7107.08968268858  4.164027E-15
7109.86603760416  3.966068E-15
7112.64239251974  4.065014E-15
7115.41874743532  4.166666E-15
7118.1951023509  4.267661E-15
7120.97145726648  4.243500E-15
7123.74781218206  3.832951E-15
7126.52416709764  4.122796E-15
7129.30052201322  4.166658E-15
7132.0768769288  4.263690E-15
7134.85323184437  4.093807E-15
7137.62958675996  4.319222E-15
7140.40594167553  4.236773E-15
7143.18229659112  3.830632E-15
7145.95865150669  3.795821E-15
7148.73500642227  3.911416E-15
7151.51136133785  4.023587E-15
7154.28771625343  4.146362E-15
7157.06407116901  4.177331E-15
7159.84042608459  3.955580E-15
7162.61678100017  3.948868E-15
7165.39313591575  4.190690E-15
7168.16949083133  4.090251E-15
7170.94584574691  3.951119E-15
7173.72220066249  3.860680E-15
7176.49855557807  3.889823E-15
7179.27491049365  4.228421E-15
7182.05126540923  4.223177E-15
7184.82762032481  3.861137E-15
7187.60397524039  4.014738E-15
7190.38033015597  3.868260E-15
7193.15668507155  3.684530E-15
7195.93303998713  3.922646E-15
7198.70939490271  3.858966E-15
7201.48574981829  3.899939E-15
7204.26210473387  4.069325E-15
7207.03845964945  4.058214E-15
7209.81481456503  4.232151E-15
7212.59116948061  3.929174E-15
7215.36752439619  3.933504E-15
7218.14387931177  4.087041E-15
7220.92023422735  4.131215E-15
7223.69658914293  3.924507E-15
7226.47294405851  3.871944E-15
7229.24929897409  3.982184E-15
7232.02565388966  3.854397E-15
7234.80200880524  3.970802E-15
7237.57836372083  3.795511E-15
7240.3547186364  3.938646E-15
7243.13107355198  3.971153E-15
7245.90742846756  4.129380E-15
7248.68378338314  3.850596E-15
7251.46013829872  3.730016E-15
7254.2364932143  3.932664E-15
7257.01284812988  4.323108E-15
7259.78920304546  4.082240E-15
7262.56555796104  3.807891E-15
7265.34191287662  3.674862E-15
7268.1182677922  3.914003E-15
7270.89462270778  3.764156E-15
7273.67097762336  3.594078E-15
7276.44733253894  3.734023E-15
7279.22368745452  3.696713E-15
7282.0000423701  3.693720E-15
7284.77639728568  3.920007E-15
7287.55275220126  3.868315E-15
7290.32910711684  3.419239E-15
7293.10546203242  3.375354E-15
7295.881816948  3.911283E-15
7298.65817186358  3.885225E-15
7301.43452677916  3.690456E-15
7304.21088169474  3.945906E-15
7306.98723661032  3.345019E-15
7309.7635915259  3.675322E-15
7312.53994644148  3.989435E-15
7315.31630135706  3.654404E-15
7318.09265627264  3.771462E-15
7320.86901118822  3.801826E-15
7323.6453661038  3.676660E-15
7326.42172101938  3.978620E-15
7329.19807593495  3.912370E-15
7331.97443085053  3.862873E-15
7334.75078576611  3.752564E-15
7337.52714068169  3.539104E-15
7340.30349559727  3.552438E-15
7343.07985051285  3.751940E-15
7345.85620542843  3.657347E-15
7348.63256034401  3.510643E-15
7351.40891525959  3.578045E-15
7354.18527017517  3.723546E-15
7356.96162509075  3.838362E-15
7359.73798000633  3.719165E-15
7362.51433492191  3.971466E-15
7365.29068983749  3.842487E-15
7368.06704475307  3.675226E-15
7370.84339966865  4.169169E-15
7373.61975458423  3.840733E-15
7376.39610949981  3.732855E-15
7379.17246441539  3.699693E-15
7381.94881933097  3.779991E-15
7384.72517424655  3.746987E-15
7387.50152916213  3.586623E-15
7390.27788407771  3.713052E-15
7393.05423899329  3.600272E-15
7395.83059390887  3.645390E-15
7398.60694882445  3.630072E-15
7401.38330374003  3.493971E-15
7404.15965865561  3.680909E-15
7406.93601357119  3.968997E-15
7409.71236848677  3.914739E-15
7412.48872340235  3.702295E-15
7415.26507831793  3.552831E-15
7418.04143323351  3.476725E-15
7420.81778814909  3.645432E-15
7423.59414306466  3.475825E-15
7426.37049798024  3.467251E-15
7429.14685289582  3.579862E-15
7431.9232078114  3.569653E-15
7434.69956272698  3.527118E-15
7437.47591764256  3.645870E-15
7440.25227255814  3.534486E-15
7443.02862747372  3.623147E-15
7445.8049823893  3.695369E-15
7448.58133730488  3.478249E-15
7451.35769222046  3.415920E-15
7454.13404713604  3.419295E-15
7456.91040205162  3.490077E-15
7459.6867569672  3.629202E-15
7462.46311188278  3.955371E-15
7465.23946679836  3.683653E-15
7468.01582171394  3.193603E-15
7470.79217662952  3.510460E-15
7473.5685315451  3.581359E-15
7476.34488646068  3.501305E-15
7479.12124137626  3.668898E-15
7481.89759629184  3.555370E-15
7484.67395120742  3.634399E-15
7487.450306123  3.563163E-15
7490.22666103858  3.430700E-15
7493.00301595416  3.303488E-15
7495.77937086974  3.121982E-15
7498.55572578532  3.469101E-15
7501.3320807009  3.527603E-15
7504.10843561648  3.406773E-15
7506.88479053206  3.337881E-15
7509.66114544764  3.615475E-15
7512.43750036321  3.593990E-15
7515.2138552788  3.303896E-15
7517.99021019437  3.400163E-15
7520.76656510995  3.744287E-15
7523.54292002553  3.688074E-15
7526.31927494111  3.559750E-15
7529.09562985669  3.600076E-15
7531.87198477227  3.347413E-15
7534.64833968785  3.468048E-15
7537.42469460343  3.797410E-15
7540.20104951901  3.722147E-15
7542.97740443459  3.793743E-15
7545.75375935017  3.793881E-15
7548.53011426575  3.478831E-15
7551.30646918133  3.815816E-15
7554.08282409691  4.100595E-15
7556.85917901249  3.672581E-15
7559.63553392807  3.712565E-15
7562.41188884365  3.648024E-15
7565.18824375923  3.594786E-15
7567.96459867481  3.611568E-15
7570.74095359039  3.537098E-15
7573.51730850597  3.399446E-15
7576.29366342155  3.294536E-15
7579.07001833713  3.441530E-15
7581.84637325271  3.497408E-15
7584.62272816829  3.390487E-15
7587.39908308387  3.396028E-15
7590.17543799945  3.389712E-15
7592.95179291503  3.694967E-15
7595.72814783061  3.566569E-15
7598.50450274619  3.465624E-15
7601.28085766177  2.848333E-15
7604.05721257735  3.143249E-15
7606.83356749292  3.155515E-15
7609.60992240851  3.086437E-15
7612.38627732408  3.627802E-15
7615.16263223967  3.142550E-15
7617.93898715524  3.410263E-15
7620.71534207082  3.629655E-15
7623.4916969864  3.253502E-15
7626.26805190198  3.073982E-15
7629.04440681756  2.904641E-15
7631.82076173314  3.348083E-15
7634.59711664872  3.661423E-15
7637.3734715643  3.205518E-15
7640.14982647988  3.216741E-15
7642.92618139546  3.322396E-15
7645.70253631104  3.293910E-15
7648.47889122662  3.420239E-15
7651.2552461422  3.259934E-15
7654.03160105778  3.190603E-15
7656.80795597336  3.133476E-15
7659.58431088894  3.079521E-15
7662.36066580452  3.673509E-15
7665.1370207201  3.394456E-15
7667.91337563568  3.239443E-15
7670.68973055126  3.098062E-15
7673.46608546684  3.073399E-15
7676.24244038242  3.192638E-15
7679.018795298  3.035898E-15
7681.79515021358  3.141713E-15
7684.57150512916  3.302308E-15
7687.34786004474  3.143617E-15
7690.12421496032  2.890552E-15
7692.9005698759  2.964864E-15
7695.67692479148  3.229314E-15
7698.45327970706  3.266128E-15
7701.22963462264  3.257502E-15
7704.00598953821  3.206370E-15
7706.78234445379  3.404361E-15
7709.55869936937  3.298732E-15
7712.33505428495  3.051381E-15
7715.11140920053  3.079844E-15
7717.88776411611  3.263004E-15
7720.66411903169  3.275238E-15
7723.44047394727  3.196906E-15
7726.21682886285  3.333636E-15
7728.99318377843  3.189136E-15
7731.76953869401  3.217093E-15
7734.54589360959  3.388411E-15
7737.32224852517  3.087365E-15
7740.09860344075  3.127988E-15
7742.87495835633  3.491368E-15
7745.65131327191  3.485761E-15
7748.42766818749  3.384295E-15
7751.20402310307  3.156496E-15
7753.98037801865  2.821085E-15
7756.75673293423  2.956475E-15
7759.53308784981  3.281167E-15
7762.30944276539  3.287756E-15
7765.08579768097  3.183486E-15
7767.86215259655  2.993927E-15
7770.63850751213  3.002397E-15
7773.41486242771  3.212956E-15
7776.19121734329  2.804587E-15
7778.96757225887  2.939648E-15
7781.74392717445  3.052667E-15
7784.52028209003  2.987701E-15
7787.29663700561  2.797695E-15
7790.07299192119  2.854888E-15
7792.84934683677  2.986383E-15
7795.62570175234  2.941261E-15
7798.40205666793  3.108447E-15
7801.1784115835  3.285497E-15
7803.95476649909  3.344850E-15
7806.73112141466  3.306517E-15
7809.50747633024  2.978256E-15
7812.28383124582  3.070844E-15
7815.0601861614  3.206331E-15
7817.83654107698  3.191556E-15
7820.61289599256  3.294910E-15
7823.38925090814  3.071938E-15
7826.16560582372  3.363129E-15
7828.9419607393  3.495436E-15
7831.71831565488  3.245918E-15
7834.49467057046  2.879827E-15
7837.27102548604  2.713107E-15
7840.04738040162  3.072892E-15
7842.8237353172  3.308882E-15
7845.60009023278  3.206382E-15
7848.37644514836  3.019927E-15
7851.15280006394  3.190039E-15
7853.92915497952  3.260573E-15
7856.7055098951  3.133130E-15
7859.48186481068  3.231640E-15
7862.25821972626  3.152595E-15
7865.03457464184  3.200190E-15
7867.81092955742  3.201405E-15
7870.587284473  2.933501E-15
7873.36363938858  2.946061E-15
7876.13999430416  2.928564E-15
7878.91634921974  2.931607E-15
7881.69270413532  2.848090E-15
7884.4690590509  2.801124E-15
7887.24541396648  2.789974E-15
7890.02176888206  3.016237E-15
7892.79812379764  3.001249E-15
7895.57447871321  2.851460E-15
7898.3508336288  2.795020E-15
7901.12718854437  2.976319E-15
7903.90354345995  3.183007E-15
7906.67989837553  3.028420E-15
7909.45625329111  2.892995E-15
7912.23260820669  3.043921E-15
7915.00896312227  3.060136E-15
7917.78531803785  3.120576E-15
7920.56167295343  3.329789E-15
7923.33802786901  3.143197E-15
7926.11438278459  2.963252E-15
7928.89073770017  3.102513E-15
7931.66709261575  3.138462E-15
7934.44344753133  3.123140E-15
7937.21980244691  3.014085E-15
7939.99615736249  3.046998E-15
7942.77251227807  3.414151E-15
7945.54886719365  2.812762E-15
7948.32522210923  2.429778E-15
7951.10157702481  2.854994E-15
7953.87793194039  2.966997E-15
7956.65428685597  2.946036E-15
7959.43064177155  2.919045E-15
7962.20699668713  2.837050E-15
7964.98335160271  2.822519E-15
7967.75970651829  2.819719E-15
7970.53606143387  2.917116E-15
7973.31241634945  2.757660E-15
7976.08877126503  2.906214E-15
7978.86512618061  2.838507E-15
7981.64148109619  3.048371E-15
7984.41783601176  3.037100E-15
7987.19419092735  2.836297E-15
7989.97054584292  2.668940E-15
7992.74690075851  2.803389E-15
7995.52325567408  3.065714E-15
7998.29961058966  2.948412E-15
8001.07596550524  2.631850E-15
8003.85232042082  2.841054E-15
8006.6286753364  3.018667E-15
8009.40503025198  2.836524E-15
8012.18138516756  2.765800E-15
8014.95774008314  2.895979E-15
8017.73409499872  2.921064E-15
8020.5104499143  2.738098E-15
8023.28680482988  2.678812E-15
8026.06315974546  2.924824E-15
8028.83951466104  3.055329E-15
8031.61586957662  2.721470E-15
8034.3922244922  2.760367E-15
8037.16857940778  2.910870E-15
8039.94493432336  2.835267E-15
8042.72128923894  2.862688E-15
8045.49764415452  2.738114E-15
8048.2739990701  2.800796E-15
8051.05035398568  2.758008E-15
8053.82670890126  2.933082E-15
8056.60306381684  3.097461E-15
8059.37941873242  2.747813E-15
8062.155773648  2.606892E-15
8064.93212856357  2.799247E-15
8067.70848347916  2.913839E-15
8070.48483839474  2.885877E-15
8073.26119331031  2.876568E-15
8076.03754822589  2.953830E-15
8078.81390314148  2.850385E-15
8081.59025805706  2.996449E-15
8084.36661297263  2.617735E-15
8087.14296788822  2.872379E-15
8089.91932280379  2.824832E-15
8092.69567771937  2.579505E-15
8095.47203263495  2.698832E-15
8098.24838755053  2.957549E-15
8101.02474246611  2.870743E-15
8103.80109738169  2.488957E-15
8106.57745229727  2.638796E-15
8109.35380721285  3.031193E-15
8112.13016212843  2.964575E-15
8114.90651704401  2.966273E-15
8117.68287195959  2.740592E-15
8120.45922687517  2.420873E-15
8123.23558179075  2.728933E-15
8126.01193670633  2.894002E-15
8128.78829162191  2.783156E-15
8131.56464653749  2.641872E-15
8134.34100145307  2.382212E-15
8137.11735636865  2.531749E-15
8139.89371128423  2.679050E-15
8142.67006619981  2.840702E-15
8145.44642111539  2.523434E-15
8148.22277603097  2.348001E-15
8150.99913094655  2.491992E-15
8153.77548586213  2.519030E-15
8156.55184077771  2.189648E-15
8159.32819569329  2.442599E-15
8162.10455060886  2.840569E-15
8164.88090552445  2.906934E-15
8167.65726044003  2.708718E-15
8170.43361535561  2.516637E-15
8173.20997027118  2.302800E-15
8175.98632518676  2.518229E-15
8178.76268010234  2.898558E-15
8181.53903501792  2.540679E-15
8184.3153899335  2.666866E-15
8187.09174484908  2.579928E-15
8189.86809976466  2.527259E-15
8192.64445468024  2.108137E-15
8195.42080959582  2.530691E-15
8198.1971645114  2.616655E-15
8200.97351942698  2.629458E-15
8203.74987434256  2.713049E-15
8206.52622925814  2.572936E-15
8209.30258417372  2.747531E-15
8212.0789390893  2.982671E-15
8214.85529400488  2.809125E-15
8217.63164892046  2.509777E-15
8220.40800383604  2.523615E-15
8223.18435875162  2.562569E-15
8225.9607136672  2.524734E-15
8228.73706858278  2.347719E-15
8231.51342349836  2.105237E-15
8234.28977841394  2.647296E-15
8237.06613332952  3.118379E-15
8239.8424882451  2.700026E-15
8242.61884316068  2.590493E-15
8245.39519807626  2.826299E-15
8248.17155299184  2.777987E-15
8250.94790790742  2.725299E-15
8253.724262823  3.005400E-15
8256.50061773858  2.925689E-15
8259.27697265415  2.749198E-15
8262.05332756974  3.137868E-15
8264.82968248532  2.907119E-15
8267.60603740089  2.767850E-15
8270.38239231647  2.903588E-15
8273.15874723205  2.477101E-15
8275.93510214764  2.246473E-15
8278.71145706321  2.398820E-15
8281.48781197879  2.480051E-15
8284.26416689437  2.675769E-15
8287.04052180995  2.660850E-15
8289.81687672553  2.589097E-15
8292.59323164111  2.351618E-15
8295.36958655669  2.550361E-15
8298.14594147227  2.990226E-15
8300.92229638785  2.832165E-15
8303.69865130343  2.438286E-15
8306.47500621901  2.763233E-15
8309.25136113459  2.806094E-15
8312.02771605017  2.700111E-15
8314.80407096575  2.767977E-15
8317.58042588133  3.001496E-15
8320.35678079691  2.991000E-15
8323.13313571249  2.727713E-15
8325.90949062807  2.523616E-15
8328.68584554365  2.626339E-15
8331.46220045923  2.691641E-15
8334.23855537481  2.435921E-15
8337.01491029039  2.302445E-15
8339.79126520597  2.489516E-15
8342.56762012155  2.930399E-15
8345.34397503712  2.926138E-15
8348.12032995271  2.807614E-15
8350.89668486829  2.690442E-15
8353.67303978387  2.454134E-15
8356.44939469944  2.722598E-15
8359.22574961502  2.769905E-15
8362.00210453061  2.757001E-15
8364.77845944619  2.801558E-15
8367.55481436176  2.684734E-15
8370.33116927734  2.734473E-15
8373.10752419292  2.427879E-15
8375.8838791085  2.546488E-15
8378.66023402408  2.779638E-15
8381.43658893966  2.475363E-15
8384.21294385524  2.259943E-15
8386.98929877082  2.437917E-15
8389.7656536864  2.722379E-15
8392.54200860198  2.775084E-15
8395.31836351756  3.185423E-15
8398.09471843314  2.697154E-15
8400.87107334872  2.631912E-15
8403.6474282643  2.629932E-15
8406.42378317988  2.790251E-15
8409.20013809546  2.517216E-15
8411.97649301104  2.776794E-15
8414.75284792662  3.020472E-15
8417.5292028422  2.739604E-15
8420.30555775778  3.089340E-15
8423.08191267336  2.938102E-15
8425.85826758894  2.651428E-15
8428.63462250452  2.659933E-15
8431.4109774201  2.652813E-15
8434.18733233568  2.951065E-15
8436.96368725126  2.930617E-15
8439.74004216684  2.537588E-15
8442.51639708242  2.615054E-15
8445.292751998  2.573075E-15
8448.06910691358  2.572562E-15
8450.84546182916  2.817844E-15
8453.62181674473  2.739800E-15
8456.39817166031  2.531048E-15
8459.1745265759  2.530828E-15
8461.95088149147  2.573860E-15
8464.72723640705  2.967022E-15
8467.50359132263  2.802999E-15
8470.27994623821  2.414269E-15
8473.05630115379  2.583267E-15
8475.83265606937  2.602963E-15
8478.60901098495  2.453217E-15
8481.38536590053  2.613163E-15
8484.16172081611  2.404045E-15
8486.93807573169  2.062889E-15
8489.71443064727  2.500150E-15
8492.49078556285  2.855963E-15
8495.26714047843  2.587010E-15
8498.04349539401  2.662817E-15
8500.81985030959  2.908547E-15
8503.59620522517  2.725720E-15
8506.37256014075  2.767344E-15
8509.14891505633  2.690299E-15
8511.92526997191  2.412491E-15
8514.70162488749  2.375461E-15
8517.47797980307  2.483961E-15
8520.25433471865  2.425179E-15
8523.03068963423  2.603586E-15
8525.80704454981  2.530570E-15
8528.58339946539  2.738776E-15
8531.35975438097  2.451265E-15
8534.13610929655  2.511048E-15
8536.91246421213  2.708049E-15
8539.6888191277  2.466307E-15
8542.46517404328  2.551002E-15
8545.24152895887  2.599661E-15
8548.01788387445  2.567579E-15
8550.79423879002  2.438732E-15
8553.5705937056  2.572797E-15
8556.34694862118  2.655698E-15
8559.12330353676  2.445227E-15
8561.89965845234  2.658604E-15
8564.67601336792  2.615667E-15
8567.4523682835  2.341533E-15
8570.22872319908  2.320877E-15
8573.00507811466  2.345363E-15
8575.78143303024  2.351779E-15
8578.55778794582  2.247537E-15
8581.3341428614  2.210136E-15
8584.11049777698  2.357324E-15
8586.88685269256  2.547175E-15
8589.66320760814  2.290875E-15
8592.43956252372  2.339565E-15
8595.2159174393  2.513127E-15
8597.99227235488  2.131424E-15
8600.76862727046  2.176542E-15
8603.54498218604  2.158137E-15
8606.32133710162  2.247994E-15
8609.0976920172  2.323400E-15
8611.87404693278  2.115394E-15
8614.65040184836  2.269582E-15
8617.42675676394  2.570579E-15
8620.20311167952  2.682673E-15
8622.97946659509  2.505923E-15
8625.75582151068  2.322109E-15
8628.53217642626  2.320265E-15
8631.30853134184  2.228206E-15
8634.08488625742  2.527819E-15
8636.861241173  2.597387E-15
8639.63759608857  2.438294E-15
8642.41395100416  2.550889E-15
8645.19030591974  2.519437E-15
8647.96666083531  2.289106E-15
8650.74301575089  2.267904E-15
8653.51937066647  2.441969E-15
8656.29572558205  2.759997E-15
8659.07208049763  2.930356E-15
8661.84843541321  2.583584E-15
8664.62479032879  2.514838E-15
8667.40114524437  2.523828E-15
8670.17750015995  2.264060E-15
8672.95385507553  2.309766E-15
8675.73020999111  2.344787E-15
8678.50656490669  2.198971E-15
8681.28291982227  2.497208E-15
8684.05927473785  2.471930E-15
8686.83562965343  2.345254E-15
8689.61198456901  2.296901E-15
8692.38833948459  2.363826E-15
8695.16469440017  2.223527E-15
8697.94104931575  2.231706E-15
8700.71740423133  2.590220E-15
8703.49375914691  2.400884E-15
8706.27011406249  2.251516E-15
8709.04646897807  2.485354E-15
8711.82282389365  2.362504E-15
8714.59917880923  2.637545E-15
8717.37553372481  2.148104E-15
8720.15188864039  2.404718E-15
8722.92824355597  2.451584E-15
8725.70459847155  2.484923E-15
8728.48095338713  2.304163E-15
8731.25730830271  2.319930E-15
8734.03366321828  2.525285E-15
8736.81001813386  2.287284E-15
8739.58637304945  2.097399E-15
8742.36272796502  2.740152E-15
8745.1390828806  2.394133E-15
8747.91543779618  2.048089E-15
8750.69179271176  2.591822E-15
8753.46814762734  2.731424E-15
8756.24450254292  2.217079E-15
8759.0208574585  2.135462E-15
8761.79721237408  2.567216E-15
8764.57356728966  2.096342E-15
8767.34992220524  2.084788E-15
8770.12627712082  2.261939E-15
8772.9026320364  2.275009E-15
8775.67898695198  2.167042E-15
8778.45534186756  1.926276E-15
8781.23169678314  2.311803E-15
8784.00805169872  2.367026E-15
8786.7844066143  2.247272E-15
8789.56076152988  2.237167E-15
8792.33711644546  2.096831E-15
8795.11347136104  2.035284E-15
8797.88982627662  2.008040E-15
8800.6661811922  2.018729E-15
8803.44253610778  2.051937E-15
8806.21889102336  2.186829E-15
8808.99524593894  2.230498E-15
8811.77160085452  2.007636E-15
8814.5479557701  1.906455E-15
8817.32431068567  1.984611E-15
8820.10066560126  1.981978E-15
8822.87702051683  1.848393E-15
8825.65337543242  2.121103E-15
8828.429730348  2.299957E-15
8831.20608526358  2.213207E-15
