3861.5307863759  1.143675E-14
3864.30714129148  1.267621E-14
3867.08349620706  1.251505E-14
3869.85985112264  1.302602E-14
3872.63620603822  1.147257E-14
3875.4125609538  1.139664E-14
3878.18891586938  1.104849E-14
3880.96527078496  1.033131E-14
3883.74162570054  8.453133E-15
3886.51798061612  8.777818E-15
3889.2943355317  9.900046E-15
3892.07069044728  1.010093E-14
3894.84704536286  1.250473E-14
3897.62340027844  9.538571E-15
3900.39975519402  8.129221E-15
3903.1761101096  1.244674E-14
3905.95246502518  1.161585E-14
3908.72881994076  8.303097E-15
3911.50517485634  8.612976E-15
3914.28152977192  1.076346E-14
3917.0578846875  9.837808E-15
3919.83423960308  9.797367E-15
3922.61059451866  8.621943E-15
3925.38694943424  7.908902E-15
3928.16330434982  1.043759E-14
3930.9396592654  1.108920E-14
3933.71601418098  8.031341E-15
3936.49236909656  8.713281E-15
3939.26872401214  8.114519E-15
3942.04507892772  8.426346E-15
3944.82143384329  6.923784E-15
3947.59778875887  8.050386E-15
3950.37414367445  8.849856E-15
3953.15049859003  8.117304E-15
3955.92685350561  7.101037E-15
3958.70320842119  8.096028E-15
3961.47956333677  8.269780E-15
3964.25591825235  9.165301E-15
3967.03227316793  7.352764E-15
3969.80862808351  7.086788E-15
3972.58498299909  7.115940E-15
3975.36133791467  7.331313E-15
3978.13769283025  8.078734E-15
3980.91404774583  8.172733E-15
3983.69040266141  7.165767E-15
3986.46675757699  8.109715E-15
3989.24311249257  8.459445E-15
3992.01946740815  8.703923E-15
3994.79582232373  9.434270E-15
3997.57217723931  8.717982E-15
4000.34853215489  8.302326E-15
4003.12488707047  7.499074E-15
4005.90124198605  8.089043E-15
4008.67759690163  7.174492E-15
4011.45395181721  7.440311E-15
4014.23030673279  8.950811E-15
4017.00666164837  8.358223E-15
4019.78301656395  8.600289E-15
4022.55937147953  7.112077E-15
4025.33572639511  7.309833E-15
4028.11208131069  8.135911E-15
4030.88843622627  9.069364E-15
4033.66479114185  8.419732E-15
4036.44114605743  8.729544E-15
4039.21750097301  9.282512E-15
4041.99385588858  8.246725E-15
4044.77021080416  8.843848E-15
4047.54656571974  9.080065E-15
4050.32292063532  8.601492E-15
4053.0992755509  8.000584E-15
4055.87563046648  8.390099E-15
4058.65198538206  8.731528E-15
4061.42834029764  8.903929E-15
4064.20469521322  9.378611E-15
4066.9810501288  8.525537E-15
4069.75740504438  8.492740E-15
4072.53375995996  9.083897E-15
4075.31011487554  9.327724E-15
4078.08646979112  9.594717E-15
4080.8628247067  8.874371E-15
4083.63917962228  8.037572E-15
4086.41553453786  8.225766E-15
4089.19188945344  7.609392E-15
4091.96824436902  7.837015E-15
4094.7445992846  7.808626E-15
4097.52095420018  8.136034E-15
4100.29730911576  8.111429E-15
4103.07366403134  7.945276E-15
4105.85001894692  6.853867E-15
4108.6263738625  7.024599E-15
4111.40272877808  8.661702E-15
4114.17908369366  8.715307E-15
4116.95543860924  7.997273E-15
4119.73179352482  8.940498E-15
4122.5081484404  8.224656E-15
4125.28450335598  8.374593E-15
4128.06085827156  8.524132E-15
4130.83721318714  8.804453E-15
4133.61356810271  8.132095E-15
4136.38992301829  8.024407E-15
4139.16627793387  9.185884E-15
4141.94263284945  8.208826E-15
4144.71898776503  8.200282E-15
4147.49534268061  9.304306E-15
4150.27169759619  8.803343E-15
4153.04805251177  8.744272E-15
4155.82440742735  8.789584E-15
4158.60076234293  8.631873E-15
4161.37711725851  8.261738E-15
4164.15347217409  8.312661E-15
4166.92982708967  8.181005E-15
4169.70618200525  8.499294E-15
4172.48253692083  9.815506E-15
4175.25889183641  8.930391E-15
4178.03524675199  8.482694E-15
4180.81160166757  8.595750E-15
4183.58795658315  8.708235E-15
4186.36431149873  8.763400E-15
4189.14066641431  8.219898E-15
4191.91702132989  8.154696E-15
4194.69337624547  8.786563E-15
4197.46973116105  8.125786E-15
4200.24608607663  8.781277E-15
4203.02244099221  8.799411E-15
4205.79879590779  7.686589E-15
4208.57515082337  8.292890E-15
4211.35150573895  8.232174E-15
4214.12786065453  9.049622E-15
4216.90421557011  8.667697E-15
4219.68057048569  8.645575E-15
4222.45692540127  8.263690E-15
4225.23328031684  8.377604E-15
4228.00963523242  8.780834E-15
4230.785990148  8.176175E-15
4233.56234506358  8.410156E-15
4236.33869997916  7.909710E-15
4239.11505489474  8.501979E-15
4241.89140981032  9.084626E-15
4244.6677647259  8.889926E-15
4247.44411964148  8.882106E-15
4250.22047455706  8.846006E-15
4252.99682947264  9.277467E-15
4255.77318438822  8.414801E-15
4258.5495393038  8.111153E-15
4261.32589421938  8.549901E-15
4264.10224913496  8.244096E-15
4266.87860405054  9.045905E-15
4269.65495896612  8.361015E-15
4272.4313138817  7.559522E-15
4275.20766879728  8.663549E-15
4277.98402371286  8.663849E-15
4280.76037862844  9.138727E-15
4283.53673354402  8.163907E-15
4286.3130884596  7.906172E-15
4289.08944337518  8.458449E-15
4291.86579829076  9.288780E-15
4294.64215320634  8.670479E-15
4297.41850812192  7.716370E-15
4300.1948630375  8.478120E-15
4302.97121795308  9.185076E-15
4305.74757286866  8.605501E-15
4308.52392778424  7.576871E-15
4311.30028269982  8.012331E-15
4314.0766376154  9.018862E-15
4316.85299253098  8.778982E-15
4319.62934744656  8.766400E-15
4322.40570236213  8.007658E-15
4325.18205727771  8.567038E-15
4327.95841219329  8.584869E-15
4330.73476710887  7.727454E-15
4333.51112202445  7.860666E-15
4336.28747694003  7.495682E-15
4339.06383185561  7.319589E-15
4341.84018677119  7.502942E-15
4344.61654168677  7.973106E-15
4347.39289660235  7.238526E-15
4350.16925151793  8.027051E-15
4352.94560643351  8.432177E-15
4355.72196134909  7.377012E-15
4358.49831626467  7.912688E-15
4361.27467118025  7.967867E-15
4364.05102609583  8.166748E-15
4366.82738101141  8.689143E-15
4369.60373592699  7.944851E-15
4372.38009084257  8.298377E-15
4375.15644575815  8.178111E-15
4377.93280067373  8.781893E-15
4380.70915558931  8.146790E-15
4383.48551050489  8.079342E-15
4386.26186542047  8.659959E-15
4389.03822033605  8.155572E-15
4391.81457525163  8.810185E-15
4394.59093016721  9.245586E-15
4397.36728508279  8.025485E-15
4400.14363999837  7.516864E-15
4402.91999491395  8.049530E-15
4405.69634982953  8.325037E-15
4408.47270474511  8.436037E-15
4411.24905966069  8.805259E-15
4414.02541457626  8.672405E-15
4416.80176949185  8.864531E-15
4419.57812440742  8.722977E-15
4422.354479323  8.265680E-15
4425.13083423858  8.259178E-15
4427.90718915416  8.189555E-15
4430.68354406974  8.568969E-15
4433.45989898532  8.827373E-15
4436.2362539009  8.845713E-15
4439.01260881648  8.225135E-15
4441.78896373206  8.612861E-15
4444.56531864764  7.856275E-15
4447.34167356322  8.679062E-15
4450.1180284788  8.577715E-15
4452.89438339438  8.476262E-15
4455.67073830996  8.625330E-15
4458.44709322554  8.180612E-15
4461.22344814112  8.122975E-15
4463.9998030567  8.152929E-15
4466.77615797228  7.504361E-15
4469.55251288786  8.636167E-15
4472.32886780344  8.639586E-15
4475.10522271902  7.996608E-15
4477.8815776346  8.447794E-15
4480.65793255018  8.352761E-15
4483.43428746576  8.120814E-15
4486.21064238134  8.437070E-15
4488.98699729692  8.354061E-15
4491.7633522125  8.770989E-15
4494.53970712808  8.516015E-15
4497.31606204366  8.712958E-15
4500.09241695924  8.523743E-15
4502.86877187482  8.201309E-15
4505.64512679039  9.099691E-15
4508.42148170598  8.311986E-15
4511.19783662155  8.146604E-15
4513.97419153713  8.825053E-15
4516.75054645271  8.769309E-15
4519.52690136829  8.543328E-15
4522.30325628387  8.744992E-15
4525.07961119945  8.593715E-15
4527.85596611503  8.661805E-15
4530.63232103061  8.544205E-15
4533.40867594619  7.971350E-15
4536.18503086177  8.345896E-15
4538.96138577735  9.122408E-15
4541.73774069293  9.083085E-15
4544.51409560851  8.884119E-15
4547.29045052409  8.724380E-15
4550.06680543967  8.578960E-15
4552.84316035525  8.741159E-15
4555.61951527083  8.952817E-15
4558.39587018641  9.192228E-15
4561.17222510199  8.465097E-15
4563.94858001757  8.890781E-15
4566.72493493315  9.108441E-15
4569.50128984873  8.003928E-15
4572.27764476431  7.762268E-15
4575.05399967989  7.933462E-15
4577.83035459547  8.264223E-15
4580.60670951105  8.718624E-15
4583.38306442663  8.678541E-15
4586.15941934221  8.648965E-15
4588.93577425779  8.633421E-15
4591.71212917337  8.874720E-15
4594.48848408895  8.269307E-15
4597.26483900453  8.570941E-15
4600.0411939201  8.383154E-15
4602.81754883568  8.543133E-15
4605.59390375127  9.035733E-15
4608.37025866684  8.835574E-15
4611.14661358242  8.868460E-15
4613.922968498  8.454932E-15
4616.69932341358  8.679590E-15
4619.47567832916  8.600796E-15
4622.25203324474  9.115923E-15
4625.02838816032  9.412716E-15
4627.8047430759  9.193109E-15
4630.58109799148  9.245734E-15
4633.35745290706  9.313219E-15
4636.13380782264  9.094632E-15
4638.91016273822  9.067785E-15
4641.6865176538  9.337459E-15
4644.46287256938  9.193929E-15
4647.23922748496  9.527231E-15
4650.01558240054  9.349566E-15
4652.79193731612  8.985985E-15
4655.5682922317  9.171215E-15
4658.34464714728  9.156590E-15
4661.12100206286  9.176543E-15
4663.89735697844  9.050629E-15
4666.67371189402  9.592409E-15
4669.4500668096  9.621528E-15
4672.22642172518  9.431828E-15
4675.00277664076  9.852223E-15
4677.77913155634  9.796593E-15
4680.55548647192  8.830651E-15
4683.3318413875  8.871079E-15
4686.10819630308  9.105476E-15
4688.88455121866  9.478947E-15
4691.66090613424  1.006053E-14
4694.43726104982  1.007023E-14
4697.21361596539  9.187128E-15
4699.98997088097  8.528265E-15
4702.76632579655  9.255533E-15
4705.54268071213  9.319400E-15
4708.31903562771  8.734465E-15
4711.09539054329  8.413588E-15
4713.87174545887  8.932204E-15
4716.64810037445  8.765373E-15
4719.42445529003  8.815700E-15
4722.20081020561  8.336613E-15
4724.97716512119  8.465687E-15
4727.75352003677  8.742163E-15
4730.52987495235  8.320997E-15
4733.30622986793  8.420964E-15
4736.08258478351  8.438710E-15
4738.85893969909  9.250525E-15
4741.63529461467  8.745040E-15
4744.41164953025  8.265013E-15
4747.18800444583  8.470175E-15
4749.96435936141  8.424843E-15
4752.74071427699  8.377380E-15
4755.51706919257  8.414162E-15
4758.29342410815  9.116446E-15
4761.06977902373  8.778465E-15
4763.84613393931  8.801750E-15
4766.62248885489  8.515843E-15
4769.39884377047  8.243414E-15
4772.17519868605  9.008733E-15
4774.95155360163  8.969561E-15
4777.72790851721  7.919121E-15
4780.50426343279  8.238130E-15
4783.28061834837  8.571358E-15
4786.05697326394  8.753789E-15
4788.83332817953  8.416704E-15
4791.6096830951  8.307451E-15
4794.38603801068  8.401989E-15
4797.16239292626  8.392025E-15
4799.93874784184  8.660913E-15
4802.71510275742  8.179474E-15
4805.491457673  8.431673E-15
4808.26781258858  8.667193E-15
4811.04416750416  8.331020E-15
4813.82052241974  8.460567E-15
4816.59687733532  8.676693E-15
4819.3732322509  9.126152E-15
4822.14958716648  8.847719E-15
4824.92594208206  8.437531E-15
4827.70229699764  7.708692E-15
4830.47865191322  8.183528E-15
4833.2550068288  8.089697E-15
4836.03136174438  8.606320E-15
4838.80771665996  8.392884E-15
4841.58407157554  8.276102E-15
4844.36042649112  8.263171E-15
4847.1367814067  8.340415E-15
4849.91313632228  8.579729E-15
4852.68949123786  7.960432E-15
4855.46584615344  7.584894E-15
4858.24220106902  8.298063E-15
4861.0185559846  8.848672E-15
4863.79491090018  8.664956E-15
4866.57126581576  8.028561E-15
4869.34762073134  8.733681E-15
4872.12397564692  8.189612E-15
4874.9003305625  8.844562E-15
4877.67668547807  8.325887E-15
4880.45304039366  8.540825E-15
4883.22939530923  8.487419E-15
4886.00575022481  8.494300E-15
4888.7821051404  8.667855E-15
4891.55846005597  8.582538E-15
4894.33481497155  8.091779E-15
4897.11116988713  8.151879E-15
4899.88752480271  8.392439E-15
4902.66387971829  8.754367E-15
4905.44023463387  8.333452E-15
4908.21658954945  8.343435E-15
4910.99294446503  8.412874E-15
4913.76929938061  8.466749E-15
4916.54565429619  8.054685E-15
4919.32200921177  7.920042E-15
4922.09836412735  8.034766E-15
4924.87471904293  7.855705E-15
4927.65107395851  8.115939E-15
4930.42742887409  8.254942E-15
4933.20378378967  8.150047E-15
4935.98013870525  7.600840E-15
4938.75649362083  8.511575E-15
4941.53284853641  8.424261E-15
4944.30920345199  8.254619E-15
4947.08555836757  8.519972E-15
4949.86191328315  8.356908E-15
4952.63826819873  7.883867E-15
4955.41462311431  8.391937E-15
4958.19097802989  8.120365E-15
4960.96733294547  8.226771E-15
4963.74368786104  8.244432E-15
4966.52004277663  8.612235E-15
4969.29639769221  8.387813E-15
4972.07275260778  8.497537E-15
4974.84910752337  8.486125E-15
4977.62546243894  8.877187E-15
4980.40181735452  8.595392E-15
4983.1781722701  8.441229E-15
4985.95452718569  8.312447E-15
4988.73088210126  8.636346E-15
4991.50723701684  8.235102E-15
4994.28359193242  7.602299E-15
4997.059946848  8.006133E-15
4999.83630176358  8.216338E-15
5002.61265667916  8.093749E-15
5005.38901159474  8.568894E-15
5008.16536651032  8.160146E-15
5010.9417214259  7.916750E-15
5013.71807634148  8.302343E-15
5016.49443125706  8.332831E-15
5019.27078617264  7.978854E-15
5022.04714108822  8.299247E-15
5024.8234960038  8.779033E-15
5027.59985091938  8.503328E-15
5030.37620583496  8.445015E-15
5033.15256075054  7.880905E-15
5035.92891566612  8.349941E-15
5038.7052705817  7.966271E-15
5041.48162549728  7.471720E-15
5044.25798041286  7.666630E-15
5047.03433532844  8.136582E-15
5049.81069024402  8.021345E-15
5052.5870451596  8.646638E-15
5055.36340007518  7.640202E-15
5058.13975499076  7.718325E-15
5060.91610990634  8.339631E-15
5063.69246482192  8.190038E-15
5066.4688197375  8.071198E-15
5069.24517465307  7.633740E-15
5072.02152956866  7.117325E-15
5074.79788448423  7.862942E-15
5077.57423939981  8.815373E-15
5080.3505943154  8.549574E-15
5083.12694923098  8.295702E-15
5085.90330414655  8.609684E-15
5088.67965906213  7.981265E-15
5091.45601397771  8.188247E-15
5094.23236889329  8.609782E-15
5097.00872380887  7.936083E-15
5099.78507872445  8.190084E-15
5102.56143364003  8.579932E-15
5105.33778855561  8.141157E-15
5108.11414347119  7.945069E-15
5110.89049838677  7.763138E-15
5113.66685330235  8.526097E-15
5116.44320821793  8.166153E-15
5119.21956313351  8.083293E-15
5121.99591804909  8.625900E-15
5124.77227296467  8.679810E-15
5127.54862788025  8.331851E-15
5130.32498279583  8.059133E-15
5133.10133771141  7.953361E-15
5135.87769262699  8.332078E-15
5138.65404754257  8.447697E-15
5141.43040245815  8.158013E-15
5144.20675737373  8.081247E-15
5146.98311228931  7.962756E-15
5149.75946720489  8.243014E-15
5152.53582212047  8.353851E-15
5155.31217703605  8.440655E-15
5158.08853195163  8.485458E-15
5160.86488686721  7.897800E-15
5163.64124178279  7.923995E-15
5166.41759669837  8.029034E-15
5169.19395161395  8.403778E-15
5171.97030652952  8.533463E-15
5174.74666144511  8.148373E-15
5177.52301636068  7.874499E-15
5180.29937127626  7.824309E-15
5183.07572619184  7.906136E-15
5185.85208110742  8.080400E-15
5188.628436023  7.764801E-15
5191.40479093858  7.804779E-15
5194.18114585416  7.455072E-15
5196.95750076974  7.897195E-15
5199.73385568532  8.541597E-15
5202.5102106009  8.893807E-15
5205.28656551648  8.059645E-15
5208.06292043206  8.068750E-15
5210.83927534764  7.969769E-15
5213.61563026322  7.989770E-15
5216.3919851788  8.193076E-15
5219.16834009438  8.396987E-15
5221.94469500996  8.649002E-15
5224.72104992554  7.992417E-15
5227.49740484112  7.921744E-15
5230.2737597567  7.949874E-15
5233.05011467228  8.578761E-15
5235.82646958786  8.492434E-15
5238.60282450344  8.181512E-15
5241.37917941902  7.767438E-15
5244.1555343346  7.988355E-15
5246.93188925018  7.878688E-15
5249.70824416576  8.154539E-15
5252.48459908134  7.960794E-15
5255.26095399692  7.897474E-15
5258.0373089125  8.001729E-15
5260.81366382808  7.711679E-15
5263.59001874365  7.543757E-15
5266.36637365923  7.996264E-15
5269.14272857481  8.252360E-15
5271.91908349039  8.025170E-15
5274.69543840597  8.103544E-15
5277.47179332155  8.239244E-15
5280.24814823713  8.099360E-15
5283.02450315271  7.584529E-15
5285.80085806829  7.562853E-15
5288.57721298387  8.123576E-15
5291.35356789945  7.460897E-15
5294.12992281503  7.327945E-15
5296.90627773061  7.824886E-15
5299.68263264619  8.127106E-15
5302.45898756177  7.832995E-15
5305.23534247735  7.997600E-15
5308.01169739293  7.935859E-15
5310.78805230851  7.765794E-15
5313.56440722409  8.005708E-15
5316.34076213967  7.990878E-15
5319.11711705525  7.770749E-15
5321.89347197083  7.790436E-15
5324.66982688641  7.616650E-15
5327.44618180199  7.873511E-15
5330.22253671757  8.369639E-15
5332.99889163315  7.758630E-15
5335.77524654873  7.841927E-15
5338.55160146431  7.910769E-15
5341.32795637989  7.419498E-15
5344.10431129547  8.003637E-15
5346.88066621105  7.349654E-15
5349.65702112662  7.753493E-15
5352.43337604221  7.874387E-15
5355.20973095778  7.658831E-15
5357.98608587337  7.452658E-15
5360.76244078894  7.720233E-15
5363.53879570452  7.624082E-15
5366.3151506201  7.421035E-15
5369.09150553568  7.892263E-15
5371.86786045126  7.996665E-15
5374.64421536684  7.598302E-15
5377.42057028242  7.122090E-15
5380.196925198  7.405001E-15
5382.97328011358  7.716957E-15
5385.74963502916  7.584175E-15
5388.52598994474  8.150526E-15
5391.30234486032  7.927098E-15
5394.0786997759  7.543139E-15
5396.85505469148  7.760919E-15
5399.63140960706  7.973530E-15
5402.40776452264  7.832149E-15
5405.18411943822  7.506228E-15
5407.9604743538  7.314170E-15
5410.73682926938  7.573699E-15
5413.51318418496  7.981874E-15
5416.28953910054  8.133973E-15
5419.06589401612  7.739866E-15
5421.8422489317  7.576096E-15
5424.61860384728  7.595139E-15
5427.39495876286  7.627503E-15
5430.17131367844  7.729875E-15
5432.94766859402  7.801307E-15
5435.7240235096  7.393474E-15
5438.50037842518  7.543121E-15
5441.27673334076  7.651210E-15
5444.05308825634  7.413388E-15
5446.82944317192  7.201115E-15
5449.6057980875  7.234760E-15
5452.38215300308  7.331312E-15
5455.15850791866  7.398198E-15
5457.93486283423  7.339191E-15
5460.71121774981  7.565736E-15
5463.48757266539  7.387084E-15
5466.26392758097  7.173935E-15
5469.04028249655  7.629669E-15
5471.81663741213  7.360858E-15
5474.59299232771  7.344716E-15
5477.36934724329  6.909097E-15
5480.14570215887  7.250002E-15
5482.92205707445  7.722386E-15
5485.69841199003  7.411857E-15
5488.47476690561  7.256491E-15
5491.25112182119  7.033623E-15
5494.02747673677  7.104314E-15
5496.80383165235  7.011878E-15
5499.58018656793  7.182502E-15
5502.35654148351  7.631176E-15
5505.13289639909  7.337251E-15
5507.90925131467  7.377662E-15
5510.68560623025  7.560789E-15
5513.46196114583  7.425165E-15
5516.23831606141  7.091874E-15
5519.01467097699  7.476455E-15
5521.79102589257  7.400810E-15
5524.56738080815  7.058344E-15
5527.34373572373  7.224074E-15
5530.12009063931  7.367119E-15
5532.89644555489  7.422595E-15
5535.67280047047  6.979952E-15
5538.44915538605  7.154583E-15
5541.22551030163  7.202628E-15
5544.0018652172  7.020664E-15
5546.77822013278  7.272897E-15
5549.55457504837  7.473404E-15
5552.33092996394  7.516742E-15
5555.10728487952  7.537983E-15
5557.8836397951  7.178168E-15
5560.65999471068  6.897462E-15
5563.43634962626  7.055943E-15
5566.21270454184  6.794722E-15
5568.98905945742  7.244698E-15
5571.765414373  7.191123E-15
5574.54176928858  6.741778E-15
5577.31812420416  7.053995E-15
5580.09447911974  7.059678E-15
5582.87083403532  7.346664E-15
5585.6471889509  7.788190E-15
5588.42354386648  7.107200E-15
5591.19989878206  6.836184E-15
5593.97625369764  6.979263E-15
5596.75260861322  6.778361E-15
5599.5289635288  6.852537E-15
5602.30531844438  6.841186E-15
5605.08167335996  7.053819E-15
5607.85802827554  7.118607E-15
5610.63438319112  7.015516E-15
5613.4107381067  6.892674E-15
5616.18709302228  7.100988E-15
5618.96344793786  7.319200E-15
5621.73980285344  7.319635E-15
5624.51615776902  7.294345E-15
5627.2925126846  6.819830E-15
5630.06886760018  6.687039E-15
5632.84522251576  7.189513E-15
5635.62157743134  7.147189E-15
5638.39793234691  6.756384E-15
5641.1742872625  7.303609E-15
5643.95064217807  7.267653E-15
5646.72699709365  6.931611E-15
5649.50335200923  6.961504E-15
5652.27970692482  7.174372E-15
5655.05606184039  7.282760E-15
5657.83241675597  6.681503E-15
5660.60877167155  6.983485E-15
5663.38512658713  6.520069E-15
5666.16148150271  6.707653E-15
5668.93783641829  6.905136E-15
5671.71419133387  7.072075E-15
5674.49054624945  7.220099E-15
5677.26690116503  7.243287E-15
5680.04325608061  7.009669E-15
5682.81961099619  6.961899E-15
5685.59596591177  7.180876E-15
5688.37232082735  7.183755E-15
5691.14867574293  6.768226E-15
5693.92503065851  6.890584E-15
5696.70138557409  6.894070E-15
5699.47774048967  6.830088E-15
5702.25409540525  6.657914E-15
5705.03045032083  6.975934E-15
5707.80680523641  6.678834E-15
5710.58316015199  6.956009E-15
5713.35951506757  7.054472E-15
5716.13586998315  6.982306E-15
5718.91222489873  6.705199E-15
5721.68857981431  6.984103E-15
5724.46493472989  6.892565E-15
5727.24128964546  6.813589E-15
5730.01764456105  6.599423E-15
5732.79399947663  6.697581E-15
5735.5703543922  6.619575E-15
5738.34670930778  6.875179E-15
5741.12306422336  6.808471E-15
5743.89941913894  6.649673E-15
5746.67577405452  6.889567E-15
5749.4521289701  6.912785E-15
5752.22848388568  6.455055E-15
5755.00483880126  6.828549E-15
5757.78119371684  6.749833E-15
5760.55754863242  6.554820E-15
5763.333903548  6.766037E-15
5766.11025846358  6.719051E-15
5768.88661337916  6.892061E-15
5771.66296829474  7.037224E-15
5774.43932321032  6.711092E-15
5777.2156781259  6.752831E-15
5779.99203304148  7.070554E-15
5782.76838795706  6.415595E-15
5785.54474287264  6.763035E-15
5788.32109778822  6.960522E-15
5791.0974527038  6.705417E-15
5793.87380761938  6.627935E-15
5796.65016253496  6.520662E-15
5799.42651745054  6.738593E-15
5802.20287236612  6.520868E-15
5804.9792272817  6.792615E-15
5807.75558219728  6.591229E-15
5810.53193711286  6.686077E-15
5813.30829202844  6.621603E-15
5816.08464694402  6.745413E-15
5818.8610018596  6.740622E-15
5821.63735677518  6.958883E-15
5824.41371169076  6.680196E-15
5827.19006660633  6.374071E-15
5829.96642152192  6.942515E-15
5832.74277643749  7.011656E-15
5835.51913135307  7.142787E-15
5838.29548626865  6.926108E-15
5841.07184118423  6.684900E-15
5843.84819609981  6.951596E-15
5846.62455101539  6.386307E-15
5849.40090593097  6.514984E-15
5852.17726084655  6.746914E-15
5854.95361576213  6.835896E-15
5857.72997067771  6.708818E-15
5860.50632559329  6.331357E-15
5863.28268050887  6.655368E-15
5866.05903542445  6.370798E-15
5868.83539034003  6.582568E-15
5871.61174525561  6.920219E-15
5874.38810017119  6.559917E-15
5877.16445508677  6.466971E-15
5879.94081000235  6.237278E-15
5882.71716491793  6.430039E-15
5885.49351983351  6.658575E-15
5888.26987474909  6.186849E-15
5891.04622966467  5.853904E-15
5893.82258458025  6.468110E-15
5896.59893949583  6.402051E-15
5899.37529441141  6.615932E-15
5902.15164932699  6.579560E-15
5904.92800424257  6.430091E-15
5907.70435915815  6.534796E-15
5910.48071407373  6.338357E-15
5913.25706898931  6.287205E-15
5916.03342390489  6.357276E-15
5918.80977882047  6.188041E-15
5921.58613373604  6.384395E-15
5924.36248865163  6.052161E-15
5927.1388435672  6.136428E-15
5929.91519848278  6.203552E-15
5932.69155339836  6.526087E-15
5935.46790831394  6.377224E-15
5938.24426322952  6.325110E-15
5941.0206181451  6.272426E-15
5943.79697306068  6.106284E-15
5946.57332797626  6.381642E-15
5949.34968289184  6.230644E-15
5952.12603780742  6.220257E-15
5954.902392723  6.256952E-15
5957.67874763858  6.323864E-15
5960.45510255416  6.504920E-15
5963.23145746974  6.537293E-15
5966.00781238532  6.338124E-15
5968.7841673009  6.158929E-15
5971.56052221648  6.283516E-15
5974.33687713206  6.416085E-15
5977.11323204764  6.232097E-15
5979.88958696322  6.146307E-15
5982.6659418788  6.212591E-15
5985.44229679438  6.361236E-15
5988.21865170996  6.241898E-15
5990.99500662554  6.290871E-15
5993.77136154112  6.503952E-15
5996.5477164567  5.940345E-15
5999.32407137228  5.719639E-15
6002.10042628786  6.263364E-15
6004.87678120344  6.258739E-15
6007.65313611902  6.232315E-15
6010.42949103459  6.386653E-15
6013.20584595018  6.327693E-15
6015.98220086575  6.315562E-15
6018.75855578134  6.021022E-15
6021.53491069691  6.131937E-15
6024.31126561249  6.340631E-15
6027.08762052807  6.382832E-15
6029.86397544365  6.284124E-15
6032.64033035923  6.092509E-15
6035.41668527481  5.757483E-15
6038.19304019039  5.889758E-15
6040.96939510597  6.146184E-15
6043.74575002155  6.288900E-15
6046.52210493713  6.646733E-15
6049.29845985271  6.055646E-15
6052.07481476829  6.090481E-15
6054.85116968387  6.100857E-15
6057.62752459945  6.033788E-15
6060.40387951503  6.407078E-15
6063.18023443061  6.293741E-15
6065.95658934619  6.122132E-15
6068.73294426177  5.889695E-15
6071.50929917735  6.071453E-15
6074.28565409293  5.839283E-15
6077.06200900851  5.953416E-15
6079.83836392409  6.313060E-15
6082.61471883967  6.383943E-15
6085.39107375525  6.395736E-15
6088.16742867083  6.111617E-15
6090.94378358641  5.984018E-15
6093.72013850199  6.299179E-15
6096.49649341757  6.277119E-15
6099.27284833315  5.991391E-15
6102.04920324873  5.948838E-15
6104.82555816431  5.978855E-15
6107.60191307989  6.082122E-15
6110.37826799546  6.346151E-15
6113.15462291105  6.285335E-15
6115.93097782662  6.404113E-15
6118.7073327422  6.128174E-15
6121.48368765778  5.784062E-15
6124.26004257336  5.882722E-15
6127.03639748894  5.967370E-15
6129.81275240452  5.988365E-15
6132.5891073201  6.033909E-15
6135.36546223568  5.546930E-15
6138.14181715126  5.745350E-15
6140.91817206684  5.938463E-15
6143.69452698242  5.900651E-15
6146.470881898  5.899277E-15
6149.24723681358  6.304636E-15
6152.02359172916  6.406344E-15
6154.79994664474  5.933176E-15
6157.57630156032  5.691273E-15
6160.3526564759  6.123725E-15
6163.12901139148  6.451756E-15
6165.90536630706  5.965585E-15
6168.68172122264  5.929273E-15
6171.45807613822  5.783209E-15
6174.2344310538  5.852611E-15
6177.01078596938  6.029424E-15
6179.78714088496  5.579228E-15
6182.56349580054  5.519600E-15
6185.33985071612  5.911093E-15
6188.1162056317  6.094654E-15
6190.89256054728  5.799174E-15
6193.66891546286  5.845516E-15
6196.44527037844  5.933671E-15
6199.22162529402  6.030008E-15
6201.9979802096  6.206171E-15
6204.77433512517  5.810411E-15
6207.55069004076  6.004426E-15
6210.32704495633  6.133964E-15
6213.10339987191  5.888320E-15
6215.87975478749  6.311414E-15
6218.65610970307  6.032453E-15
6221.43246461865  5.623171E-15
6224.20881953423  5.861508E-15
6226.98517444981  5.854286E-15
6229.76152936539  5.659377E-15
6232.53788428097  5.409941E-15
6235.31423919655  5.874765E-15
6238.09059411213  6.021558E-15
6240.86694902771  6.163816E-15
6243.64330394329  6.352567E-15
6246.41965885887  5.995588E-15
6249.19601377445  5.771480E-15
6251.97236869003  5.723194E-15
6254.74872360561  5.622155E-15
6257.52507852119  5.731754E-15
6260.30143343677  5.811376E-15
6263.07778835235  5.923019E-15
6265.85414326793  5.516936E-15
6268.63049818351  5.351007E-15
6271.40685309909  5.582241E-15
6274.18320801467  5.503445E-15
6276.95956293025  5.897145E-15
6279.73591784583  5.824486E-15
6282.51227276141  5.837153E-15
6285.28862767699  5.825236E-15
6288.06498259257  5.634522E-15
6290.84133750815  5.491223E-15
6293.61769242373  5.442868E-15
6296.39404733931  5.295729E-15
6299.17040225488  5.672567E-15
6301.94675717047  5.442706E-15
6304.72311208604  5.415035E-15
6307.49946700162  5.746007E-15
6310.2758219172  5.804505E-15
6313.05217683278  5.870842E-15
6315.82853174836  5.647042E-15
6318.60488666394  5.709124E-15
6321.38124157952  5.790684E-15
6324.1575964951  5.736883E-15
6326.93395141068  5.678976E-15
6329.71030632626  5.853447E-15
6332.48666124184  5.918713E-15
6335.26301615742  5.874549E-15
6338.039371073  5.784878E-15
6340.81572598858  5.571761E-15
6343.59208090416  5.523983E-15
6346.36843581974  5.370343E-15
6349.14479073532  5.637757E-15
6351.9211456509  6.082966E-15
6354.69750056648  5.705084E-15
6357.47385548206  5.446841E-15
6360.25021039764  5.759287E-15
6363.02656531322  5.790592E-15
6365.8029202288  5.399833E-15
6368.57927514438  5.912101E-15
6371.35563005996  6.042285E-15
6374.13198497554  5.647610E-15
6376.90833989111  5.603893E-15
6379.6846948067  5.515386E-15
6382.46104972228  5.863723E-15
6385.23740463786  5.190724E-15
6388.01375955344  5.235471E-15
6390.79011446902  5.639232E-15
6393.56646938459  5.710077E-15
6396.34282430017  5.839816E-15
6399.11917921575  5.439592E-15
6401.89553413133  5.662588E-15
6404.67188904691  5.803066E-15
6407.44824396249  5.610650E-15
6410.22459887807  5.618301E-15
6413.00095379365  5.690298E-15
6415.77730870923  5.630192E-15
6418.55366362481  5.234625E-15
6421.33001854039  5.587539E-15
6424.10637345597  5.761804E-15
6426.88272837155  5.208444E-15
6429.65908328713  5.161532E-15
6432.43543820271  5.462010E-15
6435.21179311829  5.626269E-15
6437.98814803387  5.545569E-15
6440.76450294945  5.336506E-15
6443.54085786503  5.604599E-15
6446.31721278061  5.774700E-15
6449.09356769619  5.704762E-15
6451.86992261177  5.437199E-15
6454.64627752735  5.351866E-15
6457.42263244293  5.610177E-15
6460.19898735851  5.374170E-15
6462.97534227409  5.226931E-15
6465.75169718967  5.381501E-15
6468.52805210525  5.338941E-15
6471.30440702083  5.288607E-15
6474.08076193641  5.237378E-15
6476.85711685199  5.368348E-15
6479.63347176757  5.271520E-15
6482.40982668315  5.384228E-15
6485.18618159872  5.336019E-15
6487.9625365143  5.295853E-15
6490.73889142988  5.381293E-15
6493.51524634546  5.431057E-15
6496.29160126104  5.418943E-15
6499.06795617662  5.223099E-15
6501.8443110922  5.630694E-15
6504.62066600778  5.614963E-15
6507.39702092336  5.388782E-15
6510.17337583894  5.346830E-15
6512.94973075452  5.278706E-15
6515.7260856701  5.345391E-15
6518.50244058568  5.519824E-15
6521.27879550126  5.415497E-15
6524.05515041684  5.249147E-15
6526.83150533242  5.317703E-15
6529.607860248  5.214022E-15
6532.38421516358  4.949498E-15
6535.16057007916  5.092644E-15
6537.93692499474  5.166251E-15
6540.71327991032  5.258411E-15
6543.4896348259  5.794473E-15
6546.26598974148  6.525436E-15
6549.04234465706  7.159865E-15
6551.81869957264  7.344290E-15
6554.59505448822  8.135572E-15
6557.3714094038  9.235238E-15
6560.14776431938  9.015448E-15
6562.92411923496  8.532632E-15
6565.70047415053  8.091081E-15
6568.47682906612  7.363016E-15
6571.25318398169  6.628798E-15
6574.02953889728  5.534089E-15
6576.80589381286  5.543363E-15
6579.58224872843  5.498702E-15
6582.35860364401  4.996407E-15
6585.13495855959  5.212270E-15
6587.91131347517  5.088183E-15
6590.68766839076  4.912194E-15
6593.46402330633  5.002649E-15
6596.24037822191  5.564165E-15
6599.01673313749  5.448414E-15
6601.79308805307  4.978991E-15
6604.56944296865  4.890480E-15
6607.34579788423  4.942668E-15
6610.12215279981  5.020400E-15
6612.89850771539  5.271146E-15
6615.67486263097  5.144923E-15
6618.45121754655  5.147933E-15
6621.22757246213  5.102038E-15
6624.00392737771  4.960911E-15
6626.78028229329  4.678569E-15
6629.55663720887  4.863971E-15
6632.33299212445  5.136493E-15
6635.10934704003  4.864023E-15
6637.88570195561  5.006060E-15
6640.66205687119  5.105517E-15
6643.43841178677  4.770670E-15
6646.21476670235  4.919134E-15
6648.99112161793  5.332344E-15
6651.76747653351  5.206943E-15
6654.54383144909  5.006612E-15
6657.32018636467  5.081021E-15
6660.09654128025  5.228200E-15
6662.87289619583  5.268414E-15
6665.64925111141  4.870118E-15
6668.42560602698  4.977833E-15
6671.20196094257  4.942340E-15
6673.97831585815  5.217458E-15
6676.75467077372  5.065852E-15
6679.5310256893  4.856582E-15
6682.30738060488  4.812776E-15
6685.08373552046  5.149812E-15
6687.86009043604  5.189688E-15
6690.63644535162  4.933283E-15
6693.4128002672  5.094938E-15
6696.18915518278  5.244023E-15
6698.96551009836  4.749543E-15
6701.74186501394  4.849695E-15
6704.51821992952  4.965474E-15
6707.2945748451  4.814388E-15
6710.07092976068  4.822377E-15
6712.84728467626  5.050682E-15
6715.62363959184  5.151674E-15
6718.39999450742  4.985543E-15
6721.176349423  4.877035E-15
6723.95270433858  4.919470E-15
6726.72905925416  4.954923E-15
6729.50541416974  4.919807E-15
6732.28176908532  4.979514E-15
6735.0581240009  4.974648E-15
6737.83447891648  4.991793E-15
6740.61083383206  5.129007E-15
6743.38718874764  4.936583E-15
6746.16354366322  4.801932E-15
6748.9398985788  5.042504E-15
6751.71625349438  5.194405E-15
6754.49260840996  4.933181E-15
6757.26896332554  4.970036E-15
6760.04531824112  5.174457E-15
6762.82167315669  4.889994E-15
6765.59802807227  4.990831E-15
6768.37438298785  4.738885E-15
6771.15073790343  4.769504E-15
6773.92709281901  4.898140E-15
6776.70344773459  5.168866E-15
6779.47980265018  4.962115E-15
6782.25615756575  4.980748E-15
6785.03251248133  5.174058E-15
6787.80886739691  5.308787E-15
6790.58522231249  5.215969E-15
6793.36157722807  4.902938E-15
6796.13793214365  4.857794E-15
6798.91428705923  4.524232E-15
6801.69064197481  4.581491E-15
6804.46699689039  4.666584E-15
6807.24335180597  4.888457E-15
6810.01970672155  5.151271E-15
6812.79606163713  4.815687E-15
6815.57241655271  4.678249E-15
6818.34877146829  4.828354E-15
6821.12512638387  4.902259E-15
6823.90148129945  5.007340E-15
6826.67783621503  4.897345E-15
6829.45419113061  4.598106E-15
6832.23054604619  4.642458E-15
6835.00690096177  5.097593E-15
6837.78325587735  4.970136E-15
6840.55961079293  4.732261E-15
6843.33596570851  4.782840E-15
6846.11232062409  4.860187E-15
6848.88867553967  5.171600E-15
6851.66503045524  5.162267E-15
6854.44138537082  4.743758E-15
6857.21774028641  4.876210E-15
6859.99409520199  4.846819E-15
6862.77045011756  5.085873E-15
6865.54680503314  4.770464E-15
6868.32315994872  4.907229E-15
6871.0995148643  4.942234E-15
6873.87586977988  4.868660E-15
6876.65222469546  4.693175E-15
6879.42857961104  4.837205E-15
6882.20493452662  4.974301E-15
6884.9812894422  4.796283E-15
6887.75764435778  4.892055E-15
6890.53399927336  4.856690E-15
6893.31035418894  4.576901E-15
6896.08670910452  4.692197E-15
6898.8630640201  4.945059E-15
6901.63941893568  5.047699E-15
6904.41577385126  4.919647E-15
6907.19212876684  4.765311E-15
6909.96848368242  4.608747E-15
6912.744838598  4.869292E-15
6915.52119351358  4.928518E-15
6918.29754842916  4.662753E-15
6921.07390334474  4.626747E-15
6923.85025826032  4.691786E-15
6926.6266131759  5.079127E-15
6929.40296809148  4.638872E-15
6932.17932300706  4.703541E-15
6934.95567792264  4.398799E-15
6937.73203283822  4.507580E-15
6940.5083877538  4.681840E-15
6943.28474266938  4.692168E-15
6946.06109758495  4.444270E-15
6948.83745250054  4.221155E-15
6951.61380741612  4.516082E-15
6954.39016233169  4.654357E-15
6957.16651724727  4.750299E-15
6959.94287216285  4.851319E-15
6962.71922707843  4.697404E-15
6965.49558199401  4.721036E-15
6968.27193690959  4.638775E-15
6971.04829182517  4.460552E-15
6973.82464674075  4.717013E-15
6976.60100165633  4.896098E-15
6979.37735657191  4.545341E-15
6982.15371148749  4.763041E-15
6984.93006640307  4.849527E-15
6987.70642131865  5.078339E-15
6990.48277623423  4.881202E-15
6993.25913114981  4.695653E-15
6996.03548606539  4.436457E-15
6998.81184098097  4.621918E-15
7001.58819589655  4.521769E-15
7004.36455081213  4.993012E-15
7007.14090572771  4.831732E-15
7009.91726064329  4.745213E-15
7012.69361555887  4.591163E-15
7015.46997047445  4.591793E-15
7018.24632539003  4.652680E-15
7021.02268030561  4.546294E-15
7023.79903522119  4.506518E-15
7026.57539013677  4.445940E-15
7029.35174505235  4.373911E-15
7032.12809996793  4.373660E-15
7034.90445488351  4.488426E-15
7037.68080979909  4.576035E-15
7040.45716471466  4.515603E-15
7043.23351963024  4.506068E-15
7046.00987454583  4.299725E-15
7048.7862294614  4.278622E-15
7051.56258437698  4.462576E-15
7054.33893929256  4.761525E-15
7057.11529420814  4.558454E-15
7059.89164912372  4.501706E-15
7062.6680040393  4.630126E-15
7065.44435895488  4.687982E-15
7068.22071387046  4.661101E-15
7070.99706878604  4.471387E-15
7073.77342370162  4.503724E-15
7076.5497786172  4.679600E-15
7079.32613353278  4.639779E-15
7082.10248844836  4.416374E-15
7084.87884336394  4.346259E-15
7087.65519827952  4.290290E-15
7090.4315531951  4.325474E-15
7093.20790811068  4.265535E-15
7095.98426302626  4.442474E-15
7098.76061794184  4.523371E-15
7101.53697285742  4.321530E-15
7104.313327773  4.284462E-15
7107.08968268858  3.996716E-15
7109.86603760416  4.219814E-15
7112.64239251974  4.604445E-15
7115.41874743532  4.673301E-15
7118.1951023509  4.246839E-15
7120.97145726648  4.063359E-15
7123.74781218206  4.312874E-15
7126.52416709764  4.334237E-15
7129.30052201322  4.392495E-15
7132.0768769288  4.170902E-15
7134.85323184437  4.471583E-15
7137.62958675996  4.156495E-15
7140.40594167553  3.844341E-15
7143.18229659112  4.362554E-15
7145.95865150669  4.242344E-15
7148.73500642227  4.372022E-15
7151.51136133785  4.450391E-15
7154.28771625343  4.255709E-15
7157.06407116901  4.129568E-15
7159.84042608459  4.145270E-15
7162.61678100017  4.265921E-15
7165.39313591575  4.140743E-15
7168.16949083133  4.034290E-15
7170.94584574691  4.245480E-15
7173.72220066249  4.390684E-15
7176.49855557807  4.266992E-15
7179.27491049365  4.208966E-15
7182.05126540923  4.126749E-15
7184.82762032481  3.995993E-15
7187.60397524039  3.980364E-15
7190.38033015597  4.141254E-15
7193.15668507155  4.015632E-15
7195.93303998713  3.971828E-15
7198.70939490271  3.803108E-15
7201.48574981829  3.841723E-15
7204.26210473387  4.085304E-15
7207.03845964945  4.123013E-15
7209.81481456503  4.085646E-15
7212.59116948061  4.187560E-15
7215.36752439619  4.165163E-15
7218.14387931177  4.533487E-15
7220.92023422735  4.501662E-15
7223.69658914293  4.250300E-15
7226.47294405851  4.121276E-15
7229.24929897409  3.810117E-15
7232.02565388966  4.124292E-15
7234.80200880524  4.426713E-15
7237.57836372083  4.308988E-15
7240.3547186364  4.281160E-15
7243.13107355198  4.336117E-15
7245.90742846756  3.979669E-15
7248.68378338314  4.033601E-15
7251.46013829872  4.119056E-15
7254.2364932143  4.011521E-15
7257.01284812988  4.389517E-15
7259.78920304546  4.355510E-15
7262.56555796104  4.071663E-15
7265.34191287662  3.940977E-15
7268.1182677922  3.936208E-15
7270.89462270778  4.024769E-15
7273.67097762336  3.884612E-15
7276.44733253894  3.910302E-15
7279.22368745452  3.900629E-15
7282.0000423701  3.765522E-15
7284.77639728568  4.106430E-15
7287.55275220126  4.150103E-15
7290.32910711684  3.673748E-15
7293.10546203242  3.684783E-15
7295.881816948  3.811928E-15
7298.65817186358  3.750830E-15
7301.43452677916  3.796688E-15
7304.21088169474  3.871268E-15
7306.98723661032  3.791476E-15
7309.7635915259  4.104581E-15
7312.53994644148  3.712041E-15
7315.31630135706  3.794634E-15
7318.09265627264  3.696954E-15
7320.86901118822  3.754867E-15
7323.6453661038  4.043147E-15
7326.42172101938  3.953444E-15
7329.19807593495  4.022307E-15
7331.97443085053  4.161733E-15
7334.75078576611  3.739779E-15
7337.52714068169  3.592484E-15
7340.30349559727  3.783833E-15
7343.07985051285  3.685811E-15
7345.85620542843  3.735078E-15
7348.63256034401  3.790875E-15
7351.40891525959  3.736519E-15
7354.18527017517  4.092608E-15
7356.96162509075  4.200625E-15
7359.73798000633  3.805532E-15
7362.51433492191  3.695852E-15
7365.29068983749  3.934016E-15
7368.06704475307  3.807971E-15
7370.84339966865  3.665465E-15
7373.61975458423  3.919832E-15
7376.39610949981  3.535219E-15
7379.17246441539  3.693057E-15
7381.94881933097  3.618008E-15
7384.72517424655  3.754685E-15
7387.50152916213  4.011835E-15
7390.27788407771  3.859292E-15
7393.05423899329  3.427769E-15
7395.83059390887  3.480834E-15
7398.60694882445  3.777239E-15
7401.38330374003  3.825106E-15
7404.15965865561  3.872166E-15
7406.93601357119  3.963595E-15
7409.71236848677  3.843985E-15
7412.48872340235  3.642019E-15
7415.26507831793  3.712730E-15
7418.04143323351  3.904275E-15
7420.81778814909  3.733784E-15
7423.59414306466  3.640818E-15
7426.37049798024  3.830826E-15
7429.14685289582  3.601472E-15
7431.9232078114  3.794650E-15
7434.69956272698  3.636751E-15
7437.47591764256  3.825104E-15
7440.25227255814  3.676641E-15
7443.02862747372  3.488886E-15
7445.8049823893  3.582803E-15
7448.58133730488  3.619983E-15
7451.35769222046  3.604589E-15
7454.13404713604  3.417325E-15
7456.91040205162  3.708558E-15
7459.6867569672  3.833126E-15
7462.46311188278  3.779948E-15
7465.23946679836  3.618905E-15
7468.01582171394  3.491889E-15
7470.79217662952  3.702137E-15
7473.5685315451  3.625379E-15
7476.34488646068  3.579657E-15
7479.12124137626  3.473534E-15
7481.89759629184  3.612064E-15
7484.67395120742  3.714905E-15
7487.450306123  3.893251E-15
7490.22666103858  3.668341E-15
7493.00301595416  3.608306E-15
7495.77937086974  3.442752E-15
7498.55572578532  3.488061E-15
7501.3320807009  3.587079E-15
7504.10843561648  3.643012E-15
7506.88479053206  3.512920E-15
7509.66114544764  3.566177E-15
7512.43750036321  3.548247E-15
7515.2138552788  3.510475E-15
7517.99021019437  3.718487E-15
7520.76656510995  3.682569E-15
7523.54292002553  3.630776E-15
7526.31927494111  3.707322E-15
7529.09562985669  3.629812E-15
7531.87198477227  3.732810E-15
7534.64833968785  3.666474E-15
7537.42469460343  3.678622E-15
7540.20104951901  3.964942E-15
7542.97740443459  3.815056E-15
7545.75375935017  3.776150E-15
7548.53011426575  3.730494E-15
7551.30646918133  3.628392E-15
7554.08282409691  3.923028E-15
7556.85917901249  3.860331E-15
7559.63553392807  3.807284E-15
7562.41188884365  3.628970E-15
7565.18824375923  3.862266E-15
7567.96459867481  3.843961E-15
7570.74095359039  3.540717E-15
7573.51730850597  3.684988E-15
7576.29366342155  3.571987E-15
7579.07001833713  3.443463E-15
7581.84637325271  3.667486E-15
7584.62272816829  3.585976E-15
7587.39908308387  3.530986E-15
7590.17543799945  3.570159E-15
7592.95179291503  3.518394E-15
7595.72814783061  3.640081E-15
7598.50450274619  3.652337E-15
7601.28085766177  3.696902E-15
7604.05721257735  3.466170E-15
7606.83356749292  2.487824E-15
7609.60992240851  3.248801E-15
7612.38627732408  3.822431E-15
7615.16263223967  3.482187E-15
7617.93898715524  3.833647E-15
7620.71534207082  3.454786E-15
7623.4916969864  3.100919E-15
7626.26805190198  3.210870E-15
7629.04440681756  3.360962E-15
7631.82076173314  3.501286E-15
7634.59711664872  3.696881E-15
7637.3734715643  3.638384E-15
7640.14982647988  3.525163E-15
7642.92618139546  3.318665E-15
7645.70253631104  3.235099E-15
7648.47889122662  3.825058E-15
7651.2552461422  3.482428E-15
7654.03160105778  3.223992E-15
7656.80795597336  3.594842E-15
7659.58431088894  3.685361E-15
7662.36066580452  3.672675E-15
7665.1370207201  3.243014E-15
7667.91337563568  3.459498E-15
7670.68973055126  3.583710E-15
7673.46608546684  3.488537E-15
7676.24244038242  3.354935E-15
7679.018795298  3.430016E-15
7681.79515021358  3.347535E-15
7684.57150512916  3.122884E-15
7687.34786004474  3.236472E-15
7690.12421496032  3.224241E-15
7692.9005698759  3.051684E-15
7695.67692479148  3.108031E-15
7698.45327970706  3.236910E-15
7701.22963462264  3.396098E-15
7704.00598953821  3.136119E-15
7706.78234445379  3.164610E-15
7709.55869936937  3.642677E-15
7712.33505428495  3.219214E-15
7715.11140920053  3.138077E-15
7717.88776411611  3.374252E-15
7720.66411903169  3.301818E-15
7723.44047394727  3.085296E-15
7726.21682886285  3.371191E-15
7728.99318377843  3.358238E-15
7731.76953869401  3.290571E-15
7734.54589360959  3.257329E-15
7737.32224852517  3.111471E-15
7740.09860344075  3.281749E-15
7742.87495835633  3.393068E-15
7745.65131327191  3.124948E-15
7748.42766818749  3.085963E-15
7751.20402310307  3.349314E-15
7753.98037801865  3.371349E-15
7756.75673293423  3.137617E-15
7759.53308784981  3.044863E-15
7762.30944276539  3.205562E-15
7765.08579768097  3.232303E-15
7767.86215259655  2.927631E-15
7770.63850751213  3.239826E-15
7773.41486242771  3.213273E-15
7776.19121734329  2.990349E-15
7778.96757225887  2.961979E-15
7781.74392717445  3.244269E-15
7784.52028209003  3.276383E-15
7787.29663700561  3.094696E-15
7790.07299192119  3.265045E-15
7792.84934683677  3.281758E-15
7795.62570175234  3.153601E-15
7798.40205666793  3.434226E-15
7801.1784115835  3.484626E-15
7803.95476649909  3.186245E-15
7806.73112141466  3.167202E-15
7809.50747633024  3.109420E-15
7812.28383124582  3.000738E-15
7815.0601861614  3.188082E-15
7817.83654107698  3.550975E-15
7820.61289599256  3.150281E-15
7823.38925090814  2.899802E-15
7826.16560582372  3.199150E-15
7828.9419607393  3.254676E-15
7831.71831565488  3.205059E-15
7834.49467057046  3.099553E-15
7837.27102548604  2.968975E-15
7840.04738040162  3.034898E-15
7842.8237353172  3.150916E-15
7845.60009023278  3.158170E-15
7848.37644514836  3.079027E-15
7851.15280006394  3.046070E-15
7853.92915497952  3.132024E-15
7856.7055098951  3.200615E-15
7859.48186481068  3.269846E-15
7862.25821972626  3.263751E-15
7865.03457464184  3.070844E-15
7867.81092955742  3.130204E-15
7870.587284473  3.237115E-15
7873.36363938858  3.103323E-15
7876.13999430416  2.891320E-15
7878.91634921974  3.238233E-15
7881.69270413532  3.318789E-15
7884.4690590509  3.018852E-15
7887.24541396648  3.100233E-15
7890.02176888206  2.988622E-15
7892.79812379764  3.208880E-15
7895.57447871321  3.203996E-15
7898.3508336288  2.953759E-15
7901.12718854437  3.014389E-15
7903.90354345995  3.194709E-15
7906.67989837553  3.046436E-15
7909.45625329111  3.007455E-15
7912.23260820669  3.068262E-15
7915.00896312227  2.883003E-15
7917.78531803785  3.156535E-15
7920.56167295343  3.263478E-15
7923.33802786901  2.962075E-15
7926.11438278459  3.028094E-15
7928.89073770017  2.791264E-15
7931.66709261575  3.355244E-15
7934.44344753133  3.115520E-15
7937.21980244691  2.897055E-15
7939.99615736249  2.995873E-15
7942.77251227807  3.155136E-15
7945.54886719365  3.028658E-15
7948.32522210923  2.764869E-15
7951.10157702481  2.971861E-15
7953.87793194039  2.976029E-15
7956.65428685597  2.933239E-15
7959.43064177155  3.033721E-15
7962.20699668713  2.861930E-15
7964.98335160271  2.610273E-15
7967.75970651829  2.651172E-15
7970.53606143387  3.198984E-15
7973.31241634945  3.538945E-15
7976.08877126503  3.241374E-15
7978.86512618061  2.926349E-15
7981.64148109619  2.772704E-15
7984.41783601176  3.020120E-15
7987.19419092735  3.120428E-15
7989.97054584292  3.180919E-15
7992.74690075851  2.997790E-15
7995.52325567408  2.945863E-15
7998.29961058966  3.096893E-15
8001.07596550524  3.107036E-15
8003.85232042082  2.995535E-15
8006.6286753364  2.890209E-15
8009.40503025198  3.006082E-15
8012.18138516756  3.031242E-15
8014.95774008314  2.878864E-15
8017.73409499872  2.858446E-15
8020.5104499143  2.971603E-15
8023.28680482988  2.997987E-15
8026.06315974546  2.753786E-15
8028.83951466104  2.833996E-15
8031.61586957662  2.854892E-15
8034.3922244922  3.080722E-15
8037.16857940778  3.228569E-15
8039.94493432336  2.755340E-15
8042.72128923894  2.939152E-15
8045.49764415452  3.002134E-15
8048.2739990701  2.599017E-15
8051.05035398568  2.749275E-15
8053.82670890126  3.072585E-15
8056.60306381684  2.862639E-15
8059.37941873242  2.894873E-15
8062.155773648  3.031451E-15
8064.93212856357  2.652032E-15
8067.70848347916  2.779678E-15
8070.48483839474  3.120565E-15
8073.26119331031  2.763929E-15
8076.03754822589  2.697045E-15
8078.81390314148  2.817138E-15
8081.59025805706  3.045145E-15
8084.36661297263  2.915111E-15
8087.14296788822  2.732890E-15
8089.91932280379  3.017374E-15
8092.69567771937  2.938520E-15
8095.47203263495  2.718777E-15
8098.24838755053  2.805651E-15
8101.02474246611  2.838910E-15
8103.80109738169  2.895292E-15
8106.57745229727  2.970211E-15
8109.35380721285  2.779732E-15
8112.13016212843  2.866492E-15
8114.90651704401  3.049530E-15
8117.68287195959  3.052829E-15
8120.45922687517  2.946978E-15
8123.23558179075  2.823446E-15
8126.01193670633  2.828318E-15
8128.78829162191  2.666791E-15
8131.56464653749  2.619485E-15
8134.34100145307  2.746047E-15
8137.11735636865  2.649955E-15
8139.89371128423  2.445854E-15
8142.67006619981  2.565000E-15
8145.44642111539  2.613599E-15
8148.22277603097  2.455468E-15
8150.99913094655  2.525767E-15
8153.77548586213  2.605200E-15
8156.55184077771  2.596958E-15
8159.32819569329  2.564132E-15
8162.10455060886  2.398068E-15
8164.88090552445  2.664852E-15
8167.65726044003  2.611843E-15
8170.43361535561  2.507055E-15
8173.20997027118  2.755870E-15
8175.98632518676  2.637008E-15
8178.76268010234  2.579871E-15
8181.53903501792  2.684184E-15
8184.3153899335  2.718522E-15
8187.09174484908  2.582155E-15
8189.86809976466  2.726579E-15
8192.64445468024  2.673524E-15
8195.42080959582  2.756636E-15
8198.1971645114  2.714734E-15
8200.97351942698  2.620997E-15
8203.74987434256  2.841887E-15
8206.52622925814  2.998328E-15
8209.30258417372  2.949575E-15
8212.0789390893  2.773692E-15
8214.85529400488  2.845915E-15
8217.63164892046  2.907662E-15
8220.40800383604  2.547908E-15
8223.18435875162  2.335500E-15
8225.9607136672  2.466047E-15
8228.73706858278  2.532270E-15
8231.51342349836  2.596340E-15
8234.28977841394  2.765005E-15
8237.06613332952  2.912661E-15
8239.8424882451  2.884341E-15
8242.61884316068  3.032565E-15
8245.39519807626  2.568511E-15
8248.17155299184  3.078769E-15
8250.94790790742  2.903906E-15
8253.724262823  2.943311E-15
8256.50061773858  2.916641E-15
8259.27697265415  2.753457E-15
8262.05332756974  3.013238E-15
8264.82968248532  2.832788E-15
8267.60603740089  2.922710E-15
8270.38239231647  2.775132E-15
8273.15874723205  2.615531E-15
8275.93510214764  2.733236E-15
8278.71145706321  2.720438E-15
8281.48781197879  2.888139E-15
8284.26416689437  2.763205E-15
8287.04052180995  2.702051E-15
8289.81687672553  3.124588E-15
8292.59323164111  3.171221E-15
8295.36958655669  2.946486E-15
8298.14594147227  2.689199E-15
8300.92229638785  2.575409E-15
8303.69865130343  2.801253E-15
8306.47500621901  2.950399E-15
8309.25136113459  2.745480E-15
8312.02771605017  2.508205E-15
8314.80407096575  2.459973E-15
8317.58042588133  2.965735E-15
8320.35678079691  3.008368E-15
8323.13313571249  2.654769E-15
8325.90949062807  2.588386E-15
8328.68584554365  2.737100E-15
8331.46220045923  2.914346E-15
8334.23855537481  2.808901E-15
8337.01491029039  2.514436E-15
8339.79126520597  2.384731E-15
8342.56762012155  2.568372E-15
8345.34397503712  2.976521E-15
8348.12032995271  2.795108E-15
8350.89668486829  2.989777E-15
8353.67303978387  2.974130E-15
8356.44939469944  2.695842E-15
8359.22574961502  2.485655E-15
8362.00210453061  2.558705E-15
8364.77845944619  2.608640E-15
8367.55481436176  2.627152E-15
8370.33116927734  2.988748E-15
8373.10752419292  2.820417E-15
8375.8838791085  2.709886E-15
8378.66023402408  2.977170E-15
8381.43658893966  3.040396E-15
8384.21294385524  2.972191E-15
8386.98929877082  3.028650E-15
8389.7656536864  3.019266E-15
8392.54200860198  2.622146E-15
8395.31836351756  2.757762E-15
8398.09471843314  2.963483E-15
8400.87107334872  3.102825E-15
8403.6474282643  2.967567E-15
8406.42378317988  2.871543E-15
8409.20013809546  2.989012E-15
8411.97649301104  2.915543E-15
8414.75284792662  2.536819E-15
8417.5292028422  2.580252E-15
8420.30555775778  2.644586E-15
8423.08191267336  2.756768E-15
8425.85826758894  2.761696E-15
8428.63462250452  2.787150E-15
8431.4109774201  2.969859E-15
8434.18733233568  3.156055E-15
8436.96368725126  3.002604E-15
8439.74004216684  2.743106E-15
8442.51639708242  2.963764E-15
8445.292751998  2.922383E-15
8448.06910691358  2.701326E-15
8450.84546182916  2.683750E-15
8453.62181674473  2.636610E-15
8456.39817166031  2.657409E-15
8459.1745265759  2.464733E-15
8461.95088149147  2.541242E-15
8464.72723640705  2.629397E-15
8467.50359132263  2.757798E-15
8470.27994623821  2.847937E-15
8473.05630115379  2.719338E-15
8475.83265606937  2.536757E-15
8478.60901098495  2.374234E-15
8481.38536590053  2.519753E-15
8484.16172081611  2.644444E-15
8486.93807573169  2.497976E-15
8489.71443064727  2.403642E-15
8492.49078556285  2.450274E-15
8495.26714047843  2.768411E-15
8498.04349539401  3.008535E-15
8500.81985030959  2.741827E-15
8503.59620522517  2.511031E-15
8506.37256014075  2.732518E-15
8509.14891505633  2.777054E-15
8511.92526997191  2.639832E-15
8514.70162488749  2.806557E-15
8517.47797980307  2.521810E-15
8520.25433471865  2.363817E-15
8523.03068963423  2.407396E-15
8525.80704454981  2.416786E-15
8528.58339946539  2.473761E-15
8531.35975438097  2.473156E-15
8534.13610929655  2.378157E-15
8536.91246421213  2.623232E-15
8539.6888191277  2.740228E-15
8542.46517404328  2.421657E-15
8545.24152895887  2.349333E-15
8548.01788387445  2.497456E-15
8550.79423879002  2.651615E-15
8553.5705937056  2.661503E-15
8556.34694862118  2.627102E-15
8559.12330353676  2.509676E-15
8561.89965845234  2.753968E-15
8564.67601336792  2.332625E-15
8567.4523682835  2.477707E-15
8570.22872319908  2.483512E-15
8573.00507811466  2.648952E-15
8575.78143303024  2.347447E-15
8578.55778794582  2.465206E-15
8581.3341428614  2.485038E-15
8584.11049777698  2.398858E-15
8586.88685269256  2.346627E-15
8589.66320760814  2.577512E-15
8592.43956252372  2.850112E-15
8595.2159174393  2.632427E-15
8597.99227235488  2.501346E-15
8600.76862727046  2.626029E-15
8603.54498218604  2.669426E-15
8606.32133710162  2.583184E-15
8609.0976920172  2.700441E-15
8611.87404693278  2.557274E-15
8614.65040184836  2.285752E-15
8617.42675676394  2.496611E-15
8620.20311167952  2.448040E-15
8622.97946659509  2.613688E-15
8625.75582151068  2.780605E-15
8628.53217642626  2.940841E-15
8631.30853134184  2.706473E-15
8634.08488625742  2.630543E-15
8636.861241173  2.485350E-15
8639.63759608857  2.525193E-15
8642.41395100416  2.498095E-15
8645.19030591974  2.288247E-15
8647.96666083531  2.393580E-15
8650.74301575089  2.627060E-15
8653.51937066647  2.730340E-15
8656.29572558205  2.493714E-15
8659.07208049763  2.484258E-15
8661.84843541321  2.703111E-15
8664.62479032879  2.627092E-15
8667.40114524437  2.573672E-15
8670.17750015995  2.522407E-15
8672.95385507553  2.256986E-15
8675.73020999111  2.495787E-15
8678.50656490669  2.834107E-15
8681.28291982227  2.568384E-15
8684.05927473785  2.588945E-15
8686.83562965343  2.414524E-15
8689.61198456901  2.483867E-15
8692.38833948459  2.249348E-15
8695.16469440017  2.312866E-15
8697.94104931575  2.428918E-15
8700.71740423133  2.510445E-15
8703.49375914691  2.784790E-15
8706.27011406249  2.446309E-15
8709.04646897807  2.510604E-15
8711.82282389365  2.351712E-15
8714.59917880923  2.600482E-15
8717.37553372481  2.939307E-15
8720.15188864039  2.789451E-15
8722.92824355597  2.437699E-15
8725.70459847155  2.384435E-15
8728.48095338713  2.474142E-15
8731.25730830271  2.584425E-15
8734.03366321828  2.556002E-15
8736.81001813386  2.461181E-15
8739.58637304945  2.596200E-15
8742.36272796502  2.539586E-15
8745.1390828806  2.577476E-15
8747.91543779618  2.395002E-15
8750.69179271176  2.034787E-15
8753.46814762734  2.229350E-15
8756.24450254292  2.691032E-15
8759.0208574585  2.612252E-15
8761.79721237408  2.359693E-15
8764.57356728966  2.519946E-15
8767.34992220524  2.442116E-15
8770.12627712082  2.642229E-15
8772.9026320364  2.364789E-15
8775.67898695198  2.686998E-15
8778.45534186756  2.564898E-15
8781.23169678314  2.672460E-15
8784.00805169872  2.378481E-15
8786.7844066143  2.372725E-15
8789.56076152988  2.088530E-15
8792.33711644546  2.077834E-15
8795.11347136104  2.484041E-15
8797.88982627662  2.251714E-15
8800.6661811922  2.396945E-15
8803.44253610778  2.352411E-15
8806.21889102336  1.926227E-15
8808.99524593894  2.121809E-15
8811.77160085452  2.001733E-15
8814.5479557701  1.723805E-15
8817.32431068567  2.030775E-15
8820.10066560126  2.022570E-15
8822.87702051683  1.907155E-15
8825.65337543242  1.846388E-15
8828.429730348  1.910348E-15
8831.20608526358  2.319228E-15
