3861.5307863759  6.500706E-15
3864.30714129148  9.830793E-15
3867.08349620706  9.557240E-15
3869.85985112264  1.094277E-14
3872.63620603822  1.058479E-14
3875.4125609538  1.267616E-14
3878.18891586938  8.564613E-15
3880.96527078496  9.107559E-15
3883.74162570054  7.915116E-15
3886.51798061612  7.377832E-15
3889.2943355317  6.382817E-15
3892.07069044728  7.613770E-15
3894.84704536286  7.960110E-15
3897.62340027844  7.720011E-15
3900.39975519402  7.822619E-15
3903.1761101096  8.204554E-15
3905.95246502518  9.631140E-15
3908.72881994076  1.073445E-14
3911.50517485634  9.628536E-15
3914.28152977192  9.335086E-15
3917.0578846875  8.369160E-15
3919.83423960308  6.929435E-15
3922.61059451866  8.476851E-15
3925.38694943424  8.579401E-15
3928.16330434982  8.612432E-15
3930.9396592654  7.796981E-15
3933.71601418098  9.382857E-15
3936.49236909656  9.522538E-15
3939.26872401214  8.550756E-15
3942.04507892772  7.098978E-15
3944.82143384329  7.650502E-15
3947.59778875887  8.891195E-15
3950.37414367445  9.605477E-15
3953.15049859003  7.172888E-15
3955.92685350561  5.947367E-15
3958.70320842119  7.937467E-15
3961.47956333677  5.924860E-15
3964.25591825235  5.976913E-15
3967.03227316793  7.611203E-15
3969.80862808351  8.136589E-15
3972.58498299909  7.598431E-15
3975.36133791467  6.475355E-15
3978.13769283025  7.406631E-15
3980.91404774583  6.941760E-15
3983.69040266141  5.911980E-15
3986.46675757699  6.623257E-15
3989.24311249257  8.804681E-15
3992.01946740815  8.251339E-15
3994.79582232373  7.463752E-15
3997.57217723931  7.816799E-15
4000.34853215489  9.292123E-15
4003.12488707047  7.726435E-15
4005.90124198605  8.149341E-15
4008.67759690163  6.743604E-15
4011.45395181721  6.923170E-15
4014.23030673279  7.188271E-15
4017.00666164837  5.875832E-15
4019.78301656395  5.639363E-15
4022.55937147953  6.509607E-15
4025.33572639511  7.534982E-15
4028.11208131069  8.477099E-15
4030.88843622627  8.802119E-15
4033.66479114185  7.860470E-15
4036.44114605743  7.524555E-15
4039.21750097301  7.068170E-15
4041.99385588858  7.743248E-15
4044.77021080416  8.507540E-15
4047.54656571974  8.193419E-15
4050.32292063532  7.914657E-15
4053.0992755509  8.093423E-15
4055.87563046648  8.135263E-15
4058.65198538206  8.542916E-15
4061.42834029764  8.074276E-15
4064.20469521322  9.025874E-15
4066.9810501288  7.427866E-15
4069.75740504438  8.374657E-15
4072.53375995996  9.073480E-15
4075.31011487554  6.925826E-15
4078.08646979112  7.157280E-15
4080.8628247067  7.226177E-15
4083.63917962228  7.425115E-15
4086.41553453786  8.411135E-15
4089.19188945344  8.238191E-15
4091.96824436902  7.459845E-15
4094.7445992846  7.208282E-15
4097.52095420018  6.734400E-15
4100.29730911576  7.958136E-15
4103.07366403134  6.937906E-15
4105.85001894692  7.035318E-15
4108.6263738625  7.512913E-15
4111.40272877808  7.158509E-15
4114.17908369366  7.912228E-15
4116.95543860924  7.236883E-15
4119.73179352482  7.649816E-15
4122.5081484404  8.601521E-15
4125.28450335598  7.861205E-15
4128.06085827156  8.755504E-15
4130.83721318714  8.586879E-15
4133.61356810271  7.493564E-15
4136.38992301829  7.733546E-15
4139.16627793387  7.441848E-15
4141.94263284945  7.509741E-15
4144.71898776503  8.088767E-15
4147.49534268061  8.023633E-15
4150.27169759619  7.635685E-15
4153.04805251177  7.532532E-15
4155.82440742735  7.750362E-15
4158.60076234293  8.574950E-15
4161.37711725851  7.584945E-15
4164.15347217409  7.333729E-15
4166.92982708967  8.368598E-15
4169.70618200525  8.686436E-15
4172.48253692083  8.770329E-15
4175.25889183641  7.439712E-15
4178.03524675199  7.744706E-15
4180.81160166757  8.272772E-15
4183.58795658315  8.276986E-15
4186.36431149873  8.163967E-15
4189.14066641431  8.401581E-15
4191.91702132989  8.699644E-15
4194.69337624547  8.502773E-15
4197.46973116105  7.831185E-15
4200.24608607663  8.472909E-15
4203.02244099221  7.858672E-15
4205.79879590779  7.833192E-15
4208.57515082337  7.712079E-15
4211.35150573895  7.706315E-15
4214.12786065453  8.583170E-15
4216.90421557011  7.630944E-15
4219.68057048569  7.860583E-15
4222.45692540127  7.958019E-15
4225.23328031684  7.106187E-15
4228.00963523242  8.259255E-15
4230.785990148  8.498857E-15
4233.56234506358  7.913400E-15
4236.33869997916  8.016964E-15
4239.11505489474  8.015515E-15
4241.89140981032  7.233192E-15
4244.6677647259  7.932507E-15
4247.44411964148  8.056082E-15
4250.22047455706  7.405460E-15
4252.99682947264  7.965479E-15
4255.77318438822  8.019898E-15
4258.5495393038  8.836730E-15
4261.32589421938  8.106131E-15
4264.10224913496  8.030703E-15
4266.87860405054  8.158825E-15
4269.65495896612  7.980871E-15
4272.4313138817  8.337112E-15
4275.20766879728  7.931698E-15
4277.98402371286  7.492053E-15
4280.76037862844  7.447685E-15
4283.53673354402  8.584309E-15
4286.3130884596  7.956288E-15
4289.08944337518  7.089927E-15
4291.86579829076  7.670773E-15
4294.64215320634  7.440193E-15
4297.41850812192  7.643298E-15
4300.1948630375  7.117758E-15
4302.97121795308  7.959752E-15
4305.74757286866  7.000075E-15
4308.52392778424  7.279755E-15
4311.30028269982  7.935430E-15
4314.0766376154  7.911641E-15
4316.85299253098  7.193967E-15
4319.62934744656  7.376227E-15
4322.40570236213  7.492899E-15
4325.18205727771  7.191570E-15
4327.95841219329  7.595423E-15
4330.73476710887  7.643277E-15
4333.51112202445  7.300585E-15
4336.28747694003  6.526747E-15
4339.06383185561  6.803101E-15
4341.84018677119  7.093225E-15
4344.61654168677  6.310644E-15
4347.39289660235  6.592050E-15
4350.16925151793  6.577271E-15
4352.94560643351  6.391202E-15
4355.72196134909  6.932896E-15
4358.49831626467  6.874039E-15
4361.27467118025  6.564681E-15
4364.05102609583  7.043987E-15
4366.82738101141  7.337797E-15
4369.60373592699  7.361549E-15
4372.38009084257  7.674445E-15
4375.15644575815  7.870041E-15
4377.93280067373  7.142108E-15
4380.70915558931  7.601992E-15
4383.48551050489  7.564429E-15
4386.26186542047  7.668989E-15
4389.03822033605  7.993267E-15
4391.81457525163  8.034936E-15
4394.59093016721  7.630197E-15
4397.36728508279  7.980408E-15
4400.14363999837  7.574622E-15
4402.91999491395  7.419153E-15
4405.69634982953  7.152931E-15
4408.47270474511  7.556249E-15
4411.24905966069  7.894219E-15
4414.02541457626  8.443769E-15
4416.80176949185  7.712057E-15
4419.57812440742  8.004809E-15
4422.354479323  7.634979E-15
4425.13083423858  7.109602E-15
4427.90718915416  8.074158E-15
4430.68354406974  7.781868E-15
4433.45989898532  7.475337E-15
4436.2362539009  8.210998E-15
4439.01260881648  7.242107E-15
4441.78896373206  7.692085E-15
4444.56531864764  7.497588E-15
4447.34167356322  8.094708E-15
4450.1180284788  8.379904E-15
4452.89438339438  7.475855E-15
4455.67073830996  8.165096E-15
4458.44709322554  7.967736E-15
4461.22344814112  7.158857E-15
4463.9998030567  7.644842E-15
4466.77615797228  8.137139E-15
4469.55251288786  8.016704E-15
4472.32886780344  7.423301E-15
4475.10522271902  7.157576E-15
4477.8815776346  7.263287E-15
4480.65793255018  7.895673E-15
4483.43428746576  7.387555E-15
4486.21064238134  7.449299E-15
4488.98699729692  7.747336E-15
4491.7633522125  7.483668E-15
4494.53970712808  7.347564E-15
4497.31606204366  7.871642E-15
4500.09241695924  7.586623E-15
4502.86877187482  7.595122E-15
4505.64512679039  7.789404E-15
4508.42148170598  7.076191E-15
4511.19783662155  6.933127E-15
4513.97419153713  7.364442E-15
4516.75054645271  7.254944E-15
4519.52690136829  7.030897E-15
4522.30325628387  7.607096E-15
4525.07961119945  7.015766E-15
4527.85596611503  7.736458E-15
4530.63232103061  7.814317E-15
4533.40867594619  7.311072E-15
4536.18503086177  7.611956E-15
4538.96138577735  7.503576E-15
4541.73774069293  7.446476E-15
4544.51409560851  7.860075E-15
4547.29045052409  7.745847E-15
4550.06680543967  7.464567E-15
4552.84316035525  7.541491E-15
4555.61951527083  7.599666E-15
4558.39587018641  7.680127E-15
4561.17222510199  7.586900E-15
4563.94858001757  7.731623E-15
4566.72493493315  7.643124E-15
4569.50128984873  7.420328E-15
4572.27764476431  7.789532E-15
4575.05399967989  6.988631E-15
4577.83035459547  7.585252E-15
4580.60670951105  7.684527E-15
4583.38306442663  7.202371E-15
4586.15941934221  7.442694E-15
4588.93577425779  7.961547E-15
4591.71212917337  8.316939E-15
4594.48848408895  7.897762E-15
4597.26483900453  7.665192E-15
4600.0411939201  7.237366E-15
4602.81754883568  7.764725E-15
4605.59390375127  8.583815E-15
4608.37025866684  7.366066E-15
4611.14661358242  7.341507E-15
4613.922968498  8.237692E-15
4616.69932341358  7.812297E-15
4619.47567832916  7.862570E-15
4622.25203324474  8.066755E-15
4625.02838816032  7.471018E-15
4627.8047430759  7.921608E-15
4630.58109799148  7.611836E-15
4633.35745290706  7.366441E-15
4636.13380782264  8.014509E-15
4638.91016273822  8.481414E-15
4641.6865176538  8.111669E-15
4644.46287256938  7.708492E-15
4647.23922748496  7.886155E-15
4650.01558240054  7.970974E-15
4652.79193731612  9.002608E-15
4655.5682922317  8.481855E-15
4658.34464714728  8.488206E-15
4661.12100206286  8.029210E-15
4663.89735697844  7.742203E-15
4666.67371189402  7.701739E-15
4669.4500668096  7.797682E-15
4672.22642172518  7.769633E-15
4675.00277664076  7.902578E-15
4677.77913155634  7.883084E-15
4680.55548647192  8.112052E-15
4683.3318413875  7.839004E-15
4686.10819630308  7.646835E-15
4688.88455121866  7.710999E-15
4691.66090613424  8.576022E-15
4694.43726104982  8.218751E-15
4697.21361596539  8.361295E-15
4699.98997088097  8.486393E-15
4702.76632579655  7.826866E-15
4705.54268071213  8.031785E-15
4708.31903562771  7.468613E-15
4711.09539054329  7.574878E-15
4713.87174545887  7.310749E-15
4716.64810037445  7.540388E-15
4719.42445529003  7.050336E-15
4722.20081020561  7.446234E-15
4724.97716512119  7.750507E-15
4727.75352003677  7.907604E-15
4730.52987495235  8.170537E-15
4733.30622986793  7.960910E-15
4736.08258478351  7.900221E-15
4738.85893969909  7.586239E-15
4741.63529461467  7.264005E-15
4744.41164953025  7.699688E-15
4747.18800444583  7.415333E-15
4749.96435936141  7.647483E-15
4752.74071427699  7.914351E-15
4755.51706919257  8.067348E-15
4758.29342410815  7.459131E-15
4761.06977902373  7.518119E-15
4763.84613393931  7.637301E-15
4766.62248885489  7.144836E-15
4769.39884377047  7.381029E-15
4772.17519868605  7.677066E-15
4774.95155360163  7.210955E-15
4777.72790851721  7.627090E-15
4780.50426343279  7.882598E-15
4783.28061834837  7.590263E-15
4786.05697326394  6.596255E-15
4788.83332817953  6.818007E-15
4791.6096830951  7.506106E-15
4794.38603801068  7.009520E-15
4797.16239292626  7.471291E-15
4799.93874784184  7.160045E-15
4802.71510275742  7.436419E-15
4805.491457673  7.641300E-15
4808.26781258858  7.417126E-15
4811.04416750416  7.296500E-15
4813.82052241974  7.745041E-15
4816.59687733532  7.903310E-15
4819.3732322509  7.473815E-15
4822.14958716648  7.228757E-15
4824.92594208206  7.216119E-15
4827.70229699764  7.292437E-15
4830.47865191322  7.141774E-15
4833.2550068288  7.432225E-15
4836.03136174438  7.988873E-15
4838.80771665996  7.711884E-15
4841.58407157554  7.292719E-15
4844.36042649112  7.131442E-15
4847.1367814067  7.041248E-15
4849.91313632228  7.120958E-15
4852.68949123786  7.067575E-15
4855.46584615344  6.616653E-15
4858.24220106902  7.048860E-15
4861.0185559846  6.712533E-15
4863.79491090018  6.687816E-15
4866.57126581576  7.597071E-15
4869.34762073134  7.105633E-15
4872.12397564692  6.852031E-15
4874.9003305625  7.073019E-15
4877.67668547807  7.084769E-15
4880.45304039366  7.336101E-15
4883.22939530923  7.072692E-15
4886.00575022481  6.547958E-15
4888.7821051404  6.999847E-15
4891.55846005597  7.143091E-15
4894.33481497155  6.900081E-15
4897.11116988713  7.082496E-15
4899.88752480271  7.076923E-15
4902.66387971829  7.683502E-15
4905.44023463387  7.267211E-15
4908.21658954945  7.500754E-15
4910.99294446503  6.922910E-15
4913.76929938061  7.073866E-15
4916.54565429619  7.467913E-15
4919.32200921177  7.020152E-15
4922.09836412735  7.542602E-15
4924.87471904293  7.540656E-15
4927.65107395851  7.558275E-15
4930.42742887409  7.540700E-15
4933.20378378967  7.295895E-15
4935.98013870525  7.189564E-15
4938.75649362083  6.923317E-15
4941.53284853641  7.231475E-15
4944.30920345199  7.189268E-15
4947.08555836757  8.120757E-15
4949.86191328315  7.233452E-15
4952.63826819873  7.109787E-15
4955.41462311431  7.547335E-15
4958.19097802989  7.444187E-15
4960.96733294547  7.105258E-15
4963.74368786104  7.054270E-15
4966.52004277663  7.238878E-15
4969.29639769221  7.407295E-15
4972.07275260778  6.888528E-15
4974.84910752337  6.889207E-15
4977.62546243894  7.414906E-15
4980.40181735452  7.326701E-15
4983.1781722701  7.316047E-15
4985.95452718569  7.026090E-15
4988.73088210126  7.095662E-15
4991.50723701684  7.032277E-15
4994.28359193242  6.999751E-15
4997.059946848  7.363368E-15
4999.83630176358  7.339306E-15
5002.61265667916  7.010683E-15
5005.38901159474  7.278438E-15
5008.16536651032  6.994904E-15
5010.9417214259  6.451377E-15
5013.71807634148  7.478549E-15
5016.49443125706  7.246488E-15
5019.27078617264  7.065208E-15
5022.04714108822  7.262334E-15
5024.8234960038  6.757456E-15
5027.59985091938  7.110398E-15
5030.37620583496  7.503230E-15
5033.15256075054  7.262298E-15
5035.92891566612  6.790977E-15
5038.7052705817  7.253629E-15
5041.48162549728  7.263783E-15
5044.25798041286  7.453090E-15
5047.03433532844  7.054146E-15
5049.81069024402  7.311460E-15
5052.5870451596  7.284809E-15
5055.36340007518  7.331709E-15
5058.13975499076  7.175401E-15
5060.91610990634  7.547930E-15
5063.69246482192  7.184217E-15
5066.4688197375  7.121560E-15
5069.24517465307  7.209368E-15
5072.02152956866  6.929758E-15
5074.79788448423  7.100401E-15
5077.57423939981  7.299544E-15
5080.3505943154  6.678377E-15
5083.12694923098  6.990218E-15
5085.90330414655  6.995969E-15
5088.67965906213  7.276922E-15
5091.45601397771  7.281995E-15
5094.23236889329  7.010796E-15
5097.00872380887  7.051053E-15
5099.78507872445  7.104167E-15
5102.56143364003  7.212148E-15
5105.33778855561  6.706559E-15
5108.11414347119  7.015429E-15
5110.89049838677  7.268318E-15
5113.66685330235  7.167571E-15
5116.44320821793  6.837071E-15
5119.21956313351  7.298806E-15
5121.99591804909  7.103833E-15
5124.77227296467  7.191840E-15
5127.54862788025  7.337825E-15
5130.32498279583  7.024491E-15
5133.10133771141  6.932917E-15
5135.87769262699  7.202079E-15
5138.65404754257  7.103699E-15
5141.43040245815  7.625152E-15
5144.20675737373  7.353046E-15
5146.98311228931  6.808769E-15
5149.75946720489  7.270401E-15
5152.53582212047  7.627306E-15
5155.31217703605  6.955222E-15
5158.08853195163  6.513716E-15
5160.86488686721  6.998918E-15
5163.64124178279  7.127609E-15
5166.41759669837  7.242839E-15
5169.19395161395  7.087705E-15
5171.97030652952  7.228388E-15
5174.74666144511  7.271505E-15
5177.52301636068  7.259758E-15
5180.29937127626  7.268561E-15
5183.07572619184  7.527809E-15
5185.85208110742  7.268989E-15
5188.628436023  7.129963E-15
5191.40479093858  7.249902E-15
5194.18114585416  7.039311E-15
5196.95750076974  6.465292E-15
5199.73385568532  6.973347E-15
5202.5102106009  6.780996E-15
5205.28656551648  6.676867E-15
5208.06292043206  7.276780E-15
5210.83927534764  7.410604E-15
5213.61563026322  7.177233E-15
5216.3919851788  7.051388E-15
5219.16834009438  7.164194E-15
5221.94469500996  7.467755E-15
5224.72104992554  7.403531E-15
5227.49740484112  7.039243E-15
5230.2737597567  6.833001E-15
5233.05011467228  7.542339E-15
5235.82646958786  6.910347E-15
5238.60282450344  6.870648E-15
5241.37917941902  7.164538E-15
5244.1555343346  6.687803E-15
5246.93188925018  7.395999E-15
5249.70824416576  7.270161E-15
5252.48459908134  6.896955E-15
5255.26095399692  6.955948E-15
5258.0373089125  6.991930E-15
5260.81366382808  7.223119E-15
5263.59001874365  7.133961E-15
5266.36637365923  6.750997E-15
5269.14272857481  6.893826E-15
5271.91908349039  7.152026E-15
5274.69543840597  6.880063E-15
5277.47179332155  6.771708E-15
5280.24814823713  7.029338E-15
5283.02450315271  6.612251E-15
5285.80085806829  7.157435E-15
5288.57721298387  6.879254E-15
5291.35356789945  6.678539E-15
5294.12992281503  6.510244E-15
5296.90627773061  6.806089E-15
5299.68263264619  6.895836E-15
5302.45898756177  7.016339E-15
5305.23534247735  7.015741E-15
5308.01169739293  6.853344E-15
5310.78805230851  6.801674E-15
5313.56440722409  6.562088E-15
5316.34076213967  6.458805E-15
5319.11711705525  6.531267E-15
5321.89347197083  6.669945E-15
5324.66982688641  7.214546E-15
5327.44618180199  6.816279E-15
5330.22253671757  6.561111E-15
5332.99889163315  6.898222E-15
5335.77524654873  6.445678E-15
5338.55160146431  6.577736E-15
5341.32795637989  6.613989E-15
5344.10431129547  6.593485E-15
5346.88066621105  6.406352E-15
5349.65702112662  6.494460E-15
5352.43337604221  6.606985E-15
5355.20973095778  6.729000E-15
5357.98608587337  6.736938E-15
5360.76244078894  6.244606E-15
5363.53879570452  6.181110E-15
5366.3151506201  6.717151E-15
5369.09150553568  6.547646E-15
5371.86786045126  6.452689E-15
5374.64421536684  6.674223E-15
5377.42057028242  6.618978E-15
5380.196925198  6.738632E-15
5382.97328011358  6.496648E-15
5385.74963502916  6.421927E-15
5388.52598994474  6.654401E-15
5391.30234486032  6.664157E-15
5394.0786997759  6.525245E-15
5396.85505469148  6.587402E-15
5399.63140960706  6.887020E-15
5402.40776452264  6.807178E-15
5405.18411943822  6.584675E-15
5407.9604743538  6.907859E-15
5410.73682926938  6.457941E-15
5413.51318418496  6.347859E-15
5416.28953910054  6.391919E-15
5419.06589401612  6.434127E-15
5421.8422489317  6.609783E-15
5424.61860384728  7.020975E-15
5427.39495876286  7.278620E-15
5430.17131367844  6.812993E-15
5432.94766859402  6.435802E-15
5435.7240235096  6.835995E-15
5438.50037842518  6.522815E-15
5441.27673334076  6.671575E-15
5444.05308825634  6.457938E-15
5446.82944317192  6.189454E-15
5449.6057980875  6.126516E-15
5452.38215300308  6.333968E-15
5455.15850791866  6.026600E-15
5457.93486283423  6.164451E-15
5460.71121774981  6.700755E-15
5463.48757266539  6.711197E-15
5466.26392758097  6.185625E-15
5469.04028249655  6.028489E-15
5471.81663741213  6.375548E-15
5474.59299232771  6.250526E-15
5477.36934724329  6.139599E-15
5480.14570215887  6.110112E-15
5482.92205707445  6.476699E-15
5485.69841199003  6.809623E-15
5488.47476690561  6.351651E-15
5491.25112182119  6.684771E-15
5494.02747673677  6.818150E-15
5496.80383165235  6.845979E-15
5499.58018656793  6.105810E-15
5502.35654148351  5.744265E-15
5505.13289639909  6.213319E-15
5507.90925131467  6.292100E-15
5510.68560623025  6.198451E-15
5513.46196114583  6.007127E-15
5516.23831606141  6.375681E-15
5519.01467097699  6.481043E-15
5521.79102589257  6.588282E-15
5524.56738080815  6.674959E-15
5527.34373572373  6.716454E-15
5530.12009063931  6.185050E-15
5532.89644555489  6.301713E-15
5535.67280047047  6.341795E-15
5538.44915538605  6.605199E-15
5541.22551030163  6.291516E-15
5544.0018652172  6.391009E-15
5546.77822013278  6.366433E-15
5549.55457504837  6.389492E-15
5552.33092996394  6.146218E-15
5555.10728487952  6.046139E-15
5557.8836397951  6.046244E-15
5560.65999471068  5.987654E-15
5563.43634962626  6.131752E-15
5566.21270454184  6.279981E-15
5568.98905945742  6.171242E-15
5571.765414373  6.083968E-15
5574.54176928858  5.888663E-15
5577.31812420416  6.131819E-15
5580.09447911974  6.553835E-15
5582.87083403532  6.278595E-15
5585.6471889509  6.122287E-15
5588.42354386648  6.243164E-15
5591.19989878206  6.513627E-15
5593.97625369764  6.002938E-15
5596.75260861322  5.910576E-15
5599.5289635288  6.392349E-15
5602.30531844438  6.036448E-15
5605.08167335996  5.983625E-15
5607.85802827554  6.366900E-15
5610.63438319112  6.244350E-15
5613.4107381067  6.028987E-15
5616.18709302228  6.084363E-15
5618.96344793786  6.093608E-15
5621.73980285344  6.131813E-15
5624.51615776902  5.850201E-15
5627.2925126846  5.660225E-15
5630.06886760018  6.017949E-15
5632.84522251576  6.375474E-15
5635.62157743134  6.106897E-15
5638.39793234691  6.222102E-15
5641.1742872625  6.119335E-15
5643.95064217807  6.074903E-15
5646.72699709365  6.058457E-15
5649.50335200923  6.147567E-15
5652.27970692482  6.262029E-15
5655.05606184039  5.870709E-15
5657.83241675597  5.864818E-15
5660.60877167155  6.111348E-15
5663.38512658713  6.009296E-15
5666.16148150271  5.756586E-15
5668.93783641829  6.028843E-15
5671.71419133387  5.980299E-15
5674.49054624945  5.781849E-15
5677.26690116503  5.859312E-15
5680.04325608061  6.074339E-15
5682.81961099619  6.323571E-15
5685.59596591177  6.574344E-15
5688.37232082735  5.953833E-15
5691.14867574293  5.740513E-15
5693.92503065851  5.849172E-15
5696.70138557409  5.519085E-15
5699.47774048967  6.119230E-15
5702.25409540525  5.933036E-15
5705.03045032083  5.753437E-15
5707.80680523641  5.780383E-15
5710.58316015199  5.788105E-15
5713.35951506757  5.367534E-15
5716.13586998315  5.648554E-15
5718.91222489873  5.762986E-15
5721.68857981431  5.942401E-15
5724.46493472989  6.004464E-15
5727.24128964546  6.000154E-15
5730.01764456105  6.081603E-15
5732.79399947663  5.859486E-15
5735.5703543922  5.798090E-15
5738.34670930778  6.131480E-15
5741.12306422336  5.952615E-15
5743.89941913894  5.801569E-15
5746.67577405452  5.890488E-15
5749.4521289701  5.723192E-15
5752.22848388568  6.016824E-15
5755.00483880126  5.984616E-15
5757.78119371684  5.534544E-15
5760.55754863242  5.739815E-15
5763.333903548  5.821000E-15
5766.11025846358  6.044745E-15
5768.88661337916  5.736176E-15
5771.66296829474  6.068414E-15
5774.43932321032  6.097804E-15
5777.2156781259  5.772482E-15
5779.99203304148  5.644344E-15
5782.76838795706  6.019308E-15
5785.54474287264  5.936398E-15
5788.32109778822  5.704744E-15
5791.0974527038  5.666408E-15
5793.87380761938  5.690894E-15
5796.65016253496  5.654197E-15
5799.42651745054  5.768933E-15
5802.20287236612  6.135525E-15
5804.9792272817  5.774692E-15
5807.75558219728  5.382423E-15
5810.53193711286  5.813207E-15
5813.30829202844  5.969502E-15
5816.08464694402  6.127867E-15
5818.8610018596  6.290757E-15
5821.63735677518  6.288967E-15
5824.41371169076  5.744793E-15
5827.19006660633  5.502815E-15
5829.96642152192  5.822674E-15
5832.74277643749  5.684674E-15
5835.51913135307  5.871577E-15
5838.29548626865  5.957825E-15
5841.07184118423  5.880697E-15
5843.84819609981  5.919813E-15
5846.62455101539  5.919052E-15
5849.40090593097  5.740127E-15
5852.17726084655  5.452294E-15
5854.95361576213  5.741446E-15
5857.72997067771  5.816557E-15
5860.50632559329  5.952737E-15
5863.28268050887  6.136509E-15
5866.05903542445  5.709325E-15
5868.83539034003  6.103254E-15
5871.61174525561  5.972011E-15
5874.38810017119  5.626509E-15
5877.16445508677  5.787252E-15
5879.94081000235  5.909953E-15
5882.71716491793  5.601056E-15
5885.49351983351  5.500014E-15
5888.26987474909  5.303582E-15
5891.04622966467  5.267623E-15
5893.82258458025  5.443745E-15
5896.59893949583  5.550584E-15
5899.37529441141  5.440066E-15
5902.15164932699  5.665385E-15
5904.92800424257  5.571178E-15
5907.70435915815  5.690804E-15
5910.48071407373  5.239804E-15
5913.25706898931  5.187676E-15
5916.03342390489  5.317556E-15
5918.80977882047  5.486984E-15
5921.58613373604  5.588327E-15
5924.36248865163  5.374843E-15
5927.1388435672  5.565046E-15
5929.91519848278  5.723803E-15
5932.69155339836  5.721424E-15
5935.46790831394  5.531946E-15
5938.24426322952  5.568198E-15
5941.0206181451  5.609315E-15
5943.79697306068  5.741146E-15
5946.57332797626  5.595760E-15
5949.34968289184  5.618551E-15
5952.12603780742  5.425831E-15
5954.902392723  5.048003E-15
5957.67874763858  5.360485E-15
5960.45510255416  5.691480E-15
5963.23145746974  5.308834E-15
5966.00781238532  5.350973E-15
5968.7841673009  5.720130E-15
5971.56052221648  5.581315E-15
5974.33687713206  5.489549E-15
5977.11323204764  5.578213E-15
5979.88958696322  5.548090E-15
5982.6659418788  5.511591E-15
5985.44229679438  5.500872E-15
5988.21865170996  5.560909E-15
5990.99500662554  5.289238E-15
5993.77136154112  5.463675E-15
5996.5477164567  5.961039E-15
5999.32407137228  5.478959E-15
6002.10042628786  5.285725E-15
6004.87678120344  5.383754E-15
6007.65313611902  4.951256E-15
6010.42949103459  5.075095E-15
6013.20584595018  5.153547E-15
6015.98220086575  5.247541E-15
6018.75855578134  5.617872E-15
6021.53491069691  5.177984E-15
6024.31126561249  5.279468E-15
6027.08762052807  5.415709E-15
6029.86397544365  5.260518E-15
6032.64033035923  5.571706E-15
6035.41668527481  5.502398E-15
6038.19304019039  5.221825E-15
6040.96939510597  5.244715E-15
6043.74575002155  5.366513E-15
6046.52210493713  5.410746E-15
6049.29845985271  5.133175E-15
6052.07481476829  5.531139E-15
6054.85116968387  5.467185E-15
6057.62752459945  5.502930E-15
6060.40387951503  5.167341E-15
6063.18023443061  5.153993E-15
6065.95658934619  4.906941E-15
6068.73294426177  5.231663E-15
6071.50929917735  5.305191E-15
6074.28565409293  5.259148E-15
6077.06200900851  5.361933E-15
6079.83836392409  5.354656E-15
6082.61471883967  5.210485E-15
6085.39107375525  5.019405E-15
6088.16742867083  4.987940E-15
6090.94378358641  5.167153E-15
6093.72013850199  5.131215E-15
6096.49649341757  5.201436E-15
6099.27284833315  5.410318E-15
6102.04920324873  5.079879E-15
6104.82555816431  5.026818E-15
6107.60191307989  5.005552E-15
6110.37826799546  4.892472E-15
6113.15462291105  5.156214E-15
6115.93097782662  5.102777E-15
6118.7073327422  4.810552E-15
6121.48368765778  4.871505E-15
6124.26004257336  4.793329E-15
6127.03639748894  5.026647E-15
6129.81275240452  5.302909E-15
6132.5891073201  5.342770E-15
6135.36546223568  5.008189E-15
6138.14181715126  5.143509E-15
6140.91817206684  5.138889E-15
6143.69452698242  5.347820E-15
6146.470881898  5.155669E-15
6149.24723681358  5.041441E-15
6152.02359172916  4.898199E-15
6154.79994664474  5.090376E-15
6157.57630156032  5.208993E-15
6160.3526564759  5.232582E-15
6163.12901139148  5.157545E-15
6165.90536630706  5.306757E-15
6168.68172122264  5.429859E-15
6171.45807613822  5.341152E-15
6174.2344310538  5.271122E-15
6177.01078596938  5.126747E-15
6179.78714088496  5.077102E-15
6182.56349580054  5.045408E-15
6185.33985071612  5.095720E-15
6188.1162056317  4.928877E-15
6190.89256054728  4.897503E-15
6193.66891546286  5.165112E-15
6196.44527037844  5.158756E-15
6199.22162529402  5.412430E-15
6201.9979802096  5.466412E-15
6204.77433512517  5.163098E-15
6207.55069004076  5.185033E-15
6210.32704495633  5.100503E-15
6213.10339987191  4.908741E-15
6215.87975478749  4.892354E-15
6218.65610970307  4.898151E-15
6221.43246461865  4.850101E-15
6224.20881953423  5.047399E-15
6226.98517444981  4.963475E-15
6229.76152936539  4.858558E-15
6232.53788428097  5.166183E-15
6235.31423919655  5.308453E-15
6238.09059411213  5.082716E-15
6240.86694902771  5.058646E-15
6243.64330394329  4.763466E-15
6246.41965885887  4.832729E-15
6249.19601377445  4.776960E-15
6251.97236869003  4.638739E-15
6254.74872360561  4.632627E-15
6257.52507852119  5.262235E-15
6260.30143343677  5.518627E-15
6263.07778835235  4.939675E-15
6265.85414326793  4.748676E-15
6268.63049818351  4.991437E-15
6271.40685309909  4.377102E-15
6274.18320801467  4.844630E-15
6276.95956293025  4.906670E-15
6279.73591784583  4.705769E-15
6282.51227276141  4.648083E-15
6285.28862767699  5.165035E-15
6288.06498259257  4.704991E-15
6290.84133750815  4.821202E-15
6293.61769242373  5.037432E-15
6296.39404733931  4.896641E-15
6299.17040225488  4.572408E-15
6301.94675717047  4.803922E-15
6304.72311208604  4.974437E-15
6307.49946700162  5.060498E-15
6310.2758219172  4.861020E-15
6313.05217683278  4.914734E-15
6315.82853174836  4.941116E-15
6318.60488666394  4.793714E-15
6321.38124157952  4.858848E-15
6324.1575964951  4.854922E-15
6326.93395141068  4.729955E-15
6329.71030632626  4.965459E-15
6332.48666124184  5.158763E-15
6335.26301615742  4.950850E-15
6338.039371073  4.649686E-15
6340.81572598858  4.689763E-15
6343.59208090416  4.959283E-15
6346.36843581974  4.735071E-15
6349.14479073532  4.611537E-15
6351.9211456509  4.894717E-15
6354.69750056648  4.832848E-15
6357.47385548206  4.721437E-15
6360.25021039764  4.711147E-15
6363.02656531322  4.782235E-15
6365.8029202288  4.856685E-15
6368.57927514438  4.892328E-15
6371.35563005996  4.567467E-15
6374.13198497554  4.551629E-15
6376.90833989111  4.667500E-15
6379.6846948067  4.950866E-15
6382.46104972228  4.778336E-15
6385.23740463786  4.793438E-15
6388.01375955344  4.721762E-15
6390.79011446902  4.775036E-15
6393.56646938459  5.073727E-15
6396.34282430017  4.536406E-15
6399.11917921575  4.723995E-15
6401.89553413133  4.857060E-15
6404.67188904691  4.904788E-15
6407.44824396249  4.820191E-15
6410.22459887807  4.915943E-15
6413.00095379365  4.675593E-15
6415.77730870923  4.828635E-15
6418.55366362481  4.906815E-15
6421.33001854039  4.892143E-15
6424.10637345597  4.780033E-15
6426.88272837155  4.608088E-15
6429.65908328713  4.856914E-15
6432.43543820271  4.870736E-15
6435.21179311829  4.672855E-15
6437.98814803387  4.588868E-15
6440.76450294945  4.998403E-15
6443.54085786503  4.670979E-15
6446.31721278061  4.439622E-15
6449.09356769619  5.036393E-15
6451.86992261177  5.010532E-15
6454.64627752735  4.735430E-15
6457.42263244293  4.827529E-15
6460.19898735851  4.618132E-15
6462.97534227409  4.377777E-15
6465.75169718967  4.489159E-15
6468.52805210525  4.577491E-15
6471.30440702083  4.672805E-15
6474.08076193641  4.751809E-15
6476.85711685199  4.880549E-15
6479.63347176757  4.907114E-15
6482.40982668315  4.493373E-15
6485.18618159872  4.666530E-15
6487.9625365143  4.946952E-15
6490.73889142988  4.660722E-15
6493.51524634546  4.766369E-15
6496.29160126104  4.882427E-15
6499.06795617662  4.587654E-15
6501.8443110922  4.249795E-15
6504.62066600778  4.654620E-15
6507.39702092336  4.765548E-15
6510.17337583894  4.401797E-15
6512.94973075452  4.576873E-15
6515.7260856701  4.598868E-15
6518.50244058568  4.464782E-15
6521.27879550126  4.743540E-15
6524.05515041684  4.471666E-15
6526.83150533242  4.425288E-15
6529.607860248  4.650586E-15
6532.38421516358  4.503463E-15
6535.16057007916  4.685372E-15
6537.93692499474  4.558785E-15
6540.71327991032  4.692866E-15
6543.4896348259  5.057993E-15
6546.26598974148  5.306534E-15
6549.04234465706  6.119476E-15
6551.81869957264  6.834725E-15
6554.59505448822  6.868876E-15
6557.3714094038  7.418880E-15
6560.14776431938  7.870593E-15
6562.92411923496  7.610882E-15
6565.70047415053  7.260600E-15
6568.47682906612  6.488203E-15
6571.25318398169  5.931253E-15
6574.02953889728  5.278349E-15
6576.80589381286  4.619023E-15
6579.58224872843  4.366634E-15
6582.35860364401  4.249168E-15
6585.13495855959  4.534576E-15
6587.91131347517  4.289852E-15
6590.68766839076  4.247010E-15
6593.46402330633  4.460549E-15
6596.24037822191  4.284595E-15
6599.01673313749  4.620511E-15
6601.79308805307  4.543987E-15
6604.56944296865  4.219139E-15
6607.34579788423  4.231008E-15
6610.12215279981  4.171630E-15
6612.89850771539  4.398297E-15
6615.67486263097  4.254264E-15
6618.45121754655  4.362300E-15
6621.22757246213  4.613568E-15
6624.00392737771  4.532876E-15
6626.78028229329  4.519506E-15
6629.55663720887  4.372135E-15
6632.33299212445  4.454905E-15
6635.10934704003  4.267379E-15
6637.88570195561  4.401580E-15
6640.66205687119  4.519182E-15
6643.43841178677  4.595993E-15
6646.21476670235  4.445954E-15
6648.99112161793  4.122717E-15
6651.76747653351  4.508211E-15
6654.54383144909  4.614171E-15
6657.32018636467  4.278026E-15
6660.09654128025  4.256078E-15
6662.87289619583  4.233143E-15
6665.64925111141  4.289533E-15
6668.42560602698  4.581172E-15
6671.20196094257  4.602879E-15
6673.97831585815  4.518352E-15
6676.75467077372  4.474379E-15
6679.5310256893  3.913514E-15
6682.30738060488  3.894964E-15
6685.08373552046  4.343369E-15
6687.86009043604  4.443357E-15
6690.63644535162  3.913325E-15
6693.4128002672  4.126682E-15
6696.18915518278  4.424618E-15
6698.96551009836  4.554229E-15
6701.74186501394  4.463483E-15
6704.51821992952  4.171734E-15
6707.2945748451  3.949652E-15
6710.07092976068  4.073398E-15
6712.84728467626  4.244473E-15
6715.62363959184  4.254574E-15
6718.39999450742  4.243140E-15
6721.176349423  4.186685E-15
6723.95270433858  4.306337E-15
6726.72905925416  4.320324E-15
6729.50541416974  4.126955E-15
6732.28176908532  4.102090E-15
6735.0581240009  4.168372E-15
6737.83447891648  4.154047E-15
6740.61083383206  4.155100E-15
6743.38718874764  4.104432E-15
6746.16354366322  4.257950E-15
6748.9398985788  4.621826E-15
6751.71625349438  4.253790E-15
6754.49260840996  4.018023E-15
6757.26896332554  4.069393E-15
6760.04531824112  4.220265E-15
6762.82167315669  4.321292E-15
6765.59802807227  4.409961E-15
6768.37438298785  4.030260E-15
6771.15073790343  4.005280E-15
6773.92709281901  4.427182E-15
6776.70344773459  4.361719E-15
6779.47980265018  4.232360E-15
6782.25615756575  4.167170E-15
6785.03251248133  4.049206E-15
6787.80886739691  3.971380E-15
6790.58522231249  4.103344E-15
6793.36157722807  4.005004E-15
6796.13793214365  4.081811E-15
6798.91428705923  4.411172E-15
6801.69064197481  4.276808E-15
6804.46699689039  4.112069E-15
6807.24335180597  4.120059E-15
6810.01970672155  4.039718E-15
6812.79606163713  4.162412E-15
6815.57241655271  4.191387E-15
6818.34877146829  4.026885E-15
6821.12512638387  4.222149E-15
6823.90148129945  4.286092E-15
6826.67783621503  3.960812E-15
6829.45419113061  4.088832E-15
6832.23054604619  4.336242E-15
6835.00690096177  4.073435E-15
6837.78325587735  4.223374E-15
6840.55961079293  4.015546E-15
6843.33596570851  3.840518E-15
6846.11232062409  4.111443E-15
6848.88867553967  4.368192E-15
6851.66503045524  4.496844E-15
6854.44138537082  4.212693E-15
6857.21774028641  4.219847E-15
6859.99409520199  4.212438E-15
6862.77045011756  4.326316E-15
6865.54680503314  4.062414E-15
6868.32315994872  3.855007E-15
6871.0995148643  3.950223E-15
6873.87586977988  4.048324E-15
6876.65222469546  3.846382E-15
6879.42857961104  3.808543E-15
6882.20493452662  4.023389E-15
6884.9812894422  3.897090E-15
6887.75764435778  4.000634E-15
6890.53399927336  4.351352E-15
6893.31035418894  4.105951E-15
6896.08670910452  3.876661E-15
6898.8630640201  4.125480E-15
6901.63941893568  4.101365E-15
6904.41577385126  3.721383E-15
6907.19212876684  3.998671E-15
6909.96848368242  4.094619E-15
6912.744838598  3.867471E-15
6915.52119351358  3.965919E-15
6918.29754842916  4.221504E-15
6921.07390334474  3.973346E-15
6923.85025826032  3.787351E-15
6926.6266131759  3.977054E-15
6929.40296809148  3.977379E-15
6932.17932300706  4.150760E-15
6934.95567792264  3.934680E-15
6937.73203283822  3.850364E-15
6940.5083877538  3.713839E-15
6943.28474266938  4.217990E-15
6946.06109758495  4.010267E-15
6948.83745250054  3.603459E-15
6951.61380741612  4.193833E-15
6954.39016233169  4.373668E-15
6957.16651724727  3.891178E-15
6959.94287216285  4.012506E-15
6962.71922707843  4.333040E-15
6965.49558199401  4.366066E-15
6968.27193690959  4.189172E-15
6971.04829182517  4.038557E-15
6973.82464674075  4.359117E-15
6976.60100165633  4.125354E-15
6979.37735657191  3.955123E-15
6982.15371148749  4.037081E-15
6984.93006640307  3.929822E-15
6987.70642131865  3.952344E-15
6990.48277623423  4.216252E-15
6993.25913114981  4.051064E-15
6996.03548606539  3.871844E-15
6998.81184098097  3.971583E-15
7001.58819589655  4.065663E-15
7004.36455081213  4.345821E-15
7007.14090572771  4.278922E-15
7009.91726064329  4.331508E-15
7012.69361555887  3.905454E-15
7015.46997047445  3.899754E-15
7018.24632539003  3.845069E-15
7021.02268030561  3.878277E-15
7023.79903522119  4.314039E-15
7026.57539013677  4.218665E-15
7029.35174505235  3.929070E-15
7032.12809996793  3.769056E-15
7034.90445488351  3.691843E-15
7037.68080979909  3.944989E-15
7040.45716471466  3.872493E-15
7043.23351963024  3.745301E-15
7046.00987454583  3.843216E-15
7048.7862294614  3.782924E-15
7051.56258437698  4.127545E-15
7054.33893929256  4.051395E-15
7057.11529420814  4.155379E-15
7059.89164912372  4.176847E-15
7062.6680040393  4.217467E-15
7065.44435895488  3.787622E-15
7068.22071387046  3.976464E-15
7070.99706878604  3.927647E-15
7073.77342370162  3.709973E-15
7076.5497786172  3.806660E-15
7079.32613353278  3.925999E-15
7082.10248844836  4.014555E-15
7084.87884336394  3.837042E-15
7087.65519827952  3.946773E-15
7090.4315531951  3.963060E-15
7093.20790811068  3.796054E-15
7095.98426302626  3.731657E-15
7098.76061794184  4.019424E-15
7101.53697285742  4.200589E-15
7104.313327773  3.914409E-15
7107.08968268858  3.845976E-15
7109.86603760416  3.651997E-15
7112.64239251974  3.849670E-15
7115.41874743532  3.759787E-15
7118.1951023509  3.760768E-15
7120.97145726648  3.771900E-15
7123.74781218206  3.529482E-15
7126.52416709764  3.707623E-15
7129.30052201322  3.888719E-15
7132.0768769288  3.755226E-15
7134.85323184437  3.556951E-15
7137.62958675996  3.585625E-15
7140.40594167553  3.706300E-15
7143.18229659112  3.853933E-15
7145.95865150669  3.720673E-15
7148.73500642227  3.786670E-15
7151.51136133785  3.445389E-15
7154.28771625343  3.562522E-15
7157.06407116901  3.992087E-15
7159.84042608459  3.916873E-15
7162.61678100017  3.867527E-15
7165.39313591575  3.901990E-15
7168.16949083133  3.735052E-15
7170.94584574691  3.555232E-15
7173.72220066249  3.643974E-15
7176.49855557807  3.750985E-15
7179.27491049365  3.942976E-15
7182.05126540923  4.001493E-15
7184.82762032481  3.515656E-15
7187.60397524039  3.483671E-15
7190.38033015597  3.728515E-15
7193.15668507155  3.703805E-15
7195.93303998713  3.749699E-15
7198.70939490271  3.754150E-15
7201.48574981829  3.941199E-15
7204.26210473387  3.913801E-15
7207.03845964945  3.656411E-15
7209.81481456503  3.788199E-15
7212.59116948061  4.009148E-15
7215.36752439619  3.539164E-15
7218.14387931177  3.580876E-15
7220.92023422735  3.923437E-15
7223.69658914293  3.619383E-15
7226.47294405851  3.349483E-15
7229.24929897409  3.573093E-15
7232.02565388966  3.705814E-15
7234.80200880524  3.691863E-15
7237.57836372083  3.932633E-15
7240.3547186364  3.702502E-15
7243.13107355198  3.628056E-15
7245.90742846756  3.753084E-15
7248.68378338314  3.769052E-15
7251.46013829872  3.766922E-15
7254.2364932143  3.508029E-15
7257.01284812988  3.797507E-15
7259.78920304546  3.767356E-15
7262.56555796104  3.477329E-15
7265.34191287662  3.901643E-15
7268.1182677922  4.092421E-15
7270.89462270778  3.623112E-15
7273.67097762336  3.686504E-15
7276.44733253894  3.505233E-15
7279.22368745452  3.388131E-15
7282.0000423701  3.635229E-15
7284.77639728568  3.780417E-15
7287.55275220126  3.684773E-15
7290.32910711684  3.482651E-15
7293.10546203242  3.556645E-15
7295.881816948  3.486113E-15
7298.65817186358  3.250052E-15
7301.43452677916  3.458725E-15
7304.21088169474  3.490513E-15
7306.98723661032  3.542375E-15
7309.7635915259  3.546753E-15
7312.53994644148  3.339991E-15
7315.31630135706  3.451830E-15
7318.09265627264  3.386971E-15
7320.86901118822  3.282319E-15
7323.6453661038  3.325628E-15
7326.42172101938  3.696539E-15
7329.19807593495  3.528497E-15
7331.97443085053  3.603647E-15
7334.75078576611  3.604496E-15
7337.52714068169  3.656964E-15
7340.30349559727  3.502919E-15
7343.07985051285  3.379174E-15
7345.85620542843  3.622876E-15
7348.63256034401  3.399169E-15
7351.40891525959  3.182426E-15
7354.18527017517  3.580247E-15
7356.96162509075  3.546074E-15
7359.73798000633  3.272125E-15
7362.51433492191  3.256699E-15
7365.29068983749  3.170372E-15
7368.06704475307  3.476400E-15
7370.84339966865  3.606194E-15
7373.61975458423  3.365069E-15
7376.39610949981  3.313768E-15
7379.17246441539  3.358750E-15
7381.94881933097  3.344816E-15
7384.72517424655  3.253022E-15
7387.50152916213  3.641878E-15
7390.27788407771  3.442796E-15
7393.05423899329  3.162442E-15
7395.83059390887  3.295000E-15
7398.60694882445  3.230433E-15
7401.38330374003  3.314007E-15
7404.15965865561  3.530733E-15
7406.93601357119  3.588974E-15
7409.71236848677  3.394945E-15
7412.48872340235  3.105174E-15
7415.26507831793  3.217990E-15
7418.04143323351  3.347704E-15
7420.81778814909  3.312665E-15
7423.59414306466  3.165581E-15
7426.37049798024  3.083922E-15
7429.14685289582  2.984527E-15
7431.9232078114  3.171867E-15
7434.69956272698  3.408385E-15
7437.47591764256  3.379880E-15
7440.25227255814  3.143864E-15
7443.02862747372  3.253363E-15
7445.8049823893  3.374168E-15
7448.58133730488  3.378081E-15
7451.35769222046  3.347165E-15
7454.13404713604  3.308722E-15
7456.91040205162  3.227056E-15
7459.6867569672  3.324461E-15
7462.46311188278  3.322175E-15
7465.23946679836  3.196167E-15
7468.01582171394  3.171172E-15
7470.79217662952  3.319275E-15
7473.5685315451  3.499893E-15
7476.34488646068  3.174288E-15
7479.12124137626  2.989276E-15
7481.89759629184  3.204033E-15
7484.67395120742  3.295005E-15
7487.450306123  3.224286E-15
7490.22666103858  3.105052E-15
7493.00301595416  3.158182E-15
7495.77937086974  3.258390E-15
7498.55572578532  3.153902E-15
7501.3320807009  3.395320E-15
7504.10843561648  3.259661E-15
7506.88479053206  3.083588E-15
7509.66114544764  2.928480E-15
7512.43750036321  3.199626E-15
7515.2138552788  3.259923E-15
7517.99021019437  3.237700E-15
7520.76656510995  3.255931E-15
7523.54292002553  3.304639E-15
7526.31927494111  3.326202E-15
7529.09562985669  3.184359E-15
7531.87198477227  3.261166E-15
7534.64833968785  3.278581E-15
7537.42469460343  3.521830E-15
7540.20104951901  3.352185E-15
7542.97740443459  3.463521E-15
7545.75375935017  3.278771E-15
7548.53011426575  3.261397E-15
7551.30646918133  3.329358E-15
7554.08282409691  3.335917E-15
7556.85917901249  3.113650E-15
7559.63553392807  3.347621E-15
7562.41188884365  3.468269E-15
7565.18824375923  2.980526E-15
7567.96459867481  3.161098E-15
7570.74095359039  3.347722E-15
7573.51730850597  3.070134E-15
7576.29366342155  3.102605E-15
7579.07001833713  3.274428E-15
7581.84637325271  3.385427E-15
7584.62272816829  3.266660E-15
7587.39908308387  3.010180E-15
7590.17543799945  3.247873E-15
7592.95179291503  3.140860E-15
7595.72814783061  2.840193E-15
7598.50450274619  2.915824E-15
7601.28085766177  3.241304E-15
7604.05721257735  3.317156E-15
7606.83356749292  2.990482E-15
7609.60992240851  2.902177E-15
7612.38627732408  2.739120E-15
7615.16263223967  2.998202E-15
7617.93898715524  2.967948E-15
7620.71534207082  2.989907E-15
7623.4916969864  2.841943E-15
7626.26805190198  2.700110E-15
7629.04440681756  2.709137E-15
7631.82076173314  3.061423E-15
7634.59711664872  2.813390E-15
7637.3734715643  2.640296E-15
7640.14982647988  2.968849E-15
7642.92618139546  2.711130E-15
7645.70253631104  2.862583E-15
7648.47889122662  2.935552E-15
7651.2552461422  2.847064E-15
7654.03160105778  2.984239E-15
7656.80795597336  2.948579E-15
7659.58431088894  2.904302E-15
7662.36066580452  2.876434E-15
7665.1370207201  2.753157E-15
7667.91337563568  2.726555E-15
7670.68973055126  2.673910E-15
7673.46608546684  2.689083E-15
7676.24244038242  2.770440E-15
7679.018795298  2.716806E-15
7681.79515021358  2.804690E-15
7684.57150512916  2.920116E-15
7687.34786004474  2.828915E-15
7690.12421496032  2.591568E-15
7692.9005698759  2.655481E-15
7695.67692479148  2.917312E-15
7698.45327970706  2.969083E-15
7701.22963462264  2.932758E-15
7704.00598953821  2.793136E-15
7706.78234445379  3.183049E-15
7709.55869936937  3.144252E-15
7712.33505428495  2.871583E-15
7715.11140920053  2.686152E-15
7717.88776411611  2.801173E-15
7720.66411903169  2.827014E-15
7723.44047394727  2.799974E-15
7726.21682886285  2.815169E-15
7728.99318377843  2.828782E-15
7731.76953869401  3.044948E-15
7734.54589360959  2.853377E-15
7737.32224852517  2.878501E-15
7740.09860344075  2.913430E-15
7742.87495835633  2.928611E-15
7745.65131327191  2.969130E-15
7748.42766818749  2.864336E-15
7751.20402310307  2.820607E-15
7753.98037801865  2.635474E-15
7756.75673293423  2.494887E-15
7759.53308784981  2.532958E-15
7762.30944276539  3.015325E-15
7765.08579768097  2.881286E-15
7767.86215259655  2.874436E-15
7770.63850751213  2.779147E-15
7773.41486242771  2.746552E-15
7776.19121734329  2.726929E-15
7778.96757225887  2.899339E-15
7781.74392717445  2.933153E-15
7784.52028209003  2.846372E-15
7787.29663700561  2.843621E-15
7790.07299192119  2.660541E-15
7792.84934683677  2.949054E-15
7795.62570175234  3.085388E-15
7798.40205666793  2.940142E-15
7801.1784115835  2.855221E-15
7803.95476649909  2.845088E-15
7806.73112141466  3.035360E-15
7809.50747633024  2.801657E-15
7812.28383124582  2.684053E-15
7815.0601861614  2.814797E-15
7817.83654107698  2.714538E-15
7820.61289599256  2.646285E-15
7823.38925090814  3.286548E-15
7826.16560582372  3.163993E-15
7828.9419607393  3.167198E-15
7831.71831565488  2.973376E-15
7834.49467057046  2.709571E-15
7837.27102548604  2.966074E-15
7840.04738040162  2.797628E-15
7842.8237353172  2.879615E-15
7845.60009023278  2.846252E-15
7848.37644514836  2.890312E-15
7851.15280006394  2.866851E-15
7853.92915497952  2.665099E-15
7856.7055098951  2.843777E-15
7859.48186481068  2.885930E-15
7862.25821972626  2.817959E-15
7865.03457464184  2.902343E-15
7867.81092955742  2.664518E-15
7870.587284473  2.553992E-15
7873.36363938858  2.686992E-15
7876.13999430416  2.700860E-15
7878.91634921974  2.968765E-15
7881.69270413532  3.104136E-15
7884.4690590509  3.024058E-15
7887.24541396648  2.853271E-15
7890.02176888206  2.613722E-15
7892.79812379764  2.709412E-15
7895.57447871321  2.734145E-15
7898.3508336288  2.614413E-15
7901.12718854437  2.397020E-15
7903.90354345995  2.648450E-15
7906.67989837553  2.764834E-15
7909.45625329111  2.619480E-15
7912.23260820669  2.806356E-15
7915.00896312227  2.841414E-15
7917.78531803785  2.932891E-15
7920.56167295343  2.834530E-15
7923.33802786901  2.694853E-15
7926.11438278459  2.583058E-15
7928.89073770017  2.655557E-15
7931.66709261575  3.035454E-15
7934.44344753133  2.800178E-15
7937.21980244691  2.998904E-15
7939.99615736249  2.586691E-15
7942.77251227807  2.690968E-15
7945.54886719365  2.959214E-15
7948.32522210923  2.872333E-15
7951.10157702481  2.459176E-15
7953.87793194039  2.581804E-15
7956.65428685597  2.698421E-15
7959.43064177155  2.564185E-15
7962.20699668713  2.603483E-15
7964.98335160271  2.560887E-15
7967.75970651829  2.668704E-15
7970.53606143387  2.773714E-15
7973.31241634945  2.659302E-15
7976.08877126503  2.700195E-15
7978.86512618061  2.545966E-15
7981.64148109619  2.513821E-15
7984.41783601176  2.496655E-15
7987.19419092735  2.432454E-15
7989.97054584292  2.482943E-15
7992.74690075851  2.703526E-15
7995.52325567408  2.780113E-15
7998.29961058966  2.624453E-15
8001.07596550524  2.546657E-15
8003.85232042082  2.810466E-15
8006.6286753364  2.633158E-15
8009.40503025198  2.535982E-15
8012.18138516756  2.627934E-15
8014.95774008314  2.751881E-15
8017.73409499872  2.911936E-15
8020.5104499143  2.755300E-15
8023.28680482988  2.690486E-15
8026.06315974546  2.567124E-15
8028.83951466104  2.721156E-15
8031.61586957662  2.477419E-15
8034.3922244922  2.393559E-15
8037.16857940778  2.542822E-15
8039.94493432336  2.485250E-15
8042.72128923894  2.817492E-15
8045.49764415452  2.816699E-15
8048.2739990701  2.266057E-15
8051.05035398568  2.578789E-15
8053.82670890126  2.559834E-15
8056.60306381684  2.362734E-15
8059.37941873242  2.714398E-15
8062.155773648  2.852098E-15
8064.93212856357  2.644782E-15
8067.70848347916  2.601844E-15
8070.48483839474  2.651090E-15
8073.26119331031  2.707319E-15
8076.03754822589  2.731397E-15
8078.81390314148  2.688810E-15
8081.59025805706  2.635799E-15
8084.36661297263  2.362451E-15
8087.14296788822  2.708632E-15
8089.91932280379  2.771914E-15
8092.69567771937  2.670253E-15
8095.47203263495  2.576587E-15
8098.24838755053  2.587994E-15
8101.02474246611  2.652666E-15
8103.80109738169  2.587927E-15
8106.57745229727  2.447312E-15
8109.35380721285  2.586883E-15
8112.13016212843  2.532954E-15
8114.90651704401  2.748990E-15
8117.68287195959  2.612605E-15
8120.45922687517  2.426453E-15
8123.23558179075  2.799459E-15
8126.01193670633  2.536246E-15
8128.78829162191  2.292022E-15
8131.56464653749  2.478078E-15
8134.34100145307  2.747517E-15
8137.11735636865  2.373323E-15
8139.89371128423  2.847871E-15
8142.67006619981  2.572981E-15
8145.44642111539  2.339266E-15
8148.22277603097  2.164934E-15
8150.99913094655  2.140571E-15
8153.77548586213  2.176080E-15
8156.55184077771  2.189796E-15
8159.32819569329  2.178656E-15
8162.10455060886  2.537218E-15
8164.88090552445  2.356887E-15
8167.65726044003  2.230920E-15
8170.43361535561  2.381078E-15
8173.20997027118  2.326492E-15
8175.98632518676  2.352457E-15
8178.76268010234  2.297011E-15
8181.53903501792  2.395329E-15
8184.3153899335  2.434785E-15
8187.09174484908  2.469945E-15
8189.86809976466  2.501523E-15
8192.64445468024  2.351466E-15
8195.42080959582  2.399141E-15
8198.1971645114  2.330020E-15
8200.97351942698  2.095839E-15
8203.74987434256  2.460369E-15
8206.52622925814  2.539677E-15
8209.30258417372  2.580165E-15
8212.0789390893  2.954985E-15
8214.85529400488  2.668870E-15
8217.63164892046  2.494024E-15
8220.40800383604  2.445695E-15
8223.18435875162  2.263211E-15
8225.9607136672  2.250075E-15
8228.73706858278  2.264208E-15
8231.51342349836  2.396281E-15
8234.28977841394  2.373213E-15
8237.06613332952  2.419724E-15
8239.8424882451  2.505341E-15
8242.61884316068  2.597429E-15
8245.39519807626  2.662575E-15
8248.17155299184  2.650271E-15
8250.94790790742  2.469863E-15
8253.724262823  2.630192E-15
8256.50061773858  2.667308E-15
8259.27697265415  2.516184E-15
8262.05332756974  2.388989E-15
8264.82968248532  2.601453E-15
8267.60603740089  2.876116E-15
8270.38239231647  2.569413E-15
8273.15874723205  2.422900E-15
8275.93510214764  2.310955E-15
8278.71145706321  2.204077E-15
8281.48781197879  2.468849E-15
8284.26416689437  2.332627E-15
8287.04052180995  2.345168E-15
8289.81687672553  2.403471E-15
8292.59323164111  2.346849E-15
8295.36958655669  2.589897E-15
8298.14594147227  2.354395E-15
8300.92229638785  2.366481E-15
8303.69865130343  2.532567E-15
8306.47500621901  2.828342E-15
8309.25136113459  2.529455E-15
8312.02771605017  2.448931E-15
8314.80407096575  2.336941E-15
8317.58042588133  2.311085E-15
8320.35678079691  2.534016E-15
8323.13313571249  2.572362E-15
8325.90949062807  2.344095E-15
8328.68584554365  2.368194E-15
8331.46220045923  2.479009E-15
8334.23855537481  2.459756E-15
8337.01491029039  2.391139E-15
8339.79126520597  2.224303E-15
8342.56762012155  2.606115E-15
8345.34397503712  2.396447E-15
8348.12032995271  2.171723E-15
8350.89668486829  2.489343E-15
8353.67303978387  2.524082E-15
8356.44939469944  2.571145E-15
8359.22574961502  2.491277E-15
8362.00210453061  2.431122E-15
8364.77845944619  2.358412E-15
8367.55481436176  2.595189E-15
8370.33116927734  2.536073E-15
8373.10752419292  2.519098E-15
8375.8838791085  2.548090E-15
8378.66023402408  2.631572E-15
8381.43658893966  2.664380E-15
8384.21294385524  2.466006E-15
8386.98929877082  2.424866E-15
8389.7656536864  2.370455E-15
8392.54200860198  2.476928E-15
8395.31836351756  2.755468E-15
8398.09471843314  2.666625E-15
8400.87107334872  2.629016E-15
8403.6474282643  2.496141E-15
8406.42378317988  2.522332E-15
8409.20013809546  2.480922E-15
8411.97649301104  2.655248E-15
8414.75284792662  2.507037E-15
8417.5292028422  2.185802E-15
8420.30555775778  2.307435E-15
8423.08191267336  2.229464E-15
8425.85826758894  2.271469E-15
8428.63462250452  2.302165E-15
8431.4109774201  2.524081E-15
8434.18733233568  2.600659E-15
8436.96368725126  2.151990E-15
8439.74004216684  2.303513E-15
8442.51639708242  2.567424E-15
8445.292751998  2.336872E-15
8448.06910691358  2.294827E-15
8450.84546182916  2.093879E-15
8453.62181674473  2.131450E-15
8456.39817166031  2.658935E-15
8459.1745265759  2.817734E-15
8461.95088149147  2.350712E-15
8464.72723640705  2.093764E-15
8467.50359132263  2.344591E-15
8470.27994623821  2.342342E-15
8473.05630115379  2.198915E-15
8475.83265606937  2.019834E-15
8478.60901098495  2.267968E-15
8481.38536590053  2.463014E-15
8484.16172081611  2.370302E-15
8486.93807573169  2.525069E-15
8489.71443064727  2.467450E-15
8492.49078556285  2.221141E-15
8495.26714047843  2.261455E-15
8498.04349539401  2.161732E-15
8500.81985030959  2.277686E-15
8503.59620522517  2.252775E-15
8506.37256014075  2.271801E-15
8509.14891505633  2.273092E-15
8511.92526997191  2.338813E-15
8514.70162488749  2.543549E-15
8517.47797980307  2.312962E-15
8520.25433471865  2.272834E-15
8523.03068963423  2.059884E-15
8525.80704454981  2.086854E-15
8528.58339946539  2.433957E-15
8531.35975438097  2.458991E-15
8534.13610929655  2.384399E-15
8536.91246421213  2.438268E-15
8539.6888191277  2.398826E-15
8542.46517404328  2.400783E-15
8545.24152895887  2.387799E-15
8548.01788387445  2.257524E-15
8550.79423879002  2.250720E-15
8553.5705937056  2.230558E-15
8556.34694862118  2.245495E-15
8559.12330353676  2.021332E-15
8561.89965845234  2.278240E-15
8564.67601336792  2.197717E-15
8567.4523682835  2.095748E-15
8570.22872319908  2.159763E-15
8573.00507811466  2.601087E-15
8575.78143303024  2.083121E-15
8578.55778794582  2.039390E-15
8581.3341428614  2.388759E-15
8584.11049777698  2.274589E-15
8586.88685269256  2.175311E-15
8589.66320760814  2.374850E-15
8592.43956252372  2.342323E-15
8595.2159174393  2.405780E-15
8597.99227235488  2.447566E-15
8600.76862727046  2.081381E-15
8603.54498218604  2.383064E-15
8606.32133710162  2.331156E-15
8609.0976920172  2.164240E-15
8611.87404693278  2.332624E-15
8614.65040184836  2.103810E-15
8617.42675676394  2.494410E-15
8620.20311167952  2.696940E-15
8622.97946659509  2.062041E-15
8625.75582151068  2.116073E-15
8628.53217642626  1.836639E-15
8631.30853134184  2.002472E-15
8634.08488625742  2.095166E-15
8636.861241173  2.207838E-15
8639.63759608857  2.608024E-15
8642.41395100416  2.545245E-15
8645.19030591974  2.185771E-15
8647.96666083531  2.188797E-15
8650.74301575089  2.261479E-15
8653.51937066647  2.041470E-15
8656.29572558205  1.993601E-15
8659.07208049763  2.198595E-15
8661.84843541321  2.362617E-15
8664.62479032879  2.633558E-15
8667.40114524437  2.145248E-15
8670.17750015995  2.253989E-15
8672.95385507553  2.208106E-15
8675.73020999111  1.936907E-15
8678.50656490669  2.265405E-15
8681.28291982227  1.959578E-15
8684.05927473785  2.235683E-15
8686.83562965343  2.436710E-15
8689.61198456901  2.254721E-15
8692.38833948459  2.151255E-15
8695.16469440017  1.945462E-15
8697.94104931575  1.826063E-15
8700.71740423133  2.009666E-15
8703.49375914691  2.406397E-15
8706.27011406249  2.655188E-15
8709.04646897807  2.353679E-15
8711.82282389365  2.203832E-15
8714.59917880923  2.352867E-15
8717.37553372481  2.160309E-15
8720.15188864039  2.309717E-15
8722.92824355597  2.162557E-15
8725.70459847155  2.133595E-15
8728.48095338713  2.475148E-15
8731.25730830271  2.200241E-15
8734.03366321828  2.442128E-15
8736.81001813386  2.335167E-15
8739.58637304945  1.852144E-15
8742.36272796502  1.991033E-15
8745.1390828806  2.406405E-15
8747.91543779618  2.283196E-15
8750.69179271176  2.104959E-15
8753.46814762734  2.130930E-15
8756.24450254292  2.368341E-15
8759.0208574585  2.505868E-15
8761.79721237408  2.217587E-15
8764.57356728966  2.214809E-15
8767.34992220524  1.978501E-15
8770.12627712082  2.213088E-15
8772.9026320364  2.255008E-15
8775.67898695198  2.463960E-15
8778.45534186756  2.366939E-15
8781.23169678314  1.812067E-15
8784.00805169872  2.196621E-15
8786.7844066143  2.222862E-15
8789.56076152988  1.887678E-15
8792.33711644546  2.038802E-15
8795.11347136104  2.396434E-15
8797.88982627662  2.048664E-15
8800.6661811922  1.852129E-15
8803.44253610778  2.064818E-15
8806.21889102336  2.140495E-15
8808.99524593894  1.948159E-15
8811.77160085452  1.836058E-15
8814.5479557701  2.007788E-15
8817.32431068567  2.031526E-15
8820.10066560126  2.047861E-15
8822.87702051683  1.806382E-15
8825.65337543242  1.863687E-15
8828.429730348  2.064402E-15
8831.20608526358  2.058852E-15
