3861.5307863759  9.731937E-15
3864.30714129148  1.370512E-14
3867.08349620706  1.271360E-14
3869.85985112264  1.326672E-14
3872.63620603822  9.317401E-15
3875.4125609538  1.079124E-14
3878.18891586938  9.320273E-15
3880.96527078496  9.993590E-15
3883.74162570054  1.039716E-14
3886.51798061612  1.068422E-14
3889.2943355317  1.102068E-14
3892.07069044728  8.196263E-15
3894.84704536286  1.021208E-14
3897.62340027844  1.077015E-14
3900.39975519402  8.334308E-15
3903.1761101096  1.067541E-14
3905.95246502518  1.027439E-14
3908.72881994076  9.882029E-15
3911.50517485634  1.071495E-14
3914.28152977192  1.226218E-14
3917.0578846875  9.928885E-15
3919.83423960308  8.021172E-15
3922.61059451866  9.883332E-15
3925.38694943424  1.124008E-14
3928.16330434982  9.514869E-15
3930.9396592654  9.896470E-15
3933.71601418098  9.641007E-15
3936.49236909656  8.973729E-15
3939.26872401214  9.837154E-15
3942.04507892772  1.023251E-14
3944.82143384329  1.040413E-14
3947.59778875887  1.057849E-14
3950.37414367445  9.264750E-15
3953.15049859003  9.101564E-15
3955.92685350561  8.659042E-15
3958.70320842119  7.458643E-15
3961.47956333677  8.446372E-15
3964.25591825235  8.494615E-15
3967.03227316793  9.001470E-15
3969.80862808351  9.726033E-15
3972.58498299909  8.715788E-15
3975.36133791467  6.521049E-15
3978.13769283025  6.962400E-15
3980.91404774583  8.537796E-15
3983.69040266141  9.143328E-15
3986.46675757699  9.575435E-15
3989.24311249257  8.660578E-15
3992.01946740815  9.439080E-15
3994.79582232373  9.673064E-15
3997.57217723931  8.319869E-15
4000.34853215489  9.631341E-15
4003.12488707047  8.558137E-15
4005.90124198605  8.430370E-15
4008.67759690163  9.320325E-15
4011.45395181721  9.013283E-15
4014.23030673279  8.023633E-15
4017.00666164837  8.503211E-15
4019.78301656395  8.270907E-15
4022.55937147953  8.352337E-15
4025.33572639511  8.736131E-15
4028.11208131069  8.870522E-15
4030.88843622627  9.585309E-15
4033.66479114185  8.222984E-15
4036.44114605743  7.248421E-15
4039.21750097301  9.350244E-15
4041.99385588858  9.306874E-15
4044.77021080416  8.595251E-15
4047.54656571974  8.769755E-15
4050.32292063532  8.733492E-15
4053.0992755509  7.941642E-15
4055.87563046648  7.125218E-15
4058.65198538206  9.285013E-15
4061.42834029764  9.217507E-15
4064.20469521322  8.160747E-15
4066.9810501288  8.605207E-15
4069.75740504438  8.741803E-15
4072.53375995996  1.029312E-14
4075.31011487554  1.056417E-14
4078.08646979112  9.126509E-15
4080.8628247067  7.741433E-15
4083.63917962228  8.476954E-15
4086.41553453786  9.376852E-15
4089.19188945344  8.258143E-15
4091.96824436902  7.940711E-15
4094.7445992846  8.194605E-15
4097.52095420018  8.889557E-15
4100.29730911576  8.675455E-15
4103.07366403134  8.290312E-15
4105.85001894692  8.063571E-15
4108.6263738625  8.975231E-15
4111.40272877808  8.260701E-15
4114.17908369366  9.552043E-15
4116.95543860924  9.144210E-15
4119.73179352482  7.774847E-15
4122.5081484404  7.698512E-15
4125.28450335598  8.087989E-15
4128.06085827156  8.702959E-15
4130.83721318714  8.171052E-15
4133.61356810271  8.752174E-15
4136.38992301829  8.312303E-15
4139.16627793387  9.424332E-15
4141.94263284945  8.798232E-15
4144.71898776503  9.443990E-15
4147.49534268061  8.944454E-15
4150.27169759619  9.188912E-15
4153.04805251177  9.038016E-15
4155.82440742735  9.309441E-15
4158.60076234293  9.401229E-15
4161.37711725851  9.559073E-15
4164.15347217409  9.505223E-15
4166.92982708967  9.135468E-15
4169.70618200525  8.456029E-15
4172.48253692083  9.716262E-15
4175.25889183641  9.479198E-15
4178.03524675199  8.871376E-15
4180.81160166757  9.257051E-15
4183.58795658315  8.883310E-15
4186.36431149873  9.556074E-15
4189.14066641431  9.346126E-15
4191.91702132989  9.092471E-15
4194.69337624547  8.880594E-15
4197.46973116105  8.855531E-15
4200.24608607663  8.820445E-15
4203.02244099221  9.259996E-15
4205.79879590779  8.731681E-15
4208.57515082337  8.569256E-15
4211.35150573895  9.005299E-15
4214.12786065453  8.471318E-15
4216.90421557011  8.961986E-15
4219.68057048569  8.937047E-15
4222.45692540127  8.725686E-15
4225.23328031684  8.935546E-15
4228.00963523242  8.465769E-15
4230.785990148  8.780767E-15
4233.56234506358  7.486063E-15
4236.33869997916  7.799164E-15
4239.11505489474  9.312936E-15
4241.89140981032  8.514661E-15
4244.6677647259  8.416328E-15
4247.44411964148  8.903286E-15
4250.22047455706  9.004518E-15
4252.99682947264  8.745618E-15
4255.77318438822  7.949656E-15
4258.5495393038  8.905017E-15
4261.32589421938  8.546095E-15
4264.10224913496  9.823919E-15
4266.87860405054  8.322763E-15
4269.65495896612  8.938576E-15
4272.4313138817  8.767940E-15
4275.20766879728  8.658918E-15
4277.98402371286  9.791952E-15
4280.76037862844  9.500753E-15
4283.53673354402  9.496767E-15
4286.3130884596  8.533451E-15
4289.08944337518  8.395307E-15
4291.86579829076  8.332586E-15
4294.64215320634  8.538461E-15
4297.41850812192  8.486097E-15
4300.1948630375  8.879655E-15
4302.97121795308  8.347107E-15
4305.74757286866  8.390403E-15
4308.52392778424  9.092150E-15
4311.30028269982  8.697384E-15
4314.0766376154  8.560486E-15
4316.85299253098  8.086688E-15
4319.62934744656  8.373964E-15
4322.40570236213  8.281383E-15
4325.18205727771  8.356306E-15
4327.95841219329  8.283552E-15
4330.73476710887  7.596848E-15
4333.51112202445  7.446716E-15
4336.28747694003  8.179125E-15
4339.06383185561  7.863740E-15
4341.84018677119  8.612170E-15
4344.61654168677  8.416526E-15
4347.39289660235  7.811631E-15
4350.16925151793  8.375175E-15
4352.94560643351  8.035308E-15
4355.72196134909  7.823988E-15
4358.49831626467  9.459041E-15
4361.27467118025  9.057850E-15
4364.05102609583  8.514088E-15
4366.82738101141  8.120724E-15
4369.60373592699  8.222237E-15
4372.38009084257  9.593498E-15
4375.15644575815  9.484154E-15
4377.93280067373  8.663236E-15
4380.70915558931  8.359796E-15
4383.48551050489  8.563832E-15
4386.26186542047  9.048407E-15
4389.03822033605  8.134896E-15
4391.81457525163  8.049967E-15
4394.59093016721  9.031127E-15
4397.36728508279  8.623243E-15
4400.14363999837  8.863443E-15
4402.91999491395  8.397843E-15
4405.69634982953  8.292006E-15
4408.47270474511  7.809250E-15
4411.24905966069  8.885015E-15
4414.02541457626  8.694223E-15
4416.80176949185  8.644917E-15
4419.57812440742  8.721183E-15
4422.354479323  9.149382E-15
4425.13083423858  8.919803E-15
4427.90718915416  8.928838E-15
4430.68354406974  9.115571E-15
4433.45989898532  8.542823E-15
4436.2362539009  8.710972E-15
4439.01260881648  8.820229E-15
4441.78896373206  8.091749E-15
4444.56531864764  8.951443E-15
4447.34167356322  8.985414E-15
4450.1180284788  8.724826E-15
4452.89438339438  9.047068E-15
4455.67073830996  8.673035E-15
4458.44709322554  7.889666E-15
4461.22344814112  8.759961E-15
4463.9998030567  8.562813E-15
4466.77615797228  8.580788E-15
4469.55251288786  8.146217E-15
4472.32886780344  8.008381E-15
4475.10522271902  7.942502E-15
4477.8815776346  7.978604E-15
4480.65793255018  8.082165E-15
4483.43428746576  7.936724E-15
4486.21064238134  7.946808E-15
4488.98699729692  8.619670E-15
4491.7633522125  9.354969E-15
4494.53970712808  9.358366E-15
4497.31606204366  9.175395E-15
4500.09241695924  8.339327E-15
4502.86877187482  8.732806E-15
4505.64512679039  7.973421E-15
4508.42148170598  8.822066E-15
4511.19783662155  9.257119E-15
4513.97419153713  8.386250E-15
4516.75054645271  7.645397E-15
4519.52690136829  9.091266E-15
4522.30325628387  8.874080E-15
4525.07961119945  8.580338E-15
4527.85596611503  8.961803E-15
4530.63232103061  8.764451E-15
4533.40867594619  9.031623E-15
4536.18503086177  9.107997E-15
4538.96138577735  9.056214E-15
4541.73774069293  8.962477E-15
4544.51409560851  9.634902E-15
4547.29045052409  8.944011E-15
4550.06680543967  8.550514E-15
4552.84316035525  9.252959E-15
4555.61951527083  8.557277E-15
4558.39587018641  8.772925E-15
4561.17222510199  9.209928E-15
4563.94858001757  8.844893E-15
4566.72493493315  9.380250E-15
4569.50128984873  8.730851E-15
4572.27764476431  7.899826E-15
4575.05399967989  8.631073E-15
4577.83035459547  8.407466E-15
4580.60670951105  9.007028E-15
4583.38306442663  8.460807E-15
4586.15941934221  8.910947E-15
4588.93577425779  9.679035E-15
4591.71212917337  9.408882E-15
4594.48848408895  8.648533E-15
4597.26483900453  8.781096E-15
4600.0411939201  9.408624E-15
4602.81754883568  9.699069E-15
4605.59390375127  8.865870E-15
4608.37025866684  8.252445E-15
4611.14661358242  7.927622E-15
4613.922968498  9.252558E-15
4616.69932341358  8.903184E-15
4619.47567832916  8.514086E-15
4622.25203324474  9.399066E-15
4625.02838816032  9.089796E-15
4627.8047430759  8.818576E-15
4630.58109799148  8.645518E-15
4633.35745290706  9.649062E-15
4636.13380782264  9.537191E-15
4638.91016273822  9.670202E-15
4641.6865176538  9.489046E-15
4644.46287256938  8.904257E-15
4647.23922748496  9.875100E-15
4650.01558240054  9.481369E-15
4652.79193731612  9.784001E-15
4655.5682922317  9.186966E-15
4658.34464714728  9.750505E-15
4661.12100206286  9.306651E-15
4663.89735697844  9.028793E-15
4666.67371189402  9.899120E-15
4669.4500668096  9.623528E-15
4672.22642172518  9.356491E-15
4675.00277664076  9.445684E-15
4677.77913155634  9.084155E-15
4680.55548647192  9.488241E-15
4683.3318413875  9.119378E-15
4686.10819630308  9.287707E-15
4688.88455121866  9.662168E-15
4691.66090613424  9.444991E-15
4694.43726104982  9.345525E-15
4697.21361596539  9.445541E-15
4699.98997088097  9.590481E-15
4702.76632579655  9.532584E-15
4705.54268071213  9.500610E-15
4708.31903562771  9.450768E-15
4711.09539054329  9.302060E-15
4713.87174545887  8.968924E-15
4716.64810037445  8.422217E-15
4719.42445529003  8.157441E-15
4722.20081020561  8.101486E-15
4724.97716512119  8.285880E-15
4727.75352003677  8.349786E-15
4730.52987495235  9.300444E-15
4733.30622986793  9.561039E-15
4736.08258478351  8.773447E-15
4738.85893969909  8.144594E-15
4741.63529461467  8.659403E-15
4744.41164953025  8.690356E-15
4747.18800444583  8.453923E-15
4749.96435936141  8.947107E-15
4752.74071427699  7.967811E-15
4755.51706919257  8.561492E-15
4758.29342410815  9.159608E-15
4761.06977902373  9.157073E-15
4763.84613393931  9.147174E-15
4766.62248885489  9.114353E-15
4769.39884377047  7.974276E-15
4772.17519868605  8.376316E-15
4774.95155360163  8.642904E-15
4777.72790851721  8.498847E-15
4780.50426343279  8.748017E-15
4783.28061834837  8.465905E-15
4786.05697326394  8.250795E-15
4788.83332817953  7.947594E-15
4791.6096830951  8.150093E-15
4794.38603801068  8.500963E-15
4797.16239292626  9.026164E-15
4799.93874784184  8.805174E-15
4802.71510275742  8.843614E-15
4805.491457673  8.685858E-15
4808.26781258858  8.527624E-15
4811.04416750416  8.892441E-15
4813.82052241974  8.995381E-15
4816.59687733532  8.363640E-15
4819.3732322509  7.914459E-15
4822.14958716648  8.799649E-15
4824.92594208206  8.471365E-15
4827.70229699764  9.209727E-15
4830.47865191322  8.999382E-15
4833.2550068288  8.568446E-15
4836.03136174438  9.319052E-15
4838.80771665996  8.965151E-15
4841.58407157554  8.605441E-15
4844.36042649112  8.695199E-15
4847.1367814067  8.518606E-15
4849.91313632228  7.884800E-15
4852.68949123786  8.426794E-15
4855.46584615344  8.191457E-15
4858.24220106902  8.239365E-15
4861.0185559846  8.842908E-15
4863.79491090018  8.429329E-15
4866.57126581576  8.547884E-15
4869.34762073134  8.599561E-15
4872.12397564692  9.072298E-15
4874.9003305625  8.651407E-15
4877.67668547807  7.471846E-15
4880.45304039366  8.251844E-15
4883.22939530923  8.118120E-15
4886.00575022481  8.833259E-15
4888.7821051404  8.507637E-15
4891.55846005597  8.453987E-15
4894.33481497155  8.660415E-15
4897.11116988713  8.578933E-15
4899.88752480271  8.260141E-15
4902.66387971829  8.668436E-15
4905.44023463387  8.703360E-15
4908.21658954945  8.166460E-15
4910.99294446503  8.114155E-15
4913.76929938061  8.495747E-15
4916.54565429619  8.132839E-15
4919.32200921177  8.165758E-15
4922.09836412735  8.241011E-15
4924.87471904293  8.751108E-15
4927.65107395851  8.998188E-15
4930.42742887409  8.655935E-15
4933.20378378967  8.241442E-15
4935.98013870525  8.716083E-15
4938.75649362083  8.949201E-15
4941.53284853641  8.718104E-15
4944.30920345199  8.736880E-15
4947.08555836757  8.546031E-15
4949.86191328315  8.655174E-15
4952.63826819873  8.459836E-15
4955.41462311431  7.937339E-15
4958.19097802989  8.116471E-15
4960.96733294547  8.312062E-15
4963.74368786104  8.836092E-15
4966.52004277663  8.601382E-15
4969.29639769221  8.756129E-15
4972.07275260778  8.527704E-15
4974.84910752337  8.673597E-15
4977.62546243894  8.613977E-15
4980.40181735452  8.408072E-15
4983.1781722701  8.372621E-15
4985.95452718569  8.294455E-15
4988.73088210126  9.070325E-15
4991.50723701684  8.636042E-15
4994.28359193242  8.181218E-15
4997.059946848  8.429893E-15
4999.83630176358  8.560627E-15
5002.61265667916  8.361609E-15
5005.38901159474  8.582022E-15
5008.16536651032  8.134711E-15
5010.9417214259  8.203847E-15
5013.71807634148  8.372630E-15
5016.49443125706  8.536533E-15
5019.27078617264  8.937416E-15
5022.04714108822  8.488776E-15
5024.8234960038  8.079507E-15
5027.59985091938  8.493304E-15
5030.37620583496  8.391332E-15
5033.15256075054  8.414679E-15
5035.92891566612  8.521754E-15
5038.7052705817  8.557367E-15
5041.48162549728  8.572126E-15
5044.25798041286  8.713205E-15
5047.03433532844  8.716041E-15
5049.81069024402  8.148111E-15
5052.5870451596  8.317105E-15
5055.36340007518  8.287015E-15
5058.13975499076  8.252049E-15
5060.91610990634  8.574649E-15
5063.69246482192  8.513503E-15
5066.4688197375  7.922976E-15
5069.24517465307  8.160116E-15
5072.02152956866  8.020135E-15
5074.79788448423  7.978562E-15
5077.57423939981  8.080948E-15
5080.3505943154  8.042031E-15
5083.12694923098  8.634700E-15
5085.90330414655  8.406809E-15
5088.67965906213  8.048012E-15
5091.45601397771  8.529388E-15
5094.23236889329  7.895673E-15
5097.00872380887  8.626843E-15
5099.78507872445  8.581375E-15
5102.56143364003  8.323923E-15
5105.33778855561  8.439675E-15
5108.11414347119  9.007730E-15
5110.89049838677  8.601757E-15
5113.66685330235  8.177081E-15
5116.44320821793  7.995314E-15
5119.21956313351  8.346456E-15
5121.99591804909  8.923920E-15
5124.77227296467  8.245186E-15
5127.54862788025  8.484557E-15
5130.32498279583  8.443217E-15
5133.10133771141  8.241152E-15
5135.87769262699  8.238840E-15
5138.65404754257  8.868437E-15
5141.43040245815  8.655083E-15
5144.20675737373  8.342286E-15
5146.98311228931  8.558378E-15
5149.75946720489  8.318902E-15
5152.53582212047  8.019849E-15
5155.31217703605  8.183292E-15
5158.08853195163  7.752226E-15
5160.86488686721  8.245779E-15
5163.64124178279  8.855130E-15
5166.41759669837  8.503629E-15
5169.19395161395  8.223708E-15
5171.97030652952  8.114932E-15
5174.74666144511  8.383941E-15
5177.52301636068  8.154008E-15
5180.29937127626  7.811461E-15
5183.07572619184  8.255845E-15
5185.85208110742  8.295353E-15
5188.628436023  7.939673E-15
5191.40479093858  8.663484E-15
5194.18114585416  8.177436E-15
5196.95750076974  8.361128E-15
5199.73385568532  8.333488E-15
5202.5102106009  7.983483E-15
5205.28656551648  8.055886E-15
5208.06292043206  7.876438E-15
5210.83927534764  8.147662E-15
5213.61563026322  8.438240E-15
5216.3919851788  8.041846E-15
5219.16834009438  8.297281E-15
5221.94469500996  8.269102E-15
5224.72104992554  8.442207E-15
5227.49740484112  8.115374E-15
5230.2737597567  8.645189E-15
5233.05011467228  8.592629E-15
5235.82646958786  8.550156E-15
5238.60282450344  8.295460E-15
5241.37917941902  8.114626E-15
5244.1555343346  8.285571E-15
5246.93188925018  8.369662E-15
5249.70824416576  8.433000E-15
5252.48459908134  8.273183E-15
5255.26095399692  8.363613E-15
5258.0373089125  8.674457E-15
5260.81366382808  8.125805E-15
5263.59001874365  7.460582E-15
5266.36637365923  7.555821E-15
5269.14272857481  8.059539E-15
5271.91908349039  8.261359E-15
5274.69543840597  7.942548E-15
5277.47179332155  7.841031E-15
5280.24814823713  7.575300E-15
5283.02450315271  7.663567E-15
5285.80085806829  8.094742E-15
5288.57721298387  7.823991E-15
5291.35356789945  8.056412E-15
5294.12992281503  8.308870E-15
5296.90627773061  7.993706E-15
5299.68263264619  7.847515E-15
5302.45898756177  8.275320E-15
5305.23534247735  7.887048E-15
5308.01169739293  7.903379E-15
5310.78805230851  7.869267E-15
5313.56440722409  8.217217E-15
5316.34076213967  8.066534E-15
5319.11711705525  7.972394E-15
5321.89347197083  7.862219E-15
5324.66982688641  8.040906E-15
5327.44618180199  7.887182E-15
5330.22253671757  7.850931E-15
5332.99889163315  8.185990E-15
5335.77524654873  7.767316E-15
5338.55160146431  8.041496E-15
5341.32795637989  8.120445E-15
5344.10431129547  8.011582E-15
5346.88066621105  7.695184E-15
5349.65702112662  7.790060E-15
5352.43337604221  7.847482E-15
5355.20973095778  7.968861E-15
5357.98608587337  8.015408E-15
5360.76244078894  7.901875E-15
5363.53879570452  7.959996E-15
5366.3151506201  7.306266E-15
5369.09150553568  7.596106E-15
5371.86786045126  8.086657E-15
5374.64421536684  7.816770E-15
5377.42057028242  7.529782E-15
5380.196925198  8.372801E-15
5382.97328011358  8.190105E-15
5385.74963502916  7.828418E-15
5388.52598994474  7.972291E-15
5391.30234486032  7.556215E-15
5394.0786997759  7.656579E-15
5396.85505469148  7.822679E-15
5399.63140960706  8.275542E-15
5402.40776452264  7.953537E-15
5405.18411943822  7.721608E-15
5407.9604743538  7.631351E-15
5410.73682926938  7.573300E-15
5413.51318418496  7.550794E-15
5416.28953910054  8.239608E-15
5419.06589401612  7.725461E-15
5421.8422489317  8.009244E-15
5424.61860384728  7.850518E-15
5427.39495876286  7.455950E-15
5430.17131367844  7.459050E-15
5432.94766859402  7.937907E-15
5435.7240235096  7.461392E-15
5438.50037842518  7.192838E-15
5441.27673334076  7.576866E-15
5444.05308825634  7.721916E-15
5446.82944317192  7.390994E-15
5449.6057980875  7.955777E-15
5452.38215300308  7.804909E-15
5455.15850791866  7.708411E-15
5457.93486283423  8.040783E-15
5460.71121774981  7.945823E-15
5463.48757266539  7.517130E-15
5466.26392758097  7.676693E-15
5469.04028249655  7.687851E-15
5471.81663741213  7.477409E-15
5474.59299232771  7.843462E-15
5477.36934724329  7.341257E-15
5480.14570215887  7.134222E-15
5482.92205707445  7.508629E-15
5485.69841199003  7.980073E-15
5488.47476690561  7.595143E-15
5491.25112182119  7.435692E-15
5494.02747673677  7.442677E-15
5496.80383165235  7.321910E-15
5499.58018656793  7.701115E-15
5502.35654148351  7.606185E-15
5505.13289639909  8.033039E-15
5507.90925131467  8.000496E-15
5510.68560623025  7.553086E-15
5513.46196114583  7.521395E-15
5516.23831606141  7.476858E-15
5519.01467097699  7.424021E-15
5521.79102589257  7.789484E-15
5524.56738080815  7.772915E-15
5527.34373572373  7.678611E-15
5530.12009063931  7.831863E-15
5532.89644555489  7.690417E-15
5535.67280047047  7.114047E-15
5538.44915538605  7.657423E-15
5541.22551030163  7.520125E-15
5544.0018652172  7.420597E-15
5546.77822013278  7.503973E-15
5549.55457504837  7.246485E-15
5552.33092996394  7.188102E-15
5555.10728487952  7.012205E-15
5557.8836397951  7.005286E-15
5560.65999471068  6.893069E-15
5563.43634962626  7.043099E-15
5566.21270454184  7.558358E-15
5568.98905945742  7.491658E-15
5571.765414373  7.066821E-15
5574.54176928858  7.005791E-15
5577.31812420416  7.617700E-15
5580.09447911974  7.941061E-15
5582.87083403532  7.366141E-15
5585.6471889509  6.900319E-15
5588.42354386648  7.288694E-15
5591.19989878206  7.279320E-15
5593.97625369764  6.868566E-15
5596.75260861322  7.287345E-15
5599.5289635288  7.647982E-15
5602.30531844438  7.441904E-15
5605.08167335996  7.059711E-15
5607.85802827554  7.159397E-15
5610.63438319112  7.384660E-15
5613.4107381067  7.548539E-15
5616.18709302228  7.027593E-15
5618.96344793786  7.193827E-15
5621.73980285344  7.452214E-15
5624.51615776902  7.155050E-15
5627.2925126846  6.898022E-15
5630.06886760018  6.946821E-15
5632.84522251576  6.984599E-15
5635.62157743134  7.135311E-15
5638.39793234691  6.769202E-15
5641.1742872625  6.892736E-15
5643.95064217807  6.733608E-15
5646.72699709365  7.107052E-15
5649.50335200923  7.342852E-15
5652.27970692482  7.006560E-15
5655.05606184039  6.618060E-15
5657.83241675597  7.383677E-15
5660.60877167155  7.104596E-15
5663.38512658713  6.850432E-15
5666.16148150271  6.758661E-15
5668.93783641829  7.205620E-15
5671.71419133387  6.997564E-15
5674.49054624945  6.916279E-15
5677.26690116503  6.926402E-15
5680.04325608061  7.173607E-15
5682.81961099619  7.137198E-15
5685.59596591177  6.948910E-15
5688.37232082735  6.693545E-15
5691.14867574293  7.103193E-15
5693.92503065851  6.844657E-15
5696.70138557409  6.916182E-15
5699.47774048967  6.898038E-15
5702.25409540525  6.901155E-15
5705.03045032083  6.884693E-15
5707.80680523641  7.155861E-15
5710.58316015199  7.033407E-15
5713.35951506757  6.740515E-15
5716.13586998315  6.945973E-15
5718.91222489873  7.097527E-15
5721.68857981431  6.571385E-15
5724.46493472989  6.701889E-15
5727.24128964546  6.788995E-15
5730.01764456105  6.657472E-15
5732.79399947663  6.788601E-15
5735.5703543922  6.698916E-15
5738.34670930778  7.001331E-15
5741.12306422336  7.213106E-15
5743.89941913894  6.504458E-15
5746.67577405452  6.936007E-15
5749.4521289701  7.011210E-15
5752.22848388568  6.444027E-15
5755.00483880126  6.596298E-15
5757.78119371684  6.695051E-15
5760.55754863242  6.829934E-15
5763.333903548  6.649286E-15
5766.11025846358  6.619527E-15
5768.88661337916  6.785288E-15
5771.66296829474  6.898076E-15
5774.43932321032  7.005775E-15
5777.2156781259  7.091366E-15
5779.99203304148  6.807873E-15
5782.76838795706  6.716155E-15
5785.54474287264  7.183874E-15
5788.32109778822  6.922550E-15
5791.0974527038  6.501520E-15
5793.87380761938  7.063269E-15
5796.65016253496  7.169285E-15
5799.42651745054  7.017216E-15
5802.20287236612  7.353378E-15
5804.9792272817  6.670953E-15
5807.75558219728  6.969631E-15
5810.53193711286  7.446074E-15
5813.30829202844  7.082998E-15
5816.08464694402  7.326846E-15
5818.8610018596  6.774763E-15
5821.63735677518  6.608613E-15
5824.41371169076  6.704864E-15
5827.19006660633  6.777161E-15
5829.96642152192  6.809368E-15
5832.74277643749  6.772855E-15
5835.51913135307  6.791413E-15
5838.29548626865  6.977361E-15
5841.07184118423  6.940228E-15
5843.84819609981  6.572806E-15
5846.62455101539  6.957426E-15
5849.40090593097  6.833660E-15
5852.17726084655  6.608149E-15
5854.95361576213  6.585365E-15
5857.72997067771  6.439648E-15
5860.50632559329  6.420345E-15
5863.28268050887  6.679874E-15
5866.05903542445  6.938469E-15
5868.83539034003  7.139805E-15
5871.61174525561  6.787196E-15
5874.38810017119  7.166942E-15
5877.16445508677  7.019142E-15
5879.94081000235  6.786962E-15
5882.71716491793  6.347445E-15
5885.49351983351  6.536845E-15
5888.26987474909  6.628669E-15
5891.04622966467  6.376117E-15
5893.82258458025  6.439671E-15
5896.59893949583  6.241252E-15
5899.37529441141  6.568414E-15
5902.15164932699  6.567486E-15
5904.92800424257  6.331055E-15
5907.70435915815  6.531295E-15
5910.48071407373  6.565589E-15
5913.25706898931  6.440252E-15
5916.03342390489  6.359454E-15
5918.80977882047  6.341458E-15
5921.58613373604  6.494286E-15
5924.36248865163  6.319784E-15
5927.1388435672  6.531480E-15
5929.91519848278  6.696803E-15
5932.69155339836  6.581232E-15
5935.46790831394  6.360126E-15
5938.24426322952  6.280359E-15
5941.0206181451  6.244323E-15
5943.79697306068  6.380062E-15
5946.57332797626  6.107084E-15
5949.34968289184  6.167091E-15
5952.12603780742  6.465726E-15
5954.902392723  6.390305E-15
5957.67874763858  6.462112E-15
5960.45510255416  6.544409E-15
5963.23145746974  6.373942E-15
5966.00781238532  6.524671E-15
5968.7841673009  6.549252E-15
5971.56052221648  6.056405E-15
5974.33687713206  6.151090E-15
5977.11323204764  6.367524E-15
5979.88958696322  6.106090E-15
5982.6659418788  6.090945E-15
5985.44229679438  6.101909E-15
5988.21865170996  6.533838E-15
5990.99500662554  6.496247E-15
5993.77136154112  6.285306E-15
5996.5477164567  6.375279E-15
5999.32407137228  6.416526E-15
6002.10042628786  6.575211E-15
6004.87678120344  6.371116E-15
6007.65313611902  6.156047E-15
6010.42949103459  5.942720E-15
6013.20584595018  6.270251E-15
6015.98220086575  6.373704E-15
6018.75855578134  6.156883E-15
6021.53491069691  6.287348E-15
6024.31126561249  6.139093E-15
6027.08762052807  6.089299E-15
6029.86397544365  6.371635E-15
6032.64033035923  6.221899E-15
6035.41668527481  6.137838E-15
6038.19304019039  6.087507E-15
6040.96939510597  6.093769E-15
6043.74575002155  6.198723E-15
6046.52210493713  6.104504E-15
6049.29845985271  6.415759E-15
6052.07481476829  6.174481E-15
6054.85116968387  6.089806E-15
6057.62752459945  6.342701E-15
6060.40387951503  6.359700E-15
6063.18023443061  5.898259E-15
6065.95658934619  5.999813E-15
6068.73294426177  6.375123E-15
6071.50929917735  6.277700E-15
6074.28565409293  6.169098E-15
6077.06200900851  6.036176E-15
6079.83836392409  5.987038E-15
6082.61471883967  6.131774E-15
6085.39107375525  6.255380E-15
6088.16742867083  5.927067E-15
6090.94378358641  5.820118E-15
6093.72013850199  6.281386E-15
6096.49649341757  6.099253E-15
6099.27284833315  6.258044E-15
6102.04920324873  5.956930E-15
6104.82555816431  5.998702E-15
6107.60191307989  6.074119E-15
6110.37826799546  5.865496E-15
6113.15462291105  5.770078E-15
6115.93097782662  6.015671E-15
6118.7073327422  6.271601E-15
6121.48368765778  6.316373E-15
6124.26004257336  6.207722E-15
6127.03639748894  5.957445E-15
6129.81275240452  5.986831E-15
6132.5891073201  6.362809E-15
6135.36546223568  6.114781E-15
6138.14181715126  6.024199E-15
6140.91817206684  6.176874E-15
6143.69452698242  6.014400E-15
6146.470881898  5.910140E-15
6149.24723681358  6.212153E-15
6152.02359172916  6.016810E-15
6154.79994664474  5.795585E-15
6157.57630156032  5.986698E-15
6160.3526564759  6.151618E-15
6163.12901139148  5.973052E-15
6165.90536630706  6.014263E-15
6168.68172122264  5.697720E-15
6171.45807613822  5.815466E-15
6174.2344310538  5.964399E-15
6177.01078596938  5.937122E-15
6179.78714088496  5.701201E-15
6182.56349580054  5.585123E-15
6185.33985071612  5.857419E-15
6188.1162056317  6.022073E-15
6190.89256054728  5.877556E-15
6193.66891546286  5.901871E-15
6196.44527037844  5.915020E-15
6199.22162529402  5.890301E-15
6201.9979802096  6.151240E-15
6204.77433512517  6.048982E-15
6207.55069004076  5.717412E-15
6210.32704495633  5.747794E-15
6213.10339987191  5.854675E-15
6215.87975478749  6.198095E-15
6218.65610970307  6.209646E-15
6221.43246461865  5.592960E-15
6224.20881953423  5.678413E-15
6226.98517444981  5.804072E-15
6229.76152936539  5.890812E-15
6232.53788428097  6.044538E-15
6235.31423919655  5.628208E-15
6238.09059411213  5.815448E-15
6240.86694902771  5.922116E-15
6243.64330394329  5.765856E-15
6246.41965885887  5.758575E-15
6249.19601377445  5.498539E-15
6251.97236869003  5.692727E-15
6254.74872360561  5.674786E-15
6257.52507852119  6.054199E-15
6260.30143343677  6.175885E-15
6263.07778835235  5.942218E-15
6265.85414326793  5.622257E-15
6268.63049818351  5.574149E-15
6271.40685309909  6.027255E-15
6274.18320801467  5.650337E-15
6276.95956293025  5.630045E-15
6279.73591784583  5.880990E-15
6282.51227276141  6.023909E-15
6285.28862767699  6.042742E-15
6288.06498259257  5.601445E-15
6290.84133750815  5.553578E-15
6293.61769242373  5.496487E-15
6296.39404733931  6.069994E-15
6299.17040225488  5.502693E-15
6301.94675717047  5.617915E-15
6304.72311208604  5.777444E-15
6307.49946700162  5.974950E-15
6310.2758219172  6.027904E-15
6313.05217683278  5.836279E-15
6315.82853174836  5.575806E-15
6318.60488666394  5.618108E-15
6321.38124157952  5.579914E-15
6324.1575964951  5.709980E-15
6326.93395141068  6.099062E-15
6329.71030632626  5.868937E-15
6332.48666124184  5.803278E-15
6335.26301615742  5.615215E-15
6338.039371073  5.490600E-15
6340.81572598858  5.927253E-15
6343.59208090416  5.936900E-15
6346.36843581974  5.815779E-15
6349.14479073532  5.542739E-15
6351.9211456509  5.395952E-15
6354.69750056648  5.682281E-15
6357.47385548206  5.883268E-15
6360.25021039764  5.982994E-15
6363.02656531322  5.533207E-15
6365.8029202288  5.608447E-15
6368.57927514438  5.427467E-15
6371.35563005996  5.230664E-15
6374.13198497554  5.726331E-15
6376.90833989111  5.860203E-15
6379.6846948067  5.764514E-15
6382.46104972228  5.379772E-15
6385.23740463786  5.655624E-15
6388.01375955344  6.144723E-15
6390.79011446902  5.858739E-15
6393.56646938459  5.810067E-15
6396.34282430017  5.717612E-15
6399.11917921575  5.396727E-15
6401.89553413133  5.243180E-15
6404.67188904691  5.686975E-15
6407.44824396249  5.583124E-15
6410.22459887807  5.154514E-15
6413.00095379365  5.509685E-15
6415.77730870923  5.443817E-15
6418.55366362481  5.606242E-15
6421.33001854039  6.057969E-15
6424.10637345597  5.665152E-15
6426.88272837155  5.701922E-15
6429.65908328713  5.654098E-15
6432.43543820271  5.531439E-15
6435.21179311829  5.840992E-15
6437.98814803387  5.861690E-15
6440.76450294945  5.379447E-15
6443.54085786503  5.542296E-15
6446.31721278061  5.488322E-15
6449.09356769619  5.217006E-15
6451.86992261177  5.545331E-15
6454.64627752735  5.767668E-15
6457.42263244293  5.658004E-15
6460.19898735851  5.527100E-15
6462.97534227409  5.592902E-15
6465.75169718967  5.797680E-15
6468.52805210525  5.663102E-15
6471.30440702083  5.270996E-15
6474.08076193641  5.281379E-15
6476.85711685199  5.421969E-15
6479.63347176757  5.428120E-15
6482.40982668315  5.544085E-15
6485.18618159872  5.404164E-15
6487.9625365143  5.258054E-15
6490.73889142988  5.166113E-15
6493.51524634546  5.085263E-15
6496.29160126104  5.344410E-15
6499.06795617662  5.782283E-15
6501.8443110922  5.413059E-15
6504.62066600778  5.242861E-15
6507.39702092336  5.721981E-15
6510.17337583894  5.396512E-15
6512.94973075452  5.152879E-15
6515.7260856701  5.561667E-15
6518.50244058568  5.426828E-15
6521.27879550126  5.017482E-15
6524.05515041684  5.201020E-15
6526.83150533242  5.532803E-15
6529.607860248  5.267722E-15
6532.38421516358  5.370515E-15
6535.16057007916  5.136798E-15
6537.93692499474  5.326410E-15
6540.71327991032  5.696957E-15
6543.4896348259  5.731443E-15
6546.26598974148  6.159670E-15
6549.04234465706  7.181042E-15
6551.81869957264  8.169215E-15
6554.59505448822  8.809355E-15
6557.3714094038  9.301278E-15
6560.14776431938  9.161631E-15
6562.92411923496  8.875553E-15
6565.70047415053  8.483179E-15
6568.47682906612  7.212289E-15
6571.25318398169  6.411098E-15
6574.02953889728  6.225972E-15
6576.80589381286  6.021915E-15
6579.58224872843  5.385579E-15
6582.35860364401  5.258427E-15
6585.13495855959  5.040306E-15
6587.91131347517  4.954962E-15
6590.68766839076  5.142509E-15
6593.46402330633  4.882326E-15
6596.24037822191  5.241359E-15
6599.01673313749  5.199280E-15
6601.79308805307  5.060107E-15
6604.56944296865  4.947754E-15
6607.34579788423  5.016538E-15
6610.12215279981  5.220514E-15
6612.89850771539  5.227867E-15
6615.67486263097  5.091591E-15
6618.45121754655  5.038785E-15
6621.22757246213  5.206471E-15
6624.00392737771  5.318631E-15
6626.78028229329  5.355671E-15
6629.55663720887  5.074232E-15
6632.33299212445  5.009799E-15
6635.10934704003  5.090105E-15
6637.88570195561  4.970935E-15
6640.66205687119  5.175165E-15
6643.43841178677  5.246005E-15
6646.21476670235  5.027127E-15
6648.99112161793  5.154119E-15
6651.76747653351  5.269266E-15
6654.54383144909  4.830969E-15
6657.32018636467  4.924421E-15
6660.09654128025  5.197607E-15
6662.87289619583  4.798844E-15
6665.64925111141  5.336517E-15
6668.42560602698  5.356958E-15
6671.20196094257  5.521089E-15
6673.97831585815  5.364918E-15
6676.75467077372  5.150580E-15
6679.5310256893  5.004331E-15
6682.30738060488  5.167595E-15
6685.08373552046  5.282836E-15
6687.86009043604  5.174932E-15
6690.63644535162  4.927887E-15
6693.4128002672  4.876769E-15
6696.18915518278  4.970559E-15
6698.96551009836  4.856914E-15
6701.74186501394  4.837939E-15
6704.51821992952  4.914973E-15
6707.2945748451  5.131167E-15
6710.07092976068  4.792648E-15
6712.84728467626  4.860990E-15
6715.62363959184  5.423463E-15
6718.39999450742  5.119103E-15
6721.176349423  4.959668E-15
6723.95270433858  5.099830E-15
6726.72905925416  5.037133E-15
6729.50541416974  4.937376E-15
6732.28176908532  4.813245E-15
6735.0581240009  4.851441E-15
6737.83447891648  4.984123E-15
6740.61083383206  4.958419E-15
6743.38718874764  4.713572E-15
6746.16354366322  4.511579E-15
6748.9398985788  4.704057E-15
6751.71625349438  4.913580E-15
6754.49260840996  4.891548E-15
6757.26896332554  4.744963E-15
6760.04531824112  4.555200E-15
6762.82167315669  4.862598E-15
6765.59802807227  5.314201E-15
6768.37438298785  5.043655E-15
6771.15073790343  4.855675E-15
6773.92709281901  4.770385E-15
6776.70344773459  5.041854E-15
6779.47980265018  4.612297E-15
6782.25615756575  4.768278E-15
6785.03251248133  4.626808E-15
6787.80886739691  4.673124E-15
6790.58522231249  4.569348E-15
6793.36157722807  4.612423E-15
6796.13793214365  5.020771E-15
6798.91428705923  4.726188E-15
6801.69064197481  4.511821E-15
6804.46699689039  4.749657E-15
6807.24335180597  4.596653E-15
6810.01970672155  4.630017E-15
6812.79606163713  4.896395E-15
6815.57241655271  4.720039E-15
6818.34877146829  4.902578E-15
6821.12512638387  5.237209E-15
6823.90148129945  4.758714E-15
6826.67783621503  4.487301E-15
6829.45419113061  4.788900E-15
6832.23054604619  4.879689E-15
6835.00690096177  4.666131E-15
6837.78325587735  4.971601E-15
6840.55961079293  5.037502E-15
6843.33596570851  4.849669E-15
6846.11232062409  4.915765E-15
6848.88867553967  5.008839E-15
6851.66503045524  4.663056E-15
6854.44138537082  4.571283E-15
6857.21774028641  5.063928E-15
6859.99409520199  4.938977E-15
6862.77045011756  4.793692E-15
6865.54680503314  4.924129E-15
6868.32315994872  4.945883E-15
6871.0995148643  5.045239E-15
6873.87586977988  4.968137E-15
6876.65222469546  4.695028E-15
6879.42857961104  4.968072E-15
6882.20493452662  5.024937E-15
6884.9812894422  4.741882E-15
6887.75764435778  4.879765E-15
6890.53399927336  4.950009E-15
6893.31035418894  4.630982E-15
6896.08670910452  4.736355E-15
6898.8630640201  5.010925E-15
6901.63941893568  4.983500E-15
6904.41577385126  5.209503E-15
6907.19212876684  5.045279E-15
6909.96848368242  4.784983E-15
6912.744838598  4.369287E-15
6915.52119351358  4.898423E-15
6918.29754842916  4.985138E-15
6921.07390334474  4.780297E-15
6923.85025826032  4.679953E-15
6926.6266131759  4.757074E-15
6929.40296809148  4.684651E-15
6932.17932300706  5.213391E-15
6934.95567792264  4.715076E-15
6937.73203283822  4.473571E-15
6940.5083877538  4.736981E-15
6943.28474266938  4.664988E-15
6946.06109758495  4.739676E-15
6948.83745250054  4.918098E-15
6951.61380741612  4.863302E-15
6954.39016233169  4.848305E-15
6957.16651724727  4.843897E-15
6959.94287216285  4.794750E-15
6962.71922707843  4.903719E-15
6965.49558199401  4.720438E-15
6968.27193690959  4.498872E-15
6971.04829182517  4.680686E-15
6973.82464674075  4.734393E-15
6976.60100165633  5.018380E-15
6979.37735657191  4.756251E-15
6982.15371148749  4.536692E-15
6984.93006640307  4.696037E-15
6987.70642131865  4.771550E-15
6990.48277623423  4.769934E-15
6993.25913114981  4.735969E-15
6996.03548606539  4.829838E-15
6998.81184098097  4.630234E-15
7001.58819589655  4.558630E-15
7004.36455081213  4.495225E-15
7007.14090572771  4.750886E-15
7009.91726064329  4.758317E-15
7012.69361555887  4.771914E-15
7015.46997047445  4.618344E-15
7018.24632539003  4.377897E-15
7021.02268030561  4.354477E-15
7023.79903522119  4.622198E-15
7026.57539013677  4.623171E-15
7029.35174505235  4.603266E-15
7032.12809996793  4.550426E-15
7034.90445488351  4.413930E-15
7037.68080979909  4.392998E-15
7040.45716471466  4.089395E-15
7043.23351963024  4.380329E-15
7046.00987454583  4.478766E-15
7048.7862294614  4.318377E-15
7051.56258437698  4.658922E-15
7054.33893929256  5.006502E-15
7057.11529420814  4.963244E-15
7059.89164912372  4.805620E-15
7062.6680040393  4.657157E-15
7065.44435895488  4.674408E-15
7068.22071387046  4.702104E-15
7070.99706878604  4.525635E-15
7073.77342370162  4.554920E-15
7076.5497786172  4.639396E-15
7079.32613353278  4.498510E-15
7082.10248844836  4.295782E-15
7084.87884336394  4.409623E-15
7087.65519827952  4.438892E-15
7090.4315531951  4.492290E-15
7093.20790811068  4.270692E-15
7095.98426302626  4.192108E-15
7098.76061794184  4.236719E-15
7101.53697285742  4.124751E-15
7104.313327773  4.485218E-15
7107.08968268858  4.372468E-15
7109.86603760416  4.036955E-15
7112.64239251974  4.248678E-15
7115.41874743532  4.377846E-15
7118.1951023509  4.388796E-15
7120.97145726648  4.413609E-15
7123.74781218206  4.502665E-15
7126.52416709764  4.485061E-15
7129.30052201322  4.433214E-15
7132.0768769288  4.463885E-15
7134.85323184437  4.483850E-15
7137.62958675996  4.257637E-15
7140.40594167553  4.170109E-15
7143.18229659112  4.506921E-15
7145.95865150669  4.495613E-15
7148.73500642227  4.414447E-15
7151.51136133785  4.509629E-15
7154.28771625343  4.286542E-15
7157.06407116901  3.949211E-15
7159.84042608459  4.117953E-15
7162.61678100017  4.128500E-15
7165.39313591575  3.939314E-15
7168.16949083133  3.930492E-15
7170.94584574691  3.830081E-15
7173.72220066249  4.155282E-15
7176.49855557807  4.064182E-15
7179.27491049365  3.838516E-15
7182.05126540923  4.186431E-15
7184.82762032481  4.395805E-15
7187.60397524039  4.275884E-15
7190.38033015597  4.144928E-15
7193.15668507155  4.314771E-15
7195.93303998713  3.987614E-15
7198.70939490271  4.077806E-15
7201.48574981829  3.812394E-15
7204.26210473387  4.403346E-15
7207.03845964945  4.383598E-15
7209.81481456503  4.355604E-15
7212.59116948061  4.305326E-15
7215.36752439619  4.139145E-15
7218.14387931177  4.246521E-15
7220.92023422735  4.371495E-15
7223.69658914293  4.379428E-15
7226.47294405851  4.107948E-15
7229.24929897409  3.737613E-15
7232.02565388966  3.960306E-15
7234.80200880524  4.387925E-15
7237.57836372083  4.337495E-15
7240.3547186364  4.030186E-15
7243.13107355198  3.993497E-15
7245.90742846756  4.060637E-15
7248.68378338314  4.086291E-15
7251.46013829872  4.128348E-15
7254.2364932143  4.407496E-15
7257.01284812988  4.590880E-15
7259.78920304546  4.307871E-15
7262.56555796104  4.105930E-15
7265.34191287662  4.201018E-15
7268.1182677922  4.247768E-15
7270.89462270778  4.257613E-15
7273.67097762336  4.051689E-15
7276.44733253894  3.907976E-15
7279.22368745452  4.117009E-15
7282.0000423701  4.318000E-15
7284.77639728568  4.168850E-15
7287.55275220126  4.136112E-15
7290.32910711684  4.242448E-15
7293.10546203242  4.065262E-15
7295.881816948  3.967111E-15
7298.65817186358  4.027982E-15
7301.43452677916  4.000470E-15
7304.21088169474  3.884405E-15
7306.98723661032  3.790498E-15
7309.7635915259  3.827325E-15
7312.53994644148  3.932339E-15
7315.31630135706  3.841468E-15
7318.09265627264  3.912558E-15
7320.86901118822  3.824312E-15
7323.6453661038  3.948062E-15
7326.42172101938  4.146607E-15
7329.19807593495  3.701213E-15
7331.97443085053  3.736199E-15
7334.75078576611  3.916440E-15
7337.52714068169  3.727198E-15
7340.30349559727  3.937002E-15
7343.07985051285  3.985464E-15
7345.85620542843  3.682452E-15
7348.63256034401  3.628563E-15
7351.40891525959  3.740070E-15
7354.18527017517  3.893639E-15
7356.96162509075  3.909307E-15
7359.73798000633  3.861455E-15
7362.51433492191  3.904135E-15
7365.29068983749  3.851547E-15
7368.06704475307  3.699737E-15
7370.84339966865  3.661816E-15
7373.61975458423  3.553411E-15
7376.39610949981  3.840044E-15
7379.17246441539  4.192404E-15
7381.94881933097  3.929238E-15
7384.72517424655  3.653540E-15
7387.50152916213  3.817924E-15
7390.27788407771  3.957815E-15
7393.05423899329  3.692036E-15
7395.83059390887  3.701479E-15
7398.60694882445  3.986915E-15
7401.38330374003  4.075642E-15
7404.15965865561  3.936680E-15
7406.93601357119  3.964517E-15
7409.71236848677  3.851250E-15
7412.48872340235  3.608060E-15
7415.26507831793  3.780489E-15
7418.04143323351  3.849924E-15
7420.81778814909  3.798169E-15
7423.59414306466  3.621296E-15
7426.37049798024  3.718730E-15
7429.14685289582  3.597515E-15
7431.9232078114  3.824968E-15
7434.69956272698  3.780866E-15
7437.47591764256  3.809527E-15
7440.25227255814  3.710546E-15
7443.02862747372  3.552487E-15
7445.8049823893  3.607770E-15
7448.58133730488  4.025126E-15
7451.35769222046  4.005185E-15
7454.13404713604  3.877414E-15
7456.91040205162  3.926622E-15
7459.6867569672  3.753492E-15
7462.46311188278  3.706703E-15
7465.23946679836  3.745596E-15
7468.01582171394  3.592982E-15
7470.79217662952  3.590994E-15
7473.5685315451  3.642275E-15
7476.34488646068  3.670224E-15
7479.12124137626  3.705330E-15
7481.89759629184  3.548826E-15
7484.67395120742  3.624075E-15
7487.450306123  3.746394E-15
7490.22666103858  3.764615E-15
7493.00301595416  3.395377E-15
7495.77937086974  3.339851E-15
7498.55572578532  3.605463E-15
7501.3320807009  3.686907E-15
7504.10843561648  3.409967E-15
7506.88479053206  3.440459E-15
7509.66114544764  3.478934E-15
7512.43750036321  3.521224E-15
7515.2138552788  3.573878E-15
7517.99021019437  3.767007E-15
7520.76656510995  3.867542E-15
7523.54292002553  3.650031E-15
7526.31927494111  3.631586E-15
7529.09562985669  3.764848E-15
7531.87198477227  3.680213E-15
7534.64833968785  3.697937E-15
7537.42469460343  3.884863E-15
7540.20104951901  3.957267E-15
7542.97740443459  3.789923E-15
7545.75375935017  3.723132E-15
7548.53011426575  3.892092E-15
7551.30646918133  4.010385E-15
7554.08282409691  4.105673E-15
7556.85917901249  3.966290E-15
7559.63553392807  3.706653E-15
7562.41188884365  3.877119E-15
7565.18824375923  3.906509E-15
7567.96459867481  3.892336E-15
7570.74095359039  3.711012E-15
7573.51730850597  3.626571E-15
7576.29366342155  3.571639E-15
7579.07001833713  3.308217E-15
7581.84637325271  3.426095E-15
7584.62272816829  3.497258E-15
7587.39908308387  3.370792E-15
7590.17543799945  3.823711E-15
7592.95179291503  3.670536E-15
7595.72814783061  3.381617E-15
7598.50450274619  3.720454E-15
7601.28085766177  4.021735E-15
7604.05721257735  3.831194E-15
7606.83356749292  3.384253E-15
7609.60992240851  3.673076E-15
7612.38627732408  3.669922E-15
7615.16263223967  3.598680E-15
7617.93898715524  3.380092E-15
7620.71534207082  3.536611E-15
7623.4916969864  3.351958E-15
7626.26805190198  3.120362E-15
7629.04440681756  3.213574E-15
7631.82076173314  3.531922E-15
7634.59711664872  3.596419E-15
7637.3734715643  3.622087E-15
7640.14982647988  3.641318E-15
7642.92618139546  3.319614E-15
7645.70253631104  3.398713E-15
7648.47889122662  3.406948E-15
7651.2552461422  3.116660E-15
7654.03160105778  3.147980E-15
7656.80795597336  3.476466E-15
7659.58431088894  3.601370E-15
7662.36066580452  3.312671E-15
7665.1370207201  3.272725E-15
7667.91337563568  3.139697E-15
7670.68973055126  3.159076E-15
7673.46608546684  3.205375E-15
7676.24244038242  3.275525E-15
7679.018795298  3.244131E-15
7681.79515021358  3.414824E-15
7684.57150512916  3.199223E-15
7687.34786004474  3.116000E-15
7690.12421496032  3.316304E-15
7692.9005698759  3.317010E-15
7695.67692479148  3.448415E-15
7698.45327970706  3.419500E-15
7701.22963462264  3.267211E-15
7704.00598953821  3.470888E-15
7706.78234445379  3.641153E-15
7709.55869936937  3.186867E-15
7712.33505428495  3.054796E-15
7715.11140920053  3.095605E-15
7717.88776411611  3.391277E-15
7720.66411903169  3.354418E-15
7723.44047394727  3.046248E-15
7726.21682886285  3.164910E-15
7728.99318377843  3.373255E-15
7731.76953869401  3.142853E-15
7734.54589360959  3.119484E-15
7737.32224852517  3.297686E-15
7740.09860344075  3.173180E-15
7742.87495835633  3.255340E-15
7745.65131327191  3.380479E-15
7748.42766818749  3.231829E-15
7751.20402310307  3.149571E-15
7753.98037801865  3.106596E-15
7756.75673293423  3.310083E-15
7759.53308784981  3.417217E-15
7762.30944276539  3.340031E-15
7765.08579768097  3.110141E-15
7767.86215259655  3.170912E-15
7770.63850751213  3.104382E-15
7773.41486242771  3.002950E-15
7776.19121734329  3.200526E-15
7778.96757225887  3.482686E-15
7781.74392717445  3.075719E-15
7784.52028209003  3.085688E-15
7787.29663700561  3.245230E-15
7790.07299192119  3.235384E-15
7792.84934683677  3.287442E-15
7795.62570175234  3.227517E-15
7798.40205666793  3.162158E-15
7801.1784115835  3.271198E-15
7803.95476649909  3.378185E-15
7806.73112141466  3.378873E-15
7809.50747633024  3.326647E-15
7812.28383124582  3.232231E-15
7815.0601861614  3.222009E-15
7817.83654107698  3.493044E-15
7820.61289599256  3.399412E-15
7823.38925090814  3.401406E-15
7826.16560582372  3.393268E-15
7828.9419607393  3.079054E-15
7831.71831565488  3.146854E-15
7834.49467057046  3.216216E-15
7837.27102548604  3.369887E-15
7840.04738040162  3.137341E-15
7842.8237353172  3.277632E-15
7845.60009023278  3.366113E-15
7848.37644514836  2.880216E-15
7851.15280006394  2.858086E-15
7853.92915497952  3.081002E-15
7856.7055098951  3.009712E-15
7859.48186481068  3.167196E-15
7862.25821972626  3.347899E-15
7865.03457464184  3.206230E-15
7867.81092955742  2.996047E-15
7870.587284473  3.014552E-15
7873.36363938858  2.803764E-15
7876.13999430416  3.246477E-15
7878.91634921974  3.323683E-15
7881.69270413532  3.347921E-15
7884.4690590509  3.296376E-15
7887.24541396648  2.918659E-15
7890.02176888206  3.054823E-15
7892.79812379764  3.133491E-15
7895.57447871321  3.185653E-15
7898.3508336288  3.093047E-15
7901.12718854437  3.201767E-15
7903.90354345995  3.051149E-15
7906.67989837553  2.761221E-15
7909.45625329111  2.873493E-15
7912.23260820669  2.998634E-15
7915.00896312227  3.285988E-15
7917.78531803785  3.342908E-15
7920.56167295343  3.000008E-15
7923.33802786901  3.167016E-15
7926.11438278459  3.036354E-15
7928.89073770017  3.029770E-15
7931.66709261575  3.191384E-15
7934.44344753133  3.086271E-15
7937.21980244691  3.147765E-15
7939.99615736249  2.857737E-15
7942.77251227807  2.918476E-15
7945.54886719365  3.065379E-15
7948.32522210923  3.269952E-15
7951.10157702481  3.081988E-15
7953.87793194039  3.051292E-15
7956.65428685597  3.046023E-15
7959.43064177155  2.855066E-15
7962.20699668713  2.982301E-15
7964.98335160271  3.149942E-15
7967.75970651829  2.988580E-15
7970.53606143387  2.672078E-15
7973.31241634945  2.624576E-15
7976.08877126503  2.845598E-15
7978.86512618061  2.843109E-15
7981.64148109619  2.795412E-15
7984.41783601176  2.833167E-15
7987.19419092735  2.896159E-15
7989.97054584292  2.912404E-15
7992.74690075851  2.956333E-15
7995.52325567408  3.202227E-15
7998.29961058966  3.284253E-15
8001.07596550524  2.826672E-15
8003.85232042082  2.743976E-15
8006.6286753364  3.012651E-15
8009.40503025198  3.104891E-15
8012.18138516756  3.080709E-15
8014.95774008314  3.092909E-15
8017.73409499872  3.061416E-15
8020.5104499143  2.807341E-15
8023.28680482988  2.685890E-15
8026.06315974546  2.919649E-15
8028.83951466104  2.999572E-15
8031.61586957662  2.966309E-15
8034.3922244922  2.797571E-15
8037.16857940778  3.041162E-15
8039.94493432336  2.827749E-15
8042.72128923894  2.786933E-15
8045.49764415452  2.807972E-15
8048.2739990701  2.822499E-15
8051.05035398568  2.906454E-15
8053.82670890126  3.000870E-15
8056.60306381684  2.838871E-15
8059.37941873242  2.899400E-15
8062.155773648  2.897186E-15
8064.93212856357  2.679530E-15
8067.70848347916  2.974556E-15
8070.48483839474  3.022143E-15
8073.26119331031  2.707682E-15
8076.03754822589  3.036893E-15
8078.81390314148  3.066990E-15
8081.59025805706  2.998587E-15
8084.36661297263  2.819113E-15
8087.14296788822  3.102429E-15
8089.91932280379  2.949703E-15
8092.69567771937  3.088033E-15
8095.47203263495  2.887293E-15
8098.24838755053  2.743604E-15
8101.02474246611  3.043461E-15
8103.80109738169  2.824927E-15
8106.57745229727  3.027498E-15
8109.35380721285  3.014143E-15
8112.13016212843  2.870709E-15
8114.90651704401  2.986237E-15
8117.68287195959  3.073768E-15
8120.45922687517  3.024979E-15
8123.23558179075  2.918566E-15
8126.01193670633  2.872993E-15
8128.78829162191  2.672144E-15
8131.56464653749  2.626210E-15
8134.34100145307  2.831008E-15
8137.11735636865  2.760596E-15
8139.89371128423  2.867085E-15
8142.67006619981  2.792043E-15
8145.44642111539  2.577053E-15
8148.22277603097  2.740922E-15
8150.99913094655  2.666843E-15
8153.77548586213  2.514938E-15
8156.55184077771  2.420492E-15
8159.32819569329  2.220546E-15
8162.10455060886  2.393997E-15
8164.88090552445  2.603615E-15
8167.65726044003  2.551659E-15
8170.43361535561  2.482712E-15
8173.20997027118  2.579896E-15
8175.98632518676  2.798676E-15
8178.76268010234  2.976385E-15
8181.53903501792  3.008288E-15
8184.3153899335  2.729639E-15
8187.09174484908  2.622933E-15
8189.86809976466  2.721120E-15
8192.64445468024  2.801079E-15
8195.42080959582  2.670753E-15
8198.1971645114  2.833003E-15
8200.97351942698  2.821766E-15
8203.74987434256  3.103394E-15
8206.52622925814  2.716314E-15
8209.30258417372  2.607495E-15
8212.0789390893  2.856763E-15
8214.85529400488  2.932399E-15
8217.63164892046  2.991316E-15
8220.40800383604  2.691264E-15
8223.18435875162  2.601105E-15
8225.9607136672  2.781080E-15
8228.73706858278  2.490769E-15
8231.51342349836  2.380656E-15
8234.28977841394  2.565613E-15
8237.06613332952  2.682223E-15
8239.8424882451  2.746938E-15
8242.61884316068  2.985257E-15
8245.39519807626  3.017661E-15
8248.17155299184  3.201332E-15
8250.94790790742  2.961653E-15
8253.724262823  3.117944E-15
8256.50061773858  3.014273E-15
8259.27697265415  2.710489E-15
8262.05332756974  2.841677E-15
8264.82968248532  2.983723E-15
8267.60603740089  2.835688E-15
8270.38239231647  2.820216E-15
8273.15874723205  2.825500E-15
8275.93510214764  2.635849E-15
8278.71145706321  2.616052E-15
8281.48781197879  2.502038E-15
8284.26416689437  2.380610E-15
8287.04052180995  2.730718E-15
8289.81687672553  2.556374E-15
8292.59323164111  2.440701E-15
8295.36958655669  2.534954E-15
8298.14594147227  2.556177E-15
8300.92229638785  3.205363E-15
8303.69865130343  2.890084E-15
8306.47500621901  3.095252E-15
8309.25136113459  2.723801E-15
8312.02771605017  2.650170E-15
8314.80407096575  2.675053E-15
8317.58042588133  3.123450E-15
8320.35678079691  3.174524E-15
8323.13313571249  2.872694E-15
8325.90949062807  2.871889E-15
8328.68584554365  2.802085E-15
8331.46220045923  2.792756E-15
8334.23855537481  2.824375E-15
8337.01491029039  2.861779E-15
8339.79126520597  3.208749E-15
8342.56762012155  3.030226E-15
8345.34397503712  2.812900E-15
8348.12032995271  2.590219E-15
8350.89668486829  2.955312E-15
8353.67303978387  2.610035E-15
8356.44939469944  2.830182E-15
8359.22574961502  3.140973E-15
8362.00210453061  2.848162E-15
8364.77845944619  2.697457E-15
8367.55481436176  2.736618E-15
8370.33116927734  2.789534E-15
8373.10752419292  2.801506E-15
8375.8838791085  2.648514E-15
8378.66023402408  2.643429E-15
8381.43658893966  2.850997E-15
8384.21294385524  3.057491E-15
8386.98929877082  3.071624E-15
8389.7656536864  2.852535E-15
8392.54200860198  2.937458E-15
8395.31836351756  2.968335E-15
8398.09471843314  2.672798E-15
8400.87107334872  2.791749E-15
8403.6474282643  2.910432E-15
8406.42378317988  2.836197E-15
8409.20013809546  2.623290E-15
8411.97649301104  2.807176E-15
8414.75284792662  2.614597E-15
8417.5292028422  2.694231E-15
8420.30555775778  2.515098E-15
8423.08191267336  2.453642E-15
8425.85826758894  2.575592E-15
8428.63462250452  2.548809E-15
8431.4109774201  2.590574E-15
8434.18733233568  2.755239E-15
8436.96368725126  2.805165E-15
8439.74004216684  2.673159E-15
8442.51639708242  2.771285E-15
8445.292751998  2.985447E-15
8448.06910691358  2.728987E-15
8450.84546182916  2.718537E-15
8453.62181674473  2.540723E-15
8456.39817166031  2.730740E-15
8459.1745265759  2.752360E-15
8461.95088149147  2.752883E-15
8464.72723640705  2.796064E-15
8467.50359132263  2.846565E-15
8470.27994623821  2.595692E-15
8473.05630115379  2.686328E-15
8475.83265606937  2.771722E-15
8478.60901098495  2.729637E-15
8481.38536590053  2.574954E-15
8484.16172081611  2.714167E-15
8486.93807573169  2.983288E-15
8489.71443064727  2.805024E-15
8492.49078556285  2.719022E-15
8495.26714047843  2.783706E-15
8498.04349539401  2.673811E-15
8500.81985030959  2.684341E-15
8503.59620522517  2.682389E-15
8506.37256014075  2.582580E-15
8509.14891505633  2.726598E-15
8511.92526997191  2.442829E-15
8514.70162488749  2.662851E-15
8517.47797980307  2.570803E-15
8520.25433471865  2.495094E-15
8523.03068963423  2.227800E-15
8525.80704454981  2.235294E-15
8528.58339946539  2.537804E-15
8531.35975438097  2.600249E-15
8534.13610929655  2.612628E-15
8536.91246421213  2.612287E-15
8539.6888191277  2.584285E-15
8542.46517404328  2.639138E-15
8545.24152895887  2.565263E-15
8548.01788387445  2.343534E-15
8550.79423879002  2.281382E-15
8553.5705937056  2.754581E-15
8556.34694862118  2.934343E-15
8559.12330353676  2.484122E-15
8561.89965845234  2.598086E-15
8564.67601336792  2.501604E-15
8567.4523682835  2.672629E-15
8570.22872319908  2.683035E-15
8573.00507811466  2.472907E-15
8575.78143303024  2.474873E-15
8578.55778794582  2.418520E-15
8581.3341428614  2.612067E-15
8584.11049777698  2.581073E-15
8586.88685269256  2.517220E-15
8589.66320760814  2.579645E-15
8592.43956252372  2.681624E-15
8595.2159174393  2.491877E-15
8597.99227235488  2.185525E-15
8600.76862727046  2.742827E-15
8603.54498218604  2.929280E-15
8606.32133710162  2.496953E-15
8609.0976920172  2.753774E-15
8611.87404693278  3.029569E-15
8614.65040184836  2.785668E-15
8617.42675676394  2.580671E-15
8620.20311167952  2.813178E-15
8622.97946659509  2.758886E-15
8625.75582151068  2.597378E-15
8628.53217642626  2.632061E-15
8631.30853134184  2.464155E-15
8634.08488625742  2.632522E-15
8636.861241173  2.235162E-15
8639.63759608857  2.237717E-15
8642.41395100416  2.723593E-15
8645.19030591974  2.519298E-15
8647.96666083531  2.376857E-15
8650.74301575089  2.570337E-15
8653.51937066647  2.544453E-15
8656.29572558205  2.422652E-15
8659.07208049763  2.431328E-15
8661.84843541321  2.603321E-15
8664.62479032879  2.637291E-15
8667.40114524437  2.708152E-15
8670.17750015995  2.616126E-15
8672.95385507553  2.409185E-15
8675.73020999111  2.392013E-15
8678.50656490669  2.558673E-15
8681.28291982227  2.891613E-15
8684.05927473785  2.767980E-15
8686.83562965343  2.377267E-15
8689.61198456901  2.482031E-15
8692.38833948459  2.657777E-15
8695.16469440017  2.510400E-15
8697.94104931575  2.379627E-15
8700.71740423133  2.463989E-15
8703.49375914691  2.690080E-15
8706.27011406249  2.767996E-15
8709.04646897807  2.369190E-15
8711.82282389365  2.184750E-15
8714.59917880923  2.774610E-15
8717.37553372481  2.444505E-15
8720.15188864039  2.071275E-15
8722.92824355597  2.174515E-15
8725.70459847155  2.388708E-15
8728.48095338713  2.382031E-15
8731.25730830271  2.479498E-15
8734.03366321828  2.458412E-15
8736.81001813386  2.438720E-15
8739.58637304945  2.418349E-15
8742.36272796502  2.619532E-15
8745.1390828806  2.248042E-15
8747.91543779618  2.221612E-15
8750.69179271176  2.591305E-15
8753.46814762734  2.440317E-15
8756.24450254292  2.420146E-15
8759.0208574585  2.593321E-15
8761.79721237408  2.444316E-15
8764.57356728966  2.296469E-15
8767.34992220524  2.358368E-15
8770.12627712082  2.178023E-15
8772.9026320364  2.477743E-15
8775.67898695198  2.545665E-15
8778.45534186756  2.560834E-15
8781.23169678314  2.646625E-15
8784.00805169872  2.377076E-15
8786.7844066143  2.331013E-15
8789.56076152988  2.228464E-15
8792.33711644546  2.480006E-15
8795.11347136104  2.285265E-15
8797.88982627662  2.026074E-15
8800.6661811922  2.485598E-15
8803.44253610778  2.375668E-15
8806.21889102336  1.756187E-15
8808.99524593894  1.947685E-15
8811.77160085452  2.338994E-15
8814.5479557701  2.089815E-15
8817.32431068567  1.973666E-15
8820.10066560126  2.311162E-15
8822.87702051683  2.290312E-15
8825.65337543242  2.314956E-15
8828.429730348  1.898252E-15
8831.20608526358  2.011679E-15
