3861.5307863759  1.236212E-14
3864.30714129148  1.086960E-14
3867.08349620706  1.055452E-14
3869.85985112264  9.475952E-15
3872.63620603822  8.163758E-15
3875.4125609538  9.217618E-15
3878.18891586938  9.111886E-15
3880.96527078496  9.834621E-15
3883.74162570054  8.740690E-15
3886.51798061612  1.067645E-14
3889.2943355317  9.893105E-15
3892.07069044728  9.057528E-15
3894.84704536286  7.363695E-15
3897.62340027844  7.868845E-15
3900.39975519402  8.363909E-15
3903.1761101096  1.056107E-14
3905.95246502518  1.091679E-14
3908.72881994076  8.797616E-15
3911.50517485634  1.041683E-14
3914.28152977192  1.006147E-14
3917.0578846875  8.748991E-15
3919.83423960308  6.506467E-15
3922.61059451866  1.009973E-14
3925.38694943424  1.027706E-14
3928.16330434982  9.378282E-15
3930.9396592654  7.915657E-15
3933.71601418098  9.158293E-15
3936.49236909656  1.071214E-14
3939.26872401214  8.512108E-15
3942.04507892772  9.746155E-15
3944.82143384329  8.970674E-15
3947.59778875887  9.148027E-15
3950.37414367445  9.850890E-15
3953.15049859003  8.443129E-15
3955.92685350561  7.433764E-15
3958.70320842119  8.583873E-15
3961.47956333677  9.288303E-15
3964.25591825235  8.990336E-15
3967.03227316793  7.650402E-15
3969.80862808351  7.522987E-15
3972.58498299909  7.345517E-15
3975.36133791467  7.102600E-15
3978.13769283025  6.814677E-15
3980.91404774583  8.371446E-15
3983.69040266141  7.243414E-15
3986.46675757699  7.739736E-15
3989.24311249257  8.410479E-15
3992.01946740815  8.874681E-15
3994.79582232373  8.457322E-15
3997.57217723931  9.280374E-15
4000.34853215489  8.994195E-15
4003.12488707047  8.467334E-15
4005.90124198605  8.445653E-15
4008.67759690163  9.379656E-15
4011.45395181721  9.350671E-15
4014.23030673279  9.535091E-15
4017.00666164837  9.009656E-15
4019.78301656395  8.500416E-15
4022.55937147953  8.914812E-15
4025.33572639511  8.925307E-15
4028.11208131069  9.405902E-15
4030.88843622627  8.620061E-15
4033.66479114185  8.076369E-15
4036.44114605743  9.826053E-15
4039.21750097301  9.997646E-15
4041.99385588858  8.526539E-15
4044.77021080416  1.021669E-14
4047.54656571974  9.608789E-15
4050.32292063532  8.514556E-15
4053.0992755509  9.000006E-15
4055.87563046648  9.700334E-15
4058.65198538206  8.706689E-15
4061.42834029764  9.122515E-15
4064.20469521322  8.816415E-15
4066.9810501288  1.001886E-14
4069.75740504438  8.678452E-15
4072.53375995996  1.000740E-14
4075.31011487554  9.890236E-15
4078.08646979112  9.760915E-15
4080.8628247067  8.575647E-15
4083.63917962228  9.161035E-15
4086.41553453786  8.710531E-15
4089.19188945344  8.156549E-15
4091.96824436902  9.561227E-15
4094.7445992846  8.326572E-15
4097.52095420018  7.870375E-15
4100.29730911576  8.420569E-15
4103.07366403134  8.208554E-15
4105.85001894692  8.421844E-15
4108.6263738625  7.340409E-15
4111.40272877808  8.112620E-15
4114.17908369366  7.876514E-15
4116.95543860924  8.189486E-15
4119.73179352482  8.502355E-15
4122.5081484404  8.737470E-15
4125.28450335598  8.691104E-15
4128.06085827156  8.811505E-15
4130.83721318714  9.634555E-15
4133.61356810271  9.549537E-15
4136.38992301829  9.789129E-15
4139.16627793387  9.072184E-15
4141.94263284945  8.016992E-15
4144.71898776503  8.533684E-15
4147.49534268061  8.073274E-15
4150.27169759619  9.556230E-15
4153.04805251177  8.895480E-15
4155.82440742735  8.540708E-15
4158.60076234293  8.455867E-15
4161.37711725851  9.697623E-15
4164.15347217409  9.207707E-15
4166.92982708967  9.380637E-15
4169.70618200525  9.777794E-15
4172.48253692083  9.375041E-15
4175.25889183641  9.339239E-15
4178.03524675199  9.184541E-15
4180.81160166757  9.680649E-15
4183.58795658315  9.038152E-15
4186.36431149873  9.337402E-15
4189.14066641431  9.433180E-15
4191.91702132989  9.098166E-15
4194.69337624547  9.090788E-15
4197.46973116105  9.387140E-15
4200.24608607663  9.707433E-15
4203.02244099221  8.731018E-15
4205.79879590779  9.099285E-15
4208.57515082337  8.661451E-15
4211.35150573895  9.034743E-15
4214.12786065453  8.444326E-15
4216.90421557011  8.369140E-15
4219.68057048569  9.332398E-15
4222.45692540127  8.507878E-15
4225.23328031684  8.692011E-15
4228.00963523242  9.755372E-15
4230.785990148  8.837299E-15
4233.56234506358  8.370454E-15
4236.33869997916  8.468460E-15
4239.11505489474  8.226321E-15
4241.89140981032  8.081702E-15
4244.6677647259  8.494270E-15
4247.44411964148  8.894921E-15
4250.22047455706  9.292355E-15
4252.99682947264  8.686807E-15
4255.77318438822  8.450472E-15
4258.5495393038  8.327146E-15
4261.32589421938  8.941936E-15
4264.10224913496  9.540005E-15
4266.87860405054  8.554276E-15
4269.65495896612  8.889219E-15
4272.4313138817  9.022832E-15
4275.20766879728  8.969849E-15
4277.98402371286  9.034211E-15
4280.76037862844  9.285697E-15
4283.53673354402  8.953801E-15
4286.3130884596  9.238945E-15
4289.08944337518  8.730628E-15
4291.86579829076  8.252403E-15
4294.64215320634  8.803317E-15
4297.41850812192  8.291675E-15
4300.1948630375  8.007357E-15
4302.97121795308  8.858532E-15
4305.74757286866  8.202090E-15
4308.52392778424  8.166846E-15
4311.30028269982  8.846482E-15
4314.0766376154  8.589244E-15
4316.85299253098  7.790192E-15
4319.62934744656  8.814248E-15
4322.40570236213  8.411083E-15
4325.18205727771  8.505194E-15
4327.95841219329  8.756635E-15
4330.73476710887  9.033969E-15
4333.51112202445  8.412193E-15
4336.28747694003  8.087512E-15
4339.06383185561  8.565857E-15
4341.84018677119  8.266525E-15
4344.61654168677  7.856618E-15
4347.39289660235  8.006476E-15
4350.16925151793  7.528097E-15
4352.94560643351  7.815817E-15
4355.72196134909  8.466932E-15
4358.49831626467  8.282589E-15
4361.27467118025  7.843042E-15
4364.05102609583  8.260762E-15
4366.82738101141  8.435455E-15
4369.60373592699  7.535839E-15
4372.38009084257  8.105450E-15
4375.15644575815  7.685045E-15
4377.93280067373  8.124963E-15
4380.70915558931  8.648284E-15
4383.48551050489  8.389579E-15
4386.26186542047  8.722530E-15
4389.03822033605  8.174935E-15
4391.81457525163  8.722827E-15
4394.59093016721  8.527968E-15
4397.36728508279  9.226790E-15
4400.14363999837  8.804761E-15
4402.91999491395  8.147225E-15
4405.69634982953  8.730137E-15
4408.47270474511  8.016632E-15
4411.24905966069  8.404789E-15
4414.02541457626  9.311474E-15
4416.80176949185  8.728595E-15
4419.57812440742  8.711219E-15
4422.354479323  8.761110E-15
4425.13083423858  8.871576E-15
4427.90718915416  8.984042E-15
4430.68354406974  8.253000E-15
4433.45989898532  8.040071E-15
4436.2362539009  8.391034E-15
4439.01260881648  8.601500E-15
4441.78896373206  8.370425E-15
4444.56531864764  8.031992E-15
4447.34167356322  8.479021E-15
4450.1180284788  7.924278E-15
4452.89438339438  8.485843E-15
4455.67073830996  8.127753E-15
4458.44709322554  8.869298E-15
4461.22344814112  8.962985E-15
4463.9998030567  8.919049E-15
4466.77615797228  8.547570E-15
4469.55251288786  7.956875E-15
4472.32886780344  8.847473E-15
4475.10522271902  8.572687E-15
4477.8815776346  7.721591E-15
4480.65793255018  7.484744E-15
4483.43428746576  7.955198E-15
4486.21064238134  7.707589E-15
4488.98699729692  8.758899E-15
4491.7633522125  8.397070E-15
4494.53970712808  8.542170E-15
4497.31606204366  8.372160E-15
4500.09241695924  8.174496E-15
4502.86877187482  8.408630E-15
4505.64512679039  9.267753E-15
4508.42148170598  8.970135E-15
4511.19783662155  8.390429E-15
4513.97419153713  9.213362E-15
4516.75054645271  8.881230E-15
4519.52690136829  8.978746E-15
4522.30325628387  8.707740E-15
4525.07961119945  8.755872E-15
4527.85596611503  8.519658E-15
4530.63232103061  8.185227E-15
4533.40867594619  8.044172E-15
4536.18503086177  8.988424E-15
4538.96138577735  9.223770E-15
4541.73774069293  8.638931E-15
4544.51409560851  8.999048E-15
4547.29045052409  8.631832E-15
4550.06680543967  8.701617E-15
4552.84316035525  8.880503E-15
4555.61951527083  8.961158E-15
4558.39587018641  8.748144E-15
4561.17222510199  8.616363E-15
4563.94858001757  8.505071E-15
4566.72493493315  7.810022E-15
4569.50128984873  8.975105E-15
4572.27764476431  8.925201E-15
4575.05399967989  8.533349E-15
4577.83035459547  8.833567E-15
4580.60670951105  8.956716E-15
4583.38306442663  8.591989E-15
4586.15941934221  8.507889E-15
4588.93577425779  9.109933E-15
4591.71212917337  8.468736E-15
4594.48848408895  7.797397E-15
4597.26483900453  8.268882E-15
4600.0411939201  7.991117E-15
4602.81754883568  8.064501E-15
4605.59390375127  8.616554E-15
4608.37025866684  8.163106E-15
4611.14661358242  8.405332E-15
4613.922968498  8.670027E-15
4616.69932341358  8.826223E-15
4619.47567832916  8.251295E-15
4622.25203324474  8.403436E-15
4625.02838816032  8.718347E-15
4627.8047430759  8.298877E-15
4630.58109799148  8.529266E-15
4633.35745290706  8.160598E-15
4636.13380782264  8.613768E-15
4638.91016273822  8.381549E-15
4641.6865176538  8.792565E-15
4644.46287256938  9.077827E-15
4647.23922748496  8.661472E-15
4650.01558240054  9.092086E-15
4652.79193731612  9.533518E-15
4655.5682922317  9.409653E-15
4658.34464714728  8.857313E-15
4661.12100206286  8.999034E-15
4663.89735697844  8.523912E-15
4666.67371189402  8.545787E-15
4669.4500668096  8.538592E-15
4672.22642172518  8.638587E-15
4675.00277664076  8.916538E-15
4677.77913155634  8.539539E-15
4680.55548647192  8.875780E-15
4683.3318413875  9.073480E-15
4686.10819630308  9.262675E-15
4688.88455121866  8.764984E-15
4691.66090613424  9.186735E-15
4694.43726104982  8.782170E-15
4697.21361596539  8.977826E-15
4699.98997088097  8.628276E-15
4702.76632579655  8.636998E-15
4705.54268071213  8.554409E-15
4708.31903562771  9.677780E-15
4711.09539054329  9.336077E-15
4713.87174545887  8.990172E-15
4716.64810037445  8.278931E-15
4719.42445529003  8.326053E-15
4722.20081020561  8.624875E-15
4724.97716512119  8.717545E-15
4727.75352003677  8.439514E-15
4730.52987495235  7.775630E-15
4733.30622986793  8.324745E-15
4736.08258478351  8.676574E-15
4738.85893969909  9.237427E-15
4741.63529461467  8.627080E-15
4744.41164953025  8.769597E-15
4747.18800444583  8.297953E-15
4749.96435936141  8.383166E-15
4752.74071427699  8.413560E-15
4755.51706919257  7.915853E-15
4758.29342410815  7.909202E-15
4761.06977902373  7.775476E-15
4763.84613393931  7.907012E-15
4766.62248885489  8.041773E-15
4769.39884377047  8.035684E-15
4772.17519868605  8.737525E-15
4774.95155360163  8.104039E-15
4777.72790851721  8.079742E-15
4780.50426343279  8.983216E-15
4783.28061834837  8.787135E-15
4786.05697326394  8.306226E-15
4788.83332817953  8.582939E-15
4791.6096830951  8.365243E-15
4794.38603801068  8.067492E-15
4797.16239292626  8.628310E-15
4799.93874784184  8.719640E-15
4802.71510275742  8.022777E-15
4805.491457673  8.312320E-15
4808.26781258858  8.321546E-15
4811.04416750416  8.095220E-15
4813.82052241974  8.590235E-15
4816.59687733532  8.172490E-15
4819.3732322509  8.049055E-15
4822.14958716648  7.995690E-15
4824.92594208206  8.332588E-15
4827.70229699764  8.517844E-15
4830.47865191322  8.376300E-15
4833.2550068288  7.957007E-15
4836.03136174438  8.361246E-15
4838.80771665996  8.583368E-15
4841.58407157554  7.869164E-15
4844.36042649112  7.876621E-15
4847.1367814067  8.246674E-15
4849.91313632228  8.210084E-15
4852.68949123786  8.243046E-15
4855.46584615344  8.158288E-15
4858.24220106902  8.848146E-15
4861.0185559846  9.062579E-15
4863.79491090018  8.803994E-15
4866.57126581576  8.574904E-15
4869.34762073134  8.914549E-15
4872.12397564692  8.240449E-15
4874.9003305625  7.241670E-15
4877.67668547807  7.639670E-15
4880.45304039366  7.460714E-15
4883.22939530923  7.888962E-15
4886.00575022481  7.877569E-15
4888.7821051404  8.106106E-15
4891.55846005597  7.446137E-15
4894.33481497155  7.364880E-15
4897.11116988713  7.345091E-15
4899.88752480271  7.843884E-15
4902.66387971829  8.041336E-15
4905.44023463387  8.059064E-15
4908.21658954945  7.603631E-15
4910.99294446503  8.219872E-15
4913.76929938061  8.476005E-15
4916.54565429619  8.451096E-15
4919.32200921177  7.949995E-15
4922.09836412735  8.424781E-15
4924.87471904293  8.328031E-15
4927.65107395851  8.301336E-15
4930.42742887409  8.359304E-15
4933.20378378967  8.859304E-15
4935.98013870525  8.649663E-15
4938.75649362083  8.177833E-15
4941.53284853641  8.141864E-15
4944.30920345199  8.090660E-15
4947.08555836757  8.291910E-15
4949.86191328315  8.040402E-15
4952.63826819873  8.092799E-15
4955.41462311431  8.304225E-15
4958.19097802989  8.550303E-15
4960.96733294547  8.305027E-15
4963.74368786104  7.943799E-15
4966.52004277663  7.687130E-15
4969.29639769221  8.022687E-15
4972.07275260778  8.172607E-15
4974.84910752337  7.990119E-15
4977.62546243894  8.351049E-15
4980.40181735452  8.222286E-15
4983.1781722701  7.978863E-15
4985.95452718569  7.814043E-15
4988.73088210126  8.327337E-15
4991.50723701684  7.608294E-15
4994.28359193242  7.842917E-15
4997.059946848  7.619225E-15
4999.83630176358  7.842676E-15
5002.61265667916  7.851768E-15
5005.38901159474  8.230402E-15
5008.16536651032  7.850755E-15
5010.9417214259  8.144904E-15
5013.71807634148  8.173405E-15
5016.49443125706  8.126548E-15
5019.27078617264  8.243364E-15
5022.04714108822  8.478144E-15
5024.8234960038  8.214703E-15
5027.59985091938  8.118122E-15
5030.37620583496  8.406796E-15
5033.15256075054  7.967251E-15
5035.92891566612  7.866082E-15
5038.7052705817  7.574898E-15
5041.48162549728  7.409131E-15
5044.25798041286  7.447187E-15
5047.03433532844  8.189186E-15
5049.81069024402  7.976848E-15
5052.5870451596  7.936154E-15
5055.36340007518  8.498659E-15
5058.13975499076  8.421127E-15
5060.91610990634  7.897909E-15
5063.69246482192  7.950067E-15
5066.4688197375  8.000786E-15
5069.24517465307  7.960223E-15
5072.02152956866  7.719608E-15
5074.79788448423  7.761651E-15
5077.57423939981  7.911208E-15
5080.3505943154  7.731834E-15
5083.12694923098  7.558504E-15
5085.90330414655  8.077160E-15
5088.67965906213  8.446772E-15
5091.45601397771  8.387614E-15
5094.23236889329  8.084486E-15
5097.00872380887  8.110702E-15
5099.78507872445  8.150705E-15
5102.56143364003  8.400162E-15
5105.33778855561  8.173897E-15
5108.11414347119  7.856973E-15
5110.89049838677  8.362263E-15
5113.66685330235  8.010835E-15
5116.44320821793  7.926187E-15
5119.21956313351  7.597889E-15
5121.99591804909  8.199488E-15
5124.77227296467  7.876203E-15
5127.54862788025  7.972440E-15
5130.32498279583  7.846775E-15
5133.10133771141  7.617652E-15
5135.87769262699  7.770924E-15
5138.65404754257  7.909060E-15
5141.43040245815  7.955765E-15
5144.20675737373  7.739296E-15
5146.98311228931  7.572810E-15
5149.75946720489  8.003507E-15
5152.53582212047  7.507578E-15
5155.31217703605  8.135157E-15
5158.08853195163  8.247333E-15
5160.86488686721  7.448665E-15
5163.64124178279  7.610036E-15
5166.41759669837  7.784242E-15
5169.19395161395  8.015668E-15
5171.97030652952  7.497630E-15
5174.74666144511  7.626043E-15
5177.52301636068  7.458100E-15
5180.29937127626  7.442848E-15
5183.07572619184  7.801573E-15
5185.85208110742  7.897711E-15
5188.628436023  7.798777E-15
5191.40479093858  8.080200E-15
5194.18114585416  8.224422E-15
5196.95750076974  8.462061E-15
5199.73385568532  8.455302E-15
5202.5102106009  8.063574E-15
5205.28656551648  7.758907E-15
5208.06292043206  7.840527E-15
5210.83927534764  7.680954E-15
5213.61563026322  7.837529E-15
5216.3919851788  7.571432E-15
5219.16834009438  7.859844E-15
5221.94469500996  7.885480E-15
5224.72104992554  8.399155E-15
5227.49740484112  8.031278E-15
5230.2737597567  7.733024E-15
5233.05011467228  8.109875E-15
5235.82646958786  8.224446E-15
5238.60282450344  7.626958E-15
5241.37917941902  7.560516E-15
5244.1555343346  7.384199E-15
5246.93188925018  7.627994E-15
5249.70824416576  8.069155E-15
5252.48459908134  7.622639E-15
5255.26095399692  8.040051E-15
5258.0373089125  7.912330E-15
5260.81366382808  7.850069E-15
5263.59001874365  8.051035E-15
5266.36637365923  6.969147E-15
5269.14272857481  6.999336E-15
5271.91908349039  7.277850E-15
5274.69543840597  7.217665E-15
5277.47179332155  7.596104E-15
5280.24814823713  7.961934E-15
5283.02450315271  7.910996E-15
5285.80085806829  7.287873E-15
5288.57721298387  7.987285E-15
5291.35356789945  7.584973E-15
5294.12992281503  8.027747E-15
5296.90627773061  7.796583E-15
5299.68263264619  7.272990E-15
5302.45898756177  7.356359E-15
5305.23534247735  7.349438E-15
5308.01169739293  7.426792E-15
5310.78805230851  7.406296E-15
5313.56440722409  7.461856E-15
5316.34076213967  7.323897E-15
5319.11711705525  7.108191E-15
5321.89347197083  7.177965E-15
5324.66982688641  7.832794E-15
5327.44618180199  7.132201E-15
5330.22253671757  7.074600E-15
5332.99889163315  7.507915E-15
5335.77524654873  7.612534E-15
5338.55160146431  7.607904E-15
5341.32795637989  7.358871E-15
5344.10431129547  7.508812E-15
5346.88066621105  6.674221E-15
5349.65702112662  7.436568E-15
5352.43337604221  7.406808E-15
5355.20973095778  7.268334E-15
5357.98608587337  7.294107E-15
5360.76244078894  7.315442E-15
5363.53879570452  7.189231E-15
5366.3151506201  7.138835E-15
5369.09150553568  7.291332E-15
5371.86786045126  6.967526E-15
5374.64421536684  7.019830E-15
5377.42057028242  7.345496E-15
5380.196925198  7.648128E-15
5382.97328011358  7.532640E-15
5385.74963502916  7.181023E-15
5388.52598994474  7.334222E-15
5391.30234486032  7.523399E-15
5394.0786997759  7.595635E-15
5396.85505469148  7.112939E-15
5399.63140960706  6.782560E-15
5402.40776452264  7.432393E-15
5405.18411943822  7.178248E-15
5407.9604743538  7.438366E-15
5410.73682926938  7.316176E-15
5413.51318418496  7.096838E-15
5416.28953910054  6.935618E-15
5419.06589401612  7.044379E-15
5421.8422489317  7.427953E-15
5424.61860384728  6.849152E-15
5427.39495876286  6.701402E-15
5430.17131367844  7.625492E-15
5432.94766859402  7.657171E-15
5435.7240235096  7.081763E-15
5438.50037842518  7.205207E-15
5441.27673334076  6.735148E-15
5444.05308825634  6.856832E-15
5446.82944317192  7.170248E-15
5449.6057980875  7.262488E-15
5452.38215300308  6.789388E-15
5455.15850791866  6.985141E-15
5457.93486283423  7.007426E-15
5460.71121774981  7.089632E-15
5463.48757266539  7.109094E-15
5466.26392758097  7.184092E-15
5469.04028249655  7.110366E-15
5471.81663741213  6.924795E-15
5474.59299232771  7.340537E-15
5477.36934724329  7.473438E-15
5480.14570215887  7.090991E-15
5482.92205707445  7.024079E-15
5485.69841199003  7.334954E-15
5488.47476690561  6.851182E-15
5491.25112182119  6.600586E-15
5494.02747673677  6.397845E-15
5496.80383165235  6.768780E-15
5499.58018656793  7.126942E-15
5502.35654148351  7.324548E-15
5505.13289639909  6.996754E-15
5507.90925131467  7.029002E-15
5510.68560623025  7.270933E-15
5513.46196114583  7.318332E-15
5516.23831606141  7.059524E-15
5519.01467097699  7.000954E-15
5521.79102589257  6.895469E-15
5524.56738080815  6.781937E-15
5527.34373572373  7.146275E-15
5530.12009063931  7.139591E-15
5532.89644555489  7.182183E-15
5535.67280047047  7.213742E-15
5538.44915538605  6.937480E-15
5541.22551030163  7.322504E-15
5544.0018652172  7.322791E-15
5546.77822013278  6.710322E-15
5549.55457504837  6.761187E-15
5552.33092996394  7.204145E-15
5555.10728487952  7.244969E-15
5557.8836397951  6.730249E-15
5560.65999471068  6.765353E-15
5563.43634962626  7.086768E-15
5566.21270454184  7.080486E-15
5568.98905945742  6.725090E-15
5571.765414373  6.624412E-15
5574.54176928858  7.083264E-15
5577.31812420416  7.301976E-15
5580.09447911974  6.970557E-15
5582.87083403532  6.453036E-15
5585.6471889509  6.432043E-15
5588.42354386648  6.604830E-15
5591.19989878206  6.737711E-15
5593.97625369764  6.768657E-15
5596.75260861322  6.809998E-15
5599.5289635288  6.870729E-15
5602.30531844438  6.815430E-15
5605.08167335996  6.709448E-15
5607.85802827554  6.626969E-15
5610.63438319112  6.898739E-15
5613.4107381067  7.117658E-15
5616.18709302228  7.002357E-15
5618.96344793786  6.695045E-15
5621.73980285344  6.674080E-15
5624.51615776902  6.888066E-15
5627.2925126846  6.939743E-15
5630.06886760018  6.946778E-15
5632.84522251576  6.592421E-15
5635.62157743134  6.763273E-15
5638.39793234691  6.591766E-15
5641.1742872625  6.540400E-15
5643.95064217807  6.619300E-15
5646.72699709365  6.916558E-15
5649.50335200923  6.838717E-15
5652.27970692482  6.607122E-15
5655.05606184039  6.691652E-15
5657.83241675597  6.812650E-15
5660.60877167155  6.922971E-15
5663.38512658713  6.851809E-15
5666.16148150271  6.840378E-15
5668.93783641829  6.547182E-15
5671.71419133387  6.181449E-15
5674.49054624945  6.330503E-15
5677.26690116503  6.833096E-15
5680.04325608061  6.692805E-15
5682.81961099619  6.587617E-15
5685.59596591177  6.752955E-15
5688.37232082735  6.919369E-15
5691.14867574293  6.883981E-15
5693.92503065851  6.501046E-15
5696.70138557409  6.565098E-15
5699.47774048967  6.736469E-15
5702.25409540525  6.532870E-15
5705.03045032083  7.000048E-15
5707.80680523641  6.664929E-15
5710.58316015199  6.563208E-15
5713.35951506757  6.649443E-15
5716.13586998315  6.397650E-15
5718.91222489873  6.178005E-15
5721.68857981431  6.552970E-15
5724.46493472989  6.348061E-15
5727.24128964546  6.163639E-15
5730.01764456105  6.800435E-15
5732.79399947663  6.839735E-15
5735.5703543922  6.229367E-15
5738.34670930778  6.331068E-15
5741.12306422336  5.942353E-15
5743.89941913894  5.984658E-15
5746.67577405452  6.136153E-15
5749.4521289701  6.129087E-15
5752.22848388568  6.498078E-15
5755.00483880126  6.458694E-15
5757.78119371684  6.047882E-15
5760.55754863242  5.980432E-15
5763.333903548  6.080903E-15
5766.11025846358  6.081114E-15
5768.88661337916  6.714541E-15
5771.66296829474  6.337401E-15
5774.43932321032  6.224611E-15
5777.2156781259  6.457994E-15
5779.99203304148  6.537077E-15
5782.76838795706  6.342417E-15
5785.54474287264  6.164284E-15
5788.32109778822  6.362598E-15
5791.0974527038  6.631809E-15
5793.87380761938  6.769080E-15
5796.65016253496  6.233228E-15
5799.42651745054  6.844481E-15
5802.20287236612  6.534742E-15
5804.9792272817  6.263853E-15
5807.75558219728  6.129727E-15
5810.53193711286  6.464881E-15
5813.30829202844  6.477648E-15
5816.08464694402  6.423515E-15
5818.8610018596  6.760561E-15
5821.63735677518  6.643513E-15
5824.41371169076  6.501205E-15
5827.19006660633  6.437917E-15
5829.96642152192  6.180778E-15
5832.74277643749  6.258956E-15
5835.51913135307  6.342369E-15
5838.29548626865  6.513018E-15
5841.07184118423  6.387543E-15
5843.84819609981  6.155045E-15
5846.62455101539  6.284320E-15
5849.40090593097  6.137779E-15
5852.17726084655  5.765629E-15
5854.95361576213  5.971409E-15
5857.72997067771  6.181073E-15
5860.50632559329  6.305682E-15
5863.28268050887  6.325236E-15
5866.05903542445  6.612534E-15
5868.83539034003  6.774517E-15
5871.61174525561  6.635268E-15
5874.38810017119  6.564039E-15
5877.16445508677  6.341024E-15
5879.94081000235  5.858620E-15
5882.71716491793  6.242431E-15
5885.49351983351  6.278327E-15
5888.26987474909  6.080487E-15
5891.04622966467  6.078391E-15
5893.82258458025  5.828074E-15
5896.59893949583  6.146362E-15
5899.37529441141  6.314855E-15
5902.15164932699  6.031241E-15
5904.92800424257  6.210565E-15
5907.70435915815  6.126958E-15
5910.48071407373  5.947588E-15
5913.25706898931  6.031996E-15
5916.03342390489  6.228424E-15
5918.80977882047  5.985030E-15
5921.58613373604  6.222257E-15
5924.36248865163  5.929333E-15
5927.1388435672  5.912772E-15
5929.91519848278  6.153707E-15
5932.69155339836  6.209940E-15
5935.46790831394  5.717224E-15
5938.24426322952  5.734513E-15
5941.0206181451  6.040150E-15
5943.79697306068  6.083415E-15
5946.57332797626  6.072271E-15
5949.34968289184  5.984301E-15
5952.12603780742  5.964878E-15
5954.902392723  6.020805E-15
5957.67874763858  5.821634E-15
5960.45510255416  6.077317E-15
5963.23145746974  5.925691E-15
5966.00781238532  5.682305E-15
5968.7841673009  5.856765E-15
5971.56052221648  5.528716E-15
5974.33687713206  5.435965E-15
5977.11323204764  5.872058E-15
5979.88958696322  5.815662E-15
5982.6659418788  5.791577E-15
5985.44229679438  6.060449E-15
5988.21865170996  6.075331E-15
5990.99500662554  5.741212E-15
5993.77136154112  5.831890E-15
5996.5477164567  5.993248E-15
5999.32407137228  6.002562E-15
6002.10042628786  6.206223E-15
6004.87678120344  6.184190E-15
6007.65313611902  6.050536E-15
6010.42949103459  6.101823E-15
6013.20584595018  6.188399E-15
6015.98220086575  5.962228E-15
6018.75855578134  5.917769E-15
6021.53491069691  5.829401E-15
6024.31126561249  6.025950E-15
6027.08762052807  6.123603E-15
6029.86397544365  5.875601E-15
6032.64033035923  5.783396E-15
6035.41668527481  5.868617E-15
6038.19304019039  5.808309E-15
6040.96939510597  6.245259E-15
6043.74575002155  6.423145E-15
6046.52210493713  6.178351E-15
6049.29845985271  5.795234E-15
6052.07481476829  5.800768E-15
6054.85116968387  5.863855E-15
6057.62752459945  5.680396E-15
6060.40387951503  5.871716E-15
6063.18023443061  5.789119E-15
6065.95658934619  5.804545E-15
6068.73294426177  6.120749E-15
6071.50929917735  6.146871E-15
6074.28565409293  6.006543E-15
6077.06200900851  5.783553E-15
6079.83836392409  5.564035E-15
6082.61471883967  5.647908E-15
6085.39107375525  5.599076E-15
6088.16742867083  5.570530E-15
6090.94378358641  5.687588E-15
6093.72013850199  5.654054E-15
6096.49649341757  5.746566E-15
6099.27284833315  5.701266E-15
6102.04920324873  5.798848E-15
6104.82555816431  5.867937E-15
6107.60191307989  5.525272E-15
6110.37826799546  5.470274E-15
6113.15462291105  5.516904E-15
6115.93097782662  5.750207E-15
6118.7073327422  5.815135E-15
6121.48368765778  5.688641E-15
6124.26004257336  5.985105E-15
6127.03639748894  6.145339E-15
6129.81275240452  5.751516E-15
6132.5891073201  6.165112E-15
6135.36546223568  5.737140E-15
6138.14181715126  5.463172E-15
6140.91817206684  6.067755E-15
6143.69452698242  5.835477E-15
6146.470881898  5.714647E-15
6149.24723681358  5.760338E-15
6152.02359172916  5.346430E-15
6154.79994664474  5.440105E-15
6157.57630156032  5.546484E-15
6160.3526564759  5.611550E-15
6163.12901139148  5.658353E-15
6165.90536630706  5.580603E-15
6168.68172122264  5.575771E-15
6171.45807613822  5.770632E-15
6174.2344310538  5.816181E-15
6177.01078596938  5.685195E-15
6179.78714088496  5.215436E-15
6182.56349580054  5.322037E-15
6185.33985071612  5.342804E-15
6188.1162056317  5.477811E-15
6190.89256054728  5.615633E-15
6193.66891546286  5.785400E-15
6196.44527037844  5.704784E-15
6199.22162529402  5.561227E-15
6201.9979802096  5.733300E-15
6204.77433512517  5.676769E-15
6207.55069004076  5.763603E-15
6210.32704495633  5.670250E-15
6213.10339987191  5.705634E-15
6215.87975478749  5.818007E-15
6218.65610970307  5.504204E-15
6221.43246461865  5.471754E-15
6224.20881953423  5.609299E-15
6226.98517444981  5.572055E-15
6229.76152936539  5.741103E-15
6232.53788428097  5.976563E-15
6235.31423919655  5.969477E-15
6238.09059411213  5.577272E-15
6240.86694902771  5.494797E-15
6243.64330394329  5.595480E-15
6246.41965885887  5.347589E-15
6249.19601377445  5.322821E-15
6251.97236869003  5.282479E-15
6254.74872360561  5.485648E-15
6257.52507852119  5.367861E-15
6260.30143343677  5.109368E-15
6263.07778835235  5.208779E-15
6265.85414326793  5.595215E-15
6268.63049818351  5.652973E-15
6271.40685309909  5.306700E-15
6274.18320801467  5.233518E-15
6276.95956293025  5.720078E-15
6279.73591784583  5.405583E-15
6282.51227276141  5.180509E-15
6285.28862767699  5.404096E-15
6288.06498259257  5.195980E-15
6290.84133750815  5.468522E-15
6293.61769242373  5.671126E-15
6296.39404733931  5.246376E-15
6299.17040225488  5.199594E-15
6301.94675717047  5.666669E-15
6304.72311208604  5.488878E-15
6307.49946700162  5.354616E-15
6310.2758219172  5.327907E-15
6313.05217683278  5.344453E-15
6315.82853174836  5.361444E-15
6318.60488666394  5.554432E-15
6321.38124157952  5.323354E-15
6324.1575964951  5.061806E-15
6326.93395141068  5.146416E-15
6329.71030632626  5.445698E-15
6332.48666124184  5.572053E-15
6335.26301615742  5.374869E-15
6338.039371073  5.302005E-15
6340.81572598858  5.086229E-15
6343.59208090416  4.983999E-15
6346.36843581974  5.194023E-15
6349.14479073532  5.334705E-15
6351.9211456509  5.275751E-15
6354.69750056648  5.163448E-15
6357.47385548206  5.466379E-15
6360.25021039764  5.430624E-15
6363.02656531322  5.356986E-15
6365.8029202288  5.337820E-15
6368.57927514438  5.166876E-15
6371.35563005996  5.339613E-15
6374.13198497554  4.976086E-15
6376.90833989111  5.093124E-15
6379.6846948067  5.190540E-15
6382.46104972228  5.217756E-15
6385.23740463786  5.284480E-15
6388.01375955344  5.245605E-15
6390.79011446902  5.170907E-15
6393.56646938459  5.553306E-15
6396.34282430017  5.681174E-15
6399.11917921575  5.383426E-15
6401.89553413133  5.117776E-15
6404.67188904691  4.938800E-15
6407.44824396249  5.068564E-15
6410.22459887807  5.039723E-15
6413.00095379365  5.446325E-15
6415.77730870923  5.254248E-15
6418.55366362481  5.193783E-15
6421.33001854039  5.137254E-15
6424.10637345597  4.887114E-15
6426.88272837155  4.999952E-15
6429.65908328713  5.415074E-15
6432.43543820271  5.302511E-15
6435.21179311829  5.052918E-15
6437.98814803387  5.139308E-15
6440.76450294945  5.305044E-15
6443.54085786503  5.341578E-15
6446.31721278061  5.241875E-15
6449.09356769619  5.221391E-15
6451.86992261177  5.280175E-15
6454.64627752735  5.079694E-15
6457.42263244293  4.943385E-15
6460.19898735851  4.862672E-15
6462.97534227409  5.119065E-15
6465.75169718967  5.245189E-15
6468.52805210525  4.771579E-15
6471.30440702083  4.977914E-15
6474.08076193641  5.050599E-15
6476.85711685199  5.064977E-15
6479.63347176757  5.186542E-15
6482.40982668315  5.425437E-15
6485.18618159872  5.083672E-15
6487.9625365143  5.101841E-15
6490.73889142988  5.146097E-15
6493.51524634546  5.021138E-15
6496.29160126104  4.773082E-15
6499.06795617662  4.979808E-15
6501.8443110922  5.151210E-15
6504.62066600778  4.902222E-15
6507.39702092336  4.908536E-15
6510.17337583894  5.143973E-15
6512.94973075452  4.962335E-15
6515.7260856701  5.176313E-15
6518.50244058568  5.530227E-15
6521.27879550126  4.976153E-15
6524.05515041684  4.785860E-15
6526.83150533242  4.869121E-15
6529.607860248  4.640499E-15
6532.38421516358  5.055156E-15
6535.16057007916  5.191337E-15
6537.93692499474  5.073081E-15
6540.71327991032  5.089461E-15
6543.4896348259  5.211868E-15
6546.26598974148  5.586314E-15
6549.04234465706  6.210788E-15
6551.81869957264  7.213173E-15
6554.59505448822  8.460532E-15
6557.3714094038  9.024737E-15
6560.14776431938  8.866261E-15
6562.92411923496  8.813375E-15
6565.70047415053  8.377214E-15
6568.47682906612  7.340214E-15
6571.25318398169  6.514884E-15
6574.02953889728  5.874658E-15
6576.80589381286  5.381853E-15
6579.58224872843  4.909617E-15
6582.35860364401  4.659527E-15
6585.13495855959  4.662116E-15
6587.91131347517  4.301071E-15
6590.68766839076  4.533983E-15
6593.46402330633  4.596211E-15
6596.24037822191  4.728935E-15
6599.01673313749  4.876849E-15
6601.79308805307  5.044850E-15
6604.56944296865  5.166574E-15
6607.34579788423  5.087716E-15
6610.12215279981  4.851822E-15
6612.89850771539  4.838243E-15
6615.67486263097  4.871044E-15
6618.45121754655  4.924624E-15
6621.22757246213  4.607280E-15
6624.00392737771  4.623874E-15
6626.78028229329  4.780022E-15
6629.55663720887  4.637945E-15
6632.33299212445  4.642519E-15
6635.10934704003  4.815367E-15
6637.88570195561  4.804625E-15
6640.66205687119  4.796633E-15
6643.43841178677  4.813511E-15
6646.21476670235  4.858890E-15
6648.99112161793  4.908725E-15
6651.76747653351  4.753073E-15
6654.54383144909  4.646413E-15
6657.32018636467  4.833833E-15
6660.09654128025  4.959913E-15
6662.87289619583  4.914002E-15
6665.64925111141  5.001018E-15
6668.42560602698  4.933599E-15
6671.20196094257  4.899328E-15
6673.97831585815  5.030869E-15
6676.75467077372  5.055121E-15
6679.5310256893  5.064501E-15
6682.30738060488  4.452963E-15
6685.08373552046  4.451031E-15
6687.86009043604  4.843899E-15
6690.63644535162  4.812009E-15
6693.4128002672  4.767523E-15
6696.18915518278  4.597080E-15
6698.96551009836  4.832520E-15
6701.74186501394  4.523983E-15
6704.51821992952  4.662702E-15
6707.2945748451  4.556222E-15
6710.07092976068  4.394179E-15
6712.84728467626  4.630855E-15
6715.62363959184  4.871059E-15
6718.39999450742  4.890485E-15
6721.176349423  5.101675E-15
6723.95270433858  4.892491E-15
6726.72905925416  4.530247E-15
6729.50541416974  4.535249E-15
6732.28176908532  4.724481E-15
6735.0581240009  4.902406E-15
6737.83447891648  4.900687E-15
6740.61083383206  4.781445E-15
6743.38718874764  4.731069E-15
6746.16354366322  4.738670E-15
6748.9398985788  4.682983E-15
6751.71625349438  4.925482E-15
6754.49260840996  4.848985E-15
6757.26896332554  4.794004E-15
6760.04531824112  4.621562E-15
6762.82167315669  4.670731E-15
6765.59802807227  4.753581E-15
6768.37438298785  4.662085E-15
6771.15073790343  4.697305E-15
6773.92709281901  4.522329E-15
6776.70344773459  4.770751E-15
6779.47980265018  4.704365E-15
6782.25615756575  4.651010E-15
6785.03251248133  4.439339E-15
6787.80886739691  4.721022E-15
6790.58522231249  4.666127E-15
6793.36157722807  4.625562E-15
6796.13793214365  4.615588E-15
6798.91428705923  4.631026E-15
6801.69064197481  4.576278E-15
6804.46699689039  4.570457E-15
6807.24335180597  4.577332E-15
6810.01970672155  4.379468E-15
6812.79606163713  4.348198E-15
6815.57241655271  4.555098E-15
6818.34877146829  4.584018E-15
6821.12512638387  4.797200E-15
6823.90148129945  5.062034E-15
6826.67783621503  4.861991E-15
6829.45419113061  4.813636E-15
6832.23054604619  4.452952E-15
6835.00690096177  4.466431E-15
6837.78325587735  4.642266E-15
6840.55961079293  4.470573E-15
6843.33596570851  4.530592E-15
6846.11232062409  4.512206E-15
6848.88867553967  4.422795E-15
6851.66503045524  4.594414E-15
6854.44138537082  4.598444E-15
6857.21774028641  4.681673E-15
6859.99409520199  4.792206E-15
6862.77045011756  4.675109E-15
6865.54680503314  4.554765E-15
6868.32315994872  4.203613E-15
6871.0995148643  4.353319E-15
6873.87586977988  4.530579E-15
6876.65222469546  4.434778E-15
6879.42857961104  4.500549E-15
6882.20493452662  4.410431E-15
6884.9812894422  4.374836E-15
6887.75764435778  4.579132E-15
6890.53399927336  4.439221E-15
6893.31035418894  4.158151E-15
6896.08670910452  4.421289E-15
6898.8630640201  4.630192E-15
6901.63941893568  4.459374E-15
6904.41577385126  4.848726E-15
6907.19212876684  5.049562E-15
6909.96848368242  4.684945E-15
6912.744838598  4.769432E-15
6915.52119351358  4.563693E-15
6918.29754842916  4.625484E-15
6921.07390334474  4.552650E-15
6923.85025826032  4.706785E-15
6926.6266131759  4.545324E-15
6929.40296809148  4.565704E-15
6932.17932300706  4.763773E-15
6934.95567792264  4.533221E-15
6937.73203283822  4.361555E-15
6940.5083877538  4.877320E-15
6943.28474266938  5.104760E-15
6946.06109758495  4.512149E-15
6948.83745250054  4.369641E-15
6951.61380741612  4.548751E-15
6954.39016233169  4.604048E-15
6957.16651724727  4.561040E-15
6959.94287216285  4.435743E-15
6962.71922707843  4.472763E-15
6965.49558199401  4.705364E-15
6968.27193690959  4.793232E-15
6971.04829182517  4.685573E-15
6973.82464674075  4.657371E-15
6976.60100165633  4.537172E-15
6979.37735657191  4.550902E-15
6982.15371148749  4.362227E-15
6984.93006640307  4.289971E-15
6987.70642131865  4.027402E-15
6990.48277623423  4.418331E-15
6993.25913114981  4.104285E-15
6996.03548606539  4.389172E-15
6998.81184098097  4.622633E-15
7001.58819589655  4.586489E-15
7004.36455081213  4.447890E-15
7007.14090572771  4.589776E-15
7009.91726064329  4.350302E-15
7012.69361555887  4.264027E-15
7015.46997047445  4.315048E-15
7018.24632539003  4.448644E-15
7021.02268030561  4.330726E-15
7023.79903522119  4.180286E-15
7026.57539013677  4.464365E-15
7029.35174505235  4.283691E-15
7032.12809996793  4.156189E-15
7034.90445488351  4.516887E-15
7037.68080979909  4.342540E-15
7040.45716471466  4.310722E-15
7043.23351963024  4.489012E-15
7046.00987454583  4.585592E-15
7048.7862294614  4.649996E-15
7051.56258437698  4.617615E-15
7054.33893929256  4.360884E-15
7057.11529420814  4.405621E-15
7059.89164912372  4.807799E-15
7062.6680040393  4.777427E-15
7065.44435895488  4.280443E-15
7068.22071387046  4.321828E-15
7070.99706878604  4.346415E-15
7073.77342370162  4.316810E-15
7076.5497786172  4.185454E-15
7079.32613353278  4.229191E-15
7082.10248844836  4.390699E-15
7084.87884336394  4.362222E-15
7087.65519827952  4.119629E-15
7090.4315531951  4.331735E-15
7093.20790811068  4.345504E-15
7095.98426302626  4.157224E-15
7098.76061794184  4.152015E-15
7101.53697285742  4.093739E-15
7104.313327773  4.220317E-15
7107.08968268858  4.169676E-15
7109.86603760416  4.247963E-15
7112.64239251974  4.465800E-15
7115.41874743532  4.499815E-15
7118.1951023509  4.346099E-15
7120.97145726648  3.943350E-15
7123.74781218206  4.367976E-15
7126.52416709764  4.466372E-15
7129.30052201322  4.316095E-15
7132.0768769288  4.371373E-15
7134.85323184437  3.896748E-15
7137.62958675996  4.286739E-15
7140.40594167553  4.349936E-15
7143.18229659112  3.959674E-15
7145.95865150669  3.920949E-15
7148.73500642227  4.063614E-15
7151.51136133785  4.083758E-15
7154.28771625343  4.194175E-15
7157.06407116901  4.422287E-15
7159.84042608459  4.254480E-15
7162.61678100017  4.117326E-15
7165.39313591575  4.418788E-15
7168.16949083133  4.344569E-15
7170.94584574691  4.090280E-15
7173.72220066249  4.203588E-15
7176.49855557807  4.232786E-15
7179.27491049365  4.161556E-15
7182.05126540923  3.888072E-15
7184.82762032481  3.656646E-15
7187.60397524039  3.781319E-15
7190.38033015597  3.576572E-15
7193.15668507155  3.854986E-15
7195.93303998713  3.772614E-15
7198.70939490271  3.863013E-15
7201.48574981829  3.511903E-15
7204.26210473387  4.068932E-15
7207.03845964945  4.096064E-15
7209.81481456503  3.946902E-15
7212.59116948061  3.945510E-15
7215.36752439619  3.929252E-15
7218.14387931177  4.198888E-15
7220.92023422735  4.138329E-15
7223.69658914293  3.835433E-15
7226.47294405851  4.074539E-15
7229.24929897409  4.177713E-15
7232.02565388966  3.803729E-15
7234.80200880524  3.573961E-15
7237.57836372083  3.700664E-15
7240.3547186364  4.175386E-15
7243.13107355198  4.045031E-15
7245.90742846756  3.847036E-15
7248.68378338314  3.731430E-15
7251.46013829872  3.835860E-15
7254.2364932143  3.862155E-15
7257.01284812988  3.822173E-15
7259.78920304546  4.150516E-15
7262.56555796104  3.983016E-15
7265.34191287662  4.062960E-15
7268.1182677922  3.804031E-15
7270.89462270778  3.652660E-15
7273.67097762336  3.626635E-15
7276.44733253894  3.591234E-15
7279.22368745452  4.050612E-15
7282.0000423701  4.079392E-15
7284.77639728568  4.055592E-15
7287.55275220126  4.014357E-15
7290.32910711684  3.622851E-15
7293.10546203242  3.735498E-15
7295.881816948  3.846488E-15
7298.65817186358  3.842948E-15
7301.43452677916  3.718944E-15
7304.21088169474  3.659968E-15
7306.98723661032  3.994435E-15
7309.7635915259  3.859755E-15
7312.53994644148  3.784622E-15
7315.31630135706  3.852665E-15
7318.09265627264  3.634218E-15
7320.86901118822  3.378626E-15
7323.6453661038  3.352992E-15
7326.42172101938  3.857375E-15
7329.19807593495  3.691310E-15
7331.97443085053  3.750826E-15
7334.75078576611  3.635906E-15
7337.52714068169  3.991227E-15
7340.30349559727  3.942330E-15
7343.07985051285  3.718177E-15
7345.85620542843  3.818325E-15
7348.63256034401  3.745138E-15
7351.40891525959  3.738211E-15
7354.18527017517  3.920812E-15
7356.96162509075  3.978498E-15
7359.73798000633  3.615204E-15
7362.51433492191  3.766524E-15
7365.29068983749  3.977315E-15
7368.06704475307  3.901366E-15
7370.84339966865  3.726989E-15
7373.61975458423  3.684166E-15
7376.39610949981  3.794538E-15
7379.17246441539  3.923947E-15
7381.94881933097  3.567636E-15
7384.72517424655  3.872348E-15
7387.50152916213  3.836967E-15
7390.27788407771  3.426096E-15
7393.05423899329  3.384466E-15
7395.83059390887  3.680314E-15
7398.60694882445  3.750548E-15
7401.38330374003  3.760836E-15
7404.15965865561  3.748106E-15
7406.93601357119  3.808368E-15
7409.71236848677  3.591709E-15
7412.48872340235  3.436160E-15
7415.26507831793  3.872154E-15
7418.04143323351  3.844903E-15
7420.81778814909  3.755402E-15
7423.59414306466  3.542461E-15
7426.37049798024  3.760953E-15
7429.14685289582  3.636341E-15
7431.9232078114  3.749944E-15
7434.69956272698  3.538717E-15
7437.47591764256  3.404138E-15
7440.25227255814  3.402783E-15
7443.02862747372  3.413584E-15
7445.8049823893  3.599232E-15
7448.58133730488  3.799568E-15
7451.35769222046  3.532787E-15
7454.13404713604  3.463101E-15
7456.91040205162  3.575340E-15
7459.6867569672  3.759158E-15
7462.46311188278  3.725550E-15
7465.23946679836  3.490372E-15
7468.01582171394  3.673820E-15
7470.79217662952  3.845776E-15
7473.5685315451  3.597680E-15
7476.34488646068  3.594970E-15
7479.12124137626  3.594042E-15
7481.89759629184  3.378395E-15
7484.67395120742  3.739940E-15
7487.450306123  3.368218E-15
7490.22666103858  3.654055E-15
7493.00301595416  3.642785E-15
7495.77937086974  3.464359E-15
7498.55572578532  3.340018E-15
7501.3320807009  3.497369E-15
7504.10843561648  3.425066E-15
7506.88479053206  3.462078E-15
7509.66114544764  3.756871E-15
7512.43750036321  3.438295E-15
7515.2138552788  3.247505E-15
7517.99021019437  3.644221E-15
7520.76656510995  3.666962E-15
7523.54292002553  3.401664E-15
7526.31927494111  3.409808E-15
7529.09562985669  3.531901E-15
7531.87198477227  3.475669E-15
7534.64833968785  3.392589E-15
7537.42469460343  3.732736E-15
7540.20104951901  3.688627E-15
7542.97740443459  3.587642E-15
7545.75375935017  3.645164E-15
7548.53011426575  3.548742E-15
7551.30646918133  3.764067E-15
7554.08282409691  3.635661E-15
7556.85917901249  3.857737E-15
7559.63553392807  3.793473E-15
7562.41188884365  3.565033E-15
7565.18824375923  3.549180E-15
7567.96459867481  3.429063E-15
7570.74095359039  3.459691E-15
7573.51730850597  3.741874E-15
7576.29366342155  3.566834E-15
7579.07001833713  3.184419E-15
7581.84637325271  3.369163E-15
7584.62272816829  3.450495E-15
7587.39908308387  3.073391E-15
7590.17543799945  3.251614E-15
7592.95179291503  3.638793E-15
7595.72814783061  3.470005E-15
7598.50450274619  3.665678E-15
7601.28085766177  3.710402E-15
7604.05721257735  3.494153E-15
7606.83356749292  2.972797E-15
7609.60992240851  3.623565E-15
7612.38627732408  3.756447E-15
7615.16263223967  3.089890E-15
7617.93898715524  3.248008E-15
7620.71534207082  3.415487E-15
7623.4916969864  3.276704E-15
7626.26805190198  2.879559E-15
7629.04440681756  2.813951E-15
7631.82076173314  3.365261E-15
7634.59711664872  3.365761E-15
7637.3734715643  3.096583E-15
7640.14982647988  3.207004E-15
7642.92618139546  3.176499E-15
7645.70253631104  3.213981E-15
7648.47889122662  3.159039E-15
7651.2552461422  3.294238E-15
7654.03160105778  3.648202E-15
7656.80795597336  3.303407E-15
7659.58431088894  3.360371E-15
7662.36066580452  3.613971E-15
7665.1370207201  3.079184E-15
7667.91337563568  3.260675E-15
7670.68973055126  3.296810E-15
7673.46608546684  3.142171E-15
7676.24244038242  3.194474E-15
7679.018795298  3.165915E-15
7681.79515021358  3.224917E-15
7684.57150512916  3.108396E-15
7687.34786004474  2.987324E-15
7690.12421496032  3.181508E-15
7692.9005698759  3.285597E-15
7695.67692479148  3.241393E-15
7698.45327970706  3.237127E-15
7701.22963462264  3.085217E-15
7704.00598953821  2.901852E-15
7706.78234445379  3.092713E-15
7709.55869936937  3.184566E-15
7712.33505428495  3.078524E-15
7715.11140920053  3.048961E-15
7717.88776411611  3.022381E-15
7720.66411903169  2.967931E-15
7723.44047394727  3.097670E-15
7726.21682886285  3.131468E-15
7728.99318377843  3.171995E-15
7731.76953869401  3.117272E-15
7734.54589360959  3.002390E-15
7737.32224852517  3.062779E-15
7740.09860344075  3.128039E-15
7742.87495835633  3.163527E-15
7745.65131327191  3.215807E-15
7748.42766818749  3.269100E-15
7751.20402310307  3.260316E-15
7753.98037801865  3.172687E-15
7756.75673293423  3.164309E-15
7759.53308784981  3.184786E-15
7762.30944276539  3.426861E-15
7765.08579768097  3.329716E-15
7767.86215259655  3.379980E-15
7770.63850751213  3.049144E-15
7773.41486242771  3.148827E-15
7776.19121734329  3.006116E-15
7778.96757225887  3.012212E-15
7781.74392717445  3.278965E-15
7784.52028209003  3.107960E-15
7787.29663700561  2.882445E-15
7790.07299192119  3.067154E-15
7792.84934683677  3.323597E-15
7795.62570175234  3.245040E-15
7798.40205666793  3.297642E-15
7801.1784115835  3.394338E-15
7803.95476649909  3.329332E-15
7806.73112141466  3.320510E-15
7809.50747633024  3.212336E-15
7812.28383124582  3.248095E-15
7815.0601861614  3.165051E-15
7817.83654107698  3.309181E-15
7820.61289599256  3.106530E-15
7823.38925090814  3.068347E-15
7826.16560582372  3.351717E-15
7828.9419607393  3.283011E-15
7831.71831565488  3.427338E-15
7834.49467057046  3.287236E-15
7837.27102548604  3.098609E-15
7840.04738040162  2.828638E-15
7842.8237353172  2.898964E-15
7845.60009023278  3.077175E-15
7848.37644514836  3.057140E-15
7851.15280006394  3.275148E-15
7853.92915497952  3.214560E-15
7856.7055098951  3.060534E-15
7859.48186481068  3.365139E-15
7862.25821972626  3.408788E-15
7865.03457464184  3.217097E-15
7867.81092955742  2.954173E-15
7870.587284473  3.158092E-15
7873.36363938858  3.090152E-15
7876.13999430416  3.064548E-15
7878.91634921974  3.235866E-15
7881.69270413532  3.169928E-15
7884.4690590509  3.222822E-15
7887.24541396648  2.890792E-15
7890.02176888206  2.922837E-15
7892.79812379764  2.960183E-15
7895.57447871321  2.954937E-15
7898.3508336288  2.940784E-15
7901.12718854437  3.050047E-15
7903.90354345995  2.909830E-15
7906.67989837553  2.743772E-15
7909.45625329111  3.000038E-15
7912.23260820669  2.983337E-15
7915.00896312227  2.808376E-15
7917.78531803785  3.103153E-15
7920.56167295343  3.262905E-15
7923.33802786901  3.143399E-15
7926.11438278459  3.032916E-15
7928.89073770017  3.045263E-15
7931.66709261575  2.948582E-15
7934.44344753133  3.059783E-15
7937.21980244691  2.868639E-15
7939.99615736249  3.202373E-15
7942.77251227807  3.215448E-15
7945.54886719365  2.816342E-15
7948.32522210923  2.873864E-15
7951.10157702481  3.224981E-15
7953.87793194039  3.298080E-15
7956.65428685597  3.122234E-15
7959.43064177155  2.996561E-15
7962.20699668713  2.943432E-15
7964.98335160271  2.871450E-15
7967.75970651829  2.943821E-15
7970.53606143387  3.142256E-15
7973.31241634945  3.165691E-15
7976.08877126503  3.098224E-15
7978.86512618061  3.035241E-15
7981.64148109619  3.011045E-15
7984.41783601176  2.924602E-15
7987.19419092735  3.103555E-15
7989.97054584292  2.904706E-15
7992.74690075851  3.013028E-15
7995.52325567408  3.066319E-15
7998.29961058966  3.152515E-15
8001.07596550524  3.083105E-15
8003.85232042082  2.961804E-15
8006.6286753364  3.112252E-15
8009.40503025198  2.756293E-15
8012.18138516756  2.696065E-15
8014.95774008314  3.192618E-15
8017.73409499872  3.114206E-15
8020.5104499143  3.003044E-15
8023.28680482988  3.024012E-15
8026.06315974546  2.786732E-15
8028.83951466104  2.813886E-15
8031.61586957662  3.267904E-15
8034.3922244922  3.005417E-15
8037.16857940778  2.998580E-15
8039.94493432336  2.849858E-15
8042.72128923894  3.084776E-15
8045.49764415452  2.938944E-15
8048.2739990701  2.714899E-15
8051.05035398568  2.577375E-15
8053.82670890126  2.713646E-15
8056.60306381684  3.028924E-15
8059.37941873242  3.065546E-15
8062.155773648  3.006010E-15
8064.93212856357  3.046267E-15
8067.70848347916  2.986549E-15
8070.48483839474  3.006639E-15
8073.26119331031  3.076807E-15
8076.03754822589  2.835463E-15
8078.81390314148  2.722035E-15
8081.59025805706  2.941646E-15
8084.36661297263  3.053875E-15
8087.14296788822  3.106063E-15
8089.91932280379  3.132698E-15
8092.69567771937  3.213082E-15
8095.47203263495  2.951238E-15
8098.24838755053  3.011972E-15
8101.02474246611  2.930559E-15
8103.80109738169  2.769046E-15
8106.57745229727  2.787836E-15
8109.35380721285  2.740767E-15
8112.13016212843  2.981406E-15
8114.90651704401  2.885045E-15
8117.68287195959  2.613952E-15
8120.45922687517  2.665560E-15
8123.23558179075  2.607264E-15
8126.01193670633  2.633026E-15
8128.78829162191  2.718376E-15
8131.56464653749  2.775447E-15
8134.34100145307  2.844330E-15
8137.11735636865  2.785956E-15
8139.89371128423  2.763427E-15
8142.67006619981  2.720897E-15
8145.44642111539  2.572016E-15
8148.22277603097  2.265508E-15
8150.99913094655  2.551299E-15
8153.77548586213  2.574783E-15
8156.55184077771  2.882823E-15
8159.32819569329  3.042137E-15
8162.10455060886  2.705734E-15
8164.88090552445  2.446965E-15
8167.65726044003  2.536734E-15
8170.43361535561  2.393927E-15
8173.20997027118  2.242721E-15
8175.98632518676  2.642392E-15
8178.76268010234  2.610731E-15
8181.53903501792  2.232674E-15
8184.3153899335  2.507478E-15
8187.09174484908  2.574152E-15
8189.86809976466  2.768580E-15
8192.64445468024  2.533938E-15
8195.42080959582  2.893854E-15
8198.1971645114  3.011986E-15
8200.97351942698  3.154118E-15
8203.74987434256  3.079747E-15
8206.52622925814  2.715863E-15
8209.30258417372  2.840795E-15
8212.0789390893  2.999456E-15
8214.85529400488  2.746759E-15
8217.63164892046  2.477664E-15
8220.40800383604  2.639664E-15
8223.18435875162  2.504796E-15
8225.9607136672  2.299365E-15
8228.73706858278  2.374460E-15
8231.51342349836  2.188304E-15
8234.28977841394  2.463275E-15
8237.06613332952  2.699987E-15
8239.8424882451  2.790292E-15
8242.61884316068  2.879238E-15
8245.39519807626  2.766113E-15
8248.17155299184  2.666270E-15
8250.94790790742  2.647324E-15
8253.724262823  2.899093E-15
8256.50061773858  2.679799E-15
8259.27697265415  2.810757E-15
8262.05332756974  3.020231E-15
8264.82968248532  3.074139E-15
8267.60603740089  2.887195E-15
8270.38239231647  2.935323E-15
8273.15874723205  2.901132E-15
8275.93510214764  2.744483E-15
8278.71145706321  2.866550E-15
8281.48781197879  2.821233E-15
8284.26416689437  2.771608E-15
8287.04052180995  2.959569E-15
8289.81687672553  2.918390E-15
8292.59323164111  2.644425E-15
8295.36958655669  2.439419E-15
8298.14594147227  2.511332E-15
8300.92229638785  2.945214E-15
8303.69865130343  2.998181E-15
8306.47500621901  3.256931E-15
8309.25136113459  2.812121E-15
8312.02771605017  2.499810E-15
8314.80407096575  2.570405E-15
8317.58042588133  2.524807E-15
8320.35678079691  2.564353E-15
8323.13313571249  2.682496E-15
8325.90949062807  2.723895E-15
8328.68584554365  2.653312E-15
8331.46220045923  2.586325E-15
8334.23855537481  2.694242E-15
8337.01491029039  2.664433E-15
8339.79126520597  2.702308E-15
8342.56762012155  2.903062E-15
8345.34397503712  2.367841E-15
8348.12032995271  2.572516E-15
8350.89668486829  2.720967E-15
8353.67303978387  2.766660E-15
8356.44939469944  2.657657E-15
8359.22574961502  2.711720E-15
8362.00210453061  2.739240E-15
8364.77845944619  2.953492E-15
8367.55481436176  2.927738E-15
8370.33116927734  3.070113E-15
8373.10752419292  2.898171E-15
8375.8838791085  2.756743E-15
8378.66023402408  2.611336E-15
8381.43658893966  2.592444E-15
8384.21294385524  2.977084E-15
8386.98929877082  2.991659E-15
8389.7656536864  2.668190E-15
8392.54200860198  2.557661E-15
8395.31836351756  2.798546E-15
8398.09471843314  2.356525E-15
8400.87107334872  2.836405E-15
8403.6474282643  3.059277E-15
8406.42378317988  3.108562E-15
8409.20013809546  3.113663E-15
8411.97649301104  3.018296E-15
8414.75284792662  2.788367E-15
8417.5292028422  2.651046E-15
8420.30555775778  2.315357E-15
8423.08191267336  2.618458E-15
8425.85826758894  2.675472E-15
8428.63462250452  2.757281E-15
8431.4109774201  3.141536E-15
8434.18733233568  2.932054E-15
8436.96368725126  2.636190E-15
8439.74004216684  2.865168E-15
8442.51639708242  2.921688E-15
8445.292751998  2.636733E-15
8448.06910691358  2.809017E-15
8450.84546182916  2.731883E-15
8453.62181674473  2.533959E-15
8456.39817166031  2.648882E-15
8459.1745265759  2.713405E-15
8461.95088149147  2.726842E-15
8464.72723640705  2.640395E-15
8467.50359132263  2.676270E-15
8470.27994623821  2.729495E-15
8473.05630115379  2.747382E-15
8475.83265606937  2.615019E-15
8478.60901098495  2.709126E-15
8481.38536590053  2.774236E-15
8484.16172081611  2.650878E-15
8486.93807573169  2.425532E-15
8489.71443064727  2.491778E-15
8492.49078556285  2.882653E-15
8495.26714047843  2.822068E-15
8498.04349539401  2.727399E-15
8500.81985030959  2.584963E-15
8503.59620522517  2.541657E-15
8506.37256014075  2.730713E-15
8509.14891505633  2.704278E-15
8511.92526997191  2.588275E-15
8514.70162488749  2.473484E-15
8517.47797980307  2.665792E-15
8520.25433471865  2.392653E-15
8523.03068963423  2.671277E-15
8525.80704454981  2.543982E-15
8528.58339946539  2.103272E-15
8531.35975438097  2.311355E-15
8534.13610929655  2.697863E-15
8536.91246421213  2.639211E-15
8539.6888191277  2.612260E-15
8542.46517404328  2.566645E-15
8545.24152895887  2.409940E-15
8548.01788387445  2.682444E-15
8550.79423879002  2.725525E-15
8553.5705937056  2.597178E-15
8556.34694862118  2.456979E-15
8559.12330353676  2.196436E-15
8561.89965845234  2.523631E-15
8564.67601336792  2.619810E-15
8567.4523682835  2.536233E-15
8570.22872319908  2.471327E-15
8573.00507811466  2.554672E-15
8575.78143303024  2.661363E-15
8578.55778794582  2.491519E-15
8581.3341428614  2.471767E-15
8584.11049777698  2.464425E-15
8586.88685269256  2.510363E-15
8589.66320760814  2.523044E-15
8592.43956252372  2.523573E-15
8595.2159174393  2.483397E-15
8597.99227235488  2.446064E-15
8600.76862727046  2.641494E-15
8603.54498218604  2.490595E-15
8606.32133710162  2.586736E-15
8609.0976920172  2.617504E-15
8611.87404693278  2.234466E-15
8614.65040184836  2.580029E-15
8617.42675676394  2.415016E-15
8620.20311167952  2.329452E-15
8622.97946659509  2.361860E-15
8625.75582151068  2.473353E-15
8628.53217642626  2.149992E-15
8631.30853134184  2.481144E-15
8634.08488625742  2.762360E-15
8636.861241173  2.850421E-15
8639.63759608857  2.622505E-15
8642.41395100416  2.410982E-15
8645.19030591974  2.430934E-15
8647.96666083531  2.289249E-15
8650.74301575089  2.383185E-15
8653.51937066647  2.542689E-15
8656.29572558205  2.287981E-15
8659.07208049763  2.256077E-15
8661.84843541321  2.642383E-15
8664.62479032879  2.473800E-15
8667.40114524437  2.266430E-15
8670.17750015995  2.386968E-15
8672.95385507553  2.311444E-15
8675.73020999111  2.302693E-15
8678.50656490669  2.610626E-15
8681.28291982227  2.257592E-15
8684.05927473785  2.086279E-15
8686.83562965343  2.363922E-15
8689.61198456901  2.257434E-15
8692.38833948459  2.346033E-15
8695.16469440017  2.440177E-15
8697.94104931575  2.429712E-15
8700.71740423133  2.570396E-15
8703.49375914691  2.682111E-15
8706.27011406249  2.650207E-15
8709.04646897807  2.501759E-15
8711.82282389365  2.737384E-15
8714.59917880923  2.402950E-15
8717.37553372481  2.502657E-15
8720.15188864039  2.596552E-15
8722.92824355597  2.538692E-15
8725.70459847155  2.558622E-15
8728.48095338713  2.138428E-15
8731.25730830271  2.278877E-15
8734.03366321828  2.159936E-15
8736.81001813386  2.116079E-15
8739.58637304945  2.391090E-15
8742.36272796502  2.359122E-15
8745.1390828806  2.447601E-15
8747.91543779618  2.441335E-15
8750.69179271176  2.107438E-15
8753.46814762734  2.291121E-15
8756.24450254292  2.568431E-15
8759.0208574585  2.292998E-15
8761.79721237408  2.336244E-15
8764.57356728966  2.544124E-15
8767.34992220524  2.394582E-15
8770.12627712082  2.419959E-15
8772.9026320364  2.447783E-15
8775.67898695198  2.358096E-15
8778.45534186756  2.001987E-15
8781.23169678314  1.930304E-15
8784.00805169872  2.304758E-15
8786.7844066143  2.279745E-15
8789.56076152988  2.088409E-15
8792.33711644546  2.237191E-15
8795.11347136104  2.111989E-15
8797.88982627662  2.070081E-15
8800.6661811922  2.342505E-15
8803.44253610778  2.185344E-15
8806.21889102336  2.281135E-15
8808.99524593894  2.444841E-15
8811.77160085452  2.251871E-15
8814.5479557701  2.122906E-15
8817.32431068567  1.855598E-15
8820.10066560126  2.310535E-15
8822.87702051683  2.160780E-15
8825.65337543242  2.082704E-15
8828.429730348  2.440831E-15
8831.20608526358  2.095612E-15
