3861.5307863759  1.312955E-14
3864.30714129148  9.426575E-15
3867.08349620706  9.503954E-15
3869.85985112264  1.107781E-14
3872.63620603822  1.056062E-14
3875.4125609538  1.213744E-14
3878.18891586938  1.137996E-14
3880.96527078496  1.164779E-14
3883.74162570054  9.939093E-15
3886.51798061612  1.020673E-14
3889.2943355317  1.248661E-14
3892.07069044728  1.091960E-14
3894.84704536286  8.878136E-15
3897.62340027844  9.349910E-15
3900.39975519402  1.105785E-14
3903.1761101096  1.010104E-14
3905.95246502518  8.777774E-15
3908.72881994076  9.605966E-15
3911.50517485634  1.306338E-14
3914.28152977192  1.483878E-14
3917.0578846875  8.869304E-15
3919.83423960308  6.324550E-15
3922.61059451866  1.040318E-14
3925.38694943424  1.119344E-14
3928.16330434982  1.068203E-14
3930.9396592654  1.172888E-14
3933.71601418098  1.023118E-14
3936.49236909656  8.485683E-15
3939.26872401214  6.604656E-15
3942.04507892772  6.836634E-15
3944.82143384329  9.176948E-15
3947.59778875887  9.166110E-15
3950.37414367445  9.029215E-15
3953.15049859003  8.625872E-15
3955.92685350561  1.237516E-14
3958.70320842119  8.880786E-15
3961.47956333677  1.099707E-14
3964.25591825235  1.014941E-14
3967.03227316793  1.025370E-14
3969.80862808351  9.277798E-15
3972.58498299909  8.366554E-15
3975.36133791467  7.960354E-15
3978.13769283025  7.022568E-15
3980.91404774583  8.523114E-15
3983.69040266141  7.375788E-15
3986.46675757699  8.833383E-15
3989.24311249257  1.079950E-14
3992.01946740815  1.247591E-14
3994.79582232373  1.038332E-14
3997.57217723931  1.037084E-14
4000.34853215489  8.643079E-15
4003.12488707047  8.149481E-15
4005.90124198605  9.515540E-15
4008.67759690163  8.453911E-15
4011.45395181721  9.126894E-15
4014.23030673279  8.862118E-15
4017.00666164837  9.456968E-15
4019.78301656395  8.977202E-15
4022.55937147953  8.906657E-15
4025.33572639511  1.008109E-14
4028.11208131069  9.334417E-15
4030.88843622627  8.089437E-15
4033.66479114185  6.811174E-15
4036.44114605743  1.015128E-14
4039.21750097301  1.126081E-14
4041.99385588858  8.545069E-15
4044.77021080416  1.030559E-14
4047.54656571974  1.170856E-14
4050.32292063532  1.236491E-14
4053.0992755509  1.028739E-14
4055.87563046648  7.946122E-15
4058.65198538206  8.258305E-15
4061.42834029764  1.154849E-14
4064.20469521322  8.403192E-15
4066.9810501288  1.013132E-14
4069.75740504438  1.043224E-14
4072.53375995996  7.561608E-15
4075.31011487554  7.537478E-15
4078.08646979112  9.779633E-15
4080.8628247067  1.037752E-14
4083.63917962228  8.989589E-15
4086.41553453786  1.075453E-14
4089.19188945344  1.115051E-14
4091.96824436902  8.132312E-15
4094.7445992846  9.260297E-15
4097.52095420018  9.837938E-15
4100.29730911576  8.055413E-15
4103.07366403134  9.195768E-15
4105.85001894692  8.227294E-15
4108.6263738625  6.210683E-15
4111.40272877808  8.526678E-15
4114.17908369366  8.242852E-15
4116.95543860924  9.874360E-15
4119.73179352482  9.539744E-15
4122.5081484404  9.976092E-15
4125.28450335598  1.043219E-14
4128.06085827156  9.282178E-15
4130.83721318714  1.206263E-14
4133.61356810271  1.097721E-14
4136.38992301829  1.212715E-14
4139.16627793387  1.185163E-14
4141.94263284945  1.056633E-14
4144.71898776503  9.163736E-15
4147.49534268061  1.032451E-14
4150.27169759619  1.004195E-14
4153.04805251177  1.007683E-14
4155.82440742735  1.208884E-14
4158.60076234293  1.125591E-14
4161.37711725851  1.066551E-14
4164.15347217409  1.038457E-14
4166.92982708967  9.634816E-15
4169.70618200525  1.037479E-14
4172.48253692083  1.108396E-14
4175.25889183641  1.211610E-14
4178.03524675199  1.291482E-14
4180.81160166757  1.141820E-14
4183.58795658315  9.159389E-15
4186.36431149873  1.041910E-14
4189.14066641431  8.360474E-15
4191.91702132989  1.118974E-14
4194.69337624547  1.144911E-14
4197.46973116105  1.017839E-14
4200.24608607663  1.199069E-14
4203.02244099221  9.591608E-15
4205.79879590779  1.104159E-14
4208.57515082337  1.232488E-14
4211.35150573895  1.147713E-14
4214.12786065453  1.052680E-14
4216.90421557011  1.027198E-14
4219.68057048569  1.161219E-14
4222.45692540127  1.071782E-14
4225.23328031684  1.031780E-14
4228.00963523242  9.865765E-15
4230.785990148  1.019580E-14
4233.56234506358  9.592649E-15
4236.33869997916  9.506309E-15
4239.11505489474  1.130220E-14
4241.89140981032  1.294004E-14
4244.6677647259  9.436913E-15
4247.44411964148  1.049686E-14
4250.22047455706  1.097533E-14
4252.99682947264  1.192158E-14
4255.77318438822  1.178401E-14
4258.5495393038  1.020168E-14
4261.32589421938  1.086640E-14
4264.10224913496  1.329814E-14
4266.87860405054  1.109017E-14
4269.65495896612  1.121942E-14
4272.4313138817  1.230313E-14
4275.20766879728  1.233396E-14
4277.98402371286  1.163217E-14
4280.76037862844  1.061977E-14
4283.53673354402  1.033147E-14
4286.3130884596  1.110800E-14
4289.08944337518  1.023991E-14
4291.86579829076  1.030955E-14
4294.64215320634  1.024523E-14
4297.41850812192  1.039590E-14
4300.1948630375  1.106560E-14
4302.97121795308  1.229923E-14
4305.74757286866  1.052800E-14
4308.52392778424  1.066293E-14
4311.30028269982  1.185159E-14
4314.0766376154  1.071883E-14
4316.85299253098  1.100606E-14
4319.62934744656  1.113589E-14
4322.40570236213  1.153550E-14
4325.18205727771  1.212603E-14
4327.95841219329  1.038291E-14
4330.73476710887  1.068623E-14
4333.51112202445  1.195518E-14
4336.28747694003  1.246936E-14
4339.06383185561  1.034697E-14
4341.84018677119  1.178064E-14
4344.61654168677  1.060533E-14
4347.39289660235  9.947985E-15
4350.16925151793  8.143376E-15
4352.94560643351  9.192394E-15
4355.72196134909  9.377736E-15
4358.49831626467  1.101058E-14
4361.27467118025  1.122374E-14
4364.05102609583  1.042003E-14
4366.82738101141  1.083045E-14
4369.60373592699  1.121399E-14
4372.38009084257  1.203237E-14
4375.15644575815  1.046776E-14
4377.93280067373  1.049066E-14
4380.70915558931  1.100783E-14
4383.48551050489  9.744375E-15
4386.26186542047  1.005863E-14
4389.03822033605  1.137364E-14
4391.81457525163  9.959268E-15
4394.59093016721  1.145808E-14
4397.36728508279  1.025675E-14
4400.14363999837  9.955459E-15
4402.91999491395  1.128893E-14
4405.69634982953  1.063056E-14
4408.47270474511  1.093453E-14
4411.24905966069  1.064054E-14
4414.02541457626  1.106358E-14
4416.80176949185  1.089069E-14
4419.57812440742  1.024996E-14
4422.354479323  1.026649E-14
4425.13083423858  1.068053E-14
4427.90718915416  1.066032E-14
4430.68354406974  1.093021E-14
4433.45989898532  1.239914E-14
4436.2362539009  1.045907E-14
4439.01260881648  1.007362E-14
4441.78896373206  1.067648E-14
4444.56531864764  1.189645E-14
4447.34167356322  1.084800E-14
4450.1180284788  1.048264E-14
4452.89438339438  1.134756E-14
4455.67073830996  1.167098E-14
4458.44709322554  1.278033E-14
4461.22344814112  1.100783E-14
4463.9998030567  8.963822E-15
4466.77615797228  1.014967E-14
4469.55251288786  1.096846E-14
4472.32886780344  1.096462E-14
4475.10522271902  1.095453E-14
4477.8815776346  1.107481E-14
4480.65793255018  1.073486E-14
4483.43428746576  1.064315E-14
4486.21064238134  1.071775E-14
4488.98699729692  9.438404E-15
4491.7633522125  9.679173E-15
4494.53970712808  9.283519E-15
4497.31606204366  9.327699E-15
4500.09241695924  9.215032E-15
4502.86877187482  1.038122E-14
4505.64512679039  1.093841E-14
4508.42148170598  1.036014E-14
4511.19783662155  1.030996E-14
4513.97419153713  1.010512E-14
4516.75054645271  9.970670E-15
4519.52690136829  9.931904E-15
4522.30325628387  1.087468E-14
4525.07961119945  1.082784E-14
4527.85596611503  1.103925E-14
4530.63232103061  1.105107E-14
4533.40867594619  1.053104E-14
4536.18503086177  9.089302E-15
4538.96138577735  1.089066E-14
4541.73774069293  1.112444E-14
4544.51409560851  9.830614E-15
4547.29045052409  1.090550E-14
4550.06680543967  1.002524E-14
4552.84316035525  1.021808E-14
4555.61951527083  1.085013E-14
4558.39587018641  1.029585E-14
4561.17222510199  9.497963E-15
4563.94858001757  8.928674E-15
4566.72493493315  8.621778E-15
4569.50128984873  9.009729E-15
4572.27764476431  8.369902E-15
4575.05399967989  1.045015E-14
4577.83035459547  1.084478E-14
4580.60670951105  9.762360E-15
4583.38306442663  9.779674E-15
4586.15941934221  1.034797E-14
4588.93577425779  1.090351E-14
4591.71212917337  9.022164E-15
4594.48848408895  1.047717E-14
4597.26483900453  1.179089E-14
4600.0411939201  1.018886E-14
4602.81754883568  8.850114E-15
4605.59390375127  1.030051E-14
4608.37025866684  8.987621E-15
4611.14661358242  9.238140E-15
4613.922968498  1.021194E-14
4616.69932341358  1.051184E-14
4619.47567832916  1.103081E-14
4622.25203324474  1.132000E-14
4625.02838816032  1.090467E-14
4627.8047430759  1.053759E-14
4630.58109799148  1.143667E-14
4633.35745290706  1.038077E-14
4636.13380782264  1.046925E-14
4638.91016273822  1.168863E-14
4641.6865176538  9.710830E-15
4644.46287256938  1.070090E-14
4647.23922748496  1.101986E-14
4650.01558240054  1.095831E-14
4652.79193731612  1.101857E-14
4655.5682922317  1.018863E-14
4658.34464714728  1.056950E-14
4661.12100206286  1.041885E-14
4663.89735697844  1.011181E-14
4666.67371189402  1.030147E-14
4669.4500668096  1.098439E-14
4672.22642172518  1.037411E-14
4675.00277664076  1.020833E-14
4677.77913155634  1.087808E-14
4680.55548647192  1.096167E-14
4683.3318413875  1.136730E-14
4686.10819630308  1.048500E-14
4688.88455121866  1.026310E-14
4691.66090613424  1.186316E-14
4694.43726104982  1.267538E-14
4697.21361596539  1.310728E-14
4699.98997088097  1.081156E-14
4702.76632579655  1.102976E-14
4705.54268071213  1.101200E-14
4708.31903562771  1.109366E-14
4711.09539054329  1.095402E-14
4713.87174545887  1.108109E-14
4716.64810037445  1.087307E-14
4719.42445529003  1.072332E-14
4722.20081020561  1.032222E-14
4724.97716512119  9.935639E-15
4727.75352003677  1.043763E-14
4730.52987495235  1.082021E-14
4733.30622986793  9.993829E-15
4736.08258478351  1.084683E-14
4738.85893969909  9.678116E-15
4741.63529461467  9.691510E-15
4744.41164953025  1.142660E-14
4747.18800444583  1.015696E-14
4749.96435936141  9.567954E-15
4752.74071427699  1.028637E-14
4755.51706919257  1.037900E-14
4758.29342410815  1.039119E-14
4761.06977902373  1.105478E-14
4763.84613393931  1.051549E-14
4766.62248885489  9.604329E-15
4769.39884377047  9.502015E-15
4772.17519868605  9.105158E-15
4774.95155360163  1.129060E-14
4777.72790851721  9.883564E-15
4780.50426343279  9.087331E-15
4783.28061834837  9.474490E-15
4786.05697326394  9.434023E-15
4788.83332817953  9.231201E-15
4791.6096830951  9.693708E-15
4794.38603801068  1.026394E-14
4797.16239292626  1.007157E-14
4799.93874784184  1.161818E-14
4802.71510275742  1.040065E-14
4805.491457673  9.278617E-15
4808.26781258858  1.057990E-14
4811.04416750416  1.019421E-14
4813.82052241974  9.987670E-15
4816.59687733532  1.045696E-14
4819.3732322509  1.005115E-14
4822.14958716648  1.005918E-14
4824.92594208206  1.019729E-14
4827.70229699764  9.528290E-15
4830.47865191322  1.043930E-14
4833.2550068288  9.484789E-15
4836.03136174438  9.312531E-15
4838.80771665996  9.339355E-15
4841.58407157554  9.897876E-15
4844.36042649112  1.094104E-14
4847.1367814067  1.066849E-14
4849.91313632228  1.019939E-14
4852.68949123786  1.019270E-14
4855.46584615344  1.076129E-14
4858.24220106902  1.040975E-14
4861.0185559846  1.061035E-14
4863.79491090018  1.033963E-14
4866.57126581576  1.059691E-14
4869.34762073134  9.621024E-15
4872.12397564692  1.035768E-14
4874.9003305625  8.818061E-15
4877.67668547807  8.126221E-15
4880.45304039366  9.478504E-15
4883.22939530923  9.234833E-15
4886.00575022481  9.724852E-15
4888.7821051404  1.010253E-14
4891.55846005597  9.162942E-15
4894.33481497155  9.126108E-15
4897.11116988713  8.873868E-15
4899.88752480271  9.619366E-15
4902.66387971829  9.705194E-15
4905.44023463387  9.523778E-15
4908.21658954945  1.085820E-14
4910.99294446503  1.082725E-14
4913.76929938061  1.008049E-14
4916.54565429619  9.172364E-15
4919.32200921177  9.345436E-15
4922.09836412735  9.822643E-15
4924.87471904293  9.147348E-15
4927.65107395851  8.928757E-15
4930.42742887409  8.185195E-15
4933.20378378967  9.728304E-15
4935.98013870525  9.560870E-15
4938.75649362083  9.583587E-15
4941.53284853641  9.829346E-15
4944.30920345199  1.035117E-14
4947.08555836757  9.510337E-15
4949.86191328315  9.814978E-15
4952.63826819873  9.654814E-15
4955.41462311431  9.928533E-15
4958.19097802989  9.514157E-15
4960.96733294547  9.066963E-15
4963.74368786104  1.037513E-14
4966.52004277663  1.079762E-14
4969.29639769221  9.666056E-15
4972.07275260778  9.454601E-15
4974.84910752337  1.077032E-14
4977.62546243894  1.105499E-14
4980.40181735452  9.621813E-15
4983.1781722701  9.617249E-15
4985.95452718569  1.042187E-14
4988.73088210126  9.427585E-15
4991.50723701684  9.146872E-15
4994.28359193242  1.022579E-14
4997.059946848  9.206644E-15
4999.83630176358  1.008273E-14
5002.61265667916  1.051737E-14
5005.38901159474  9.314966E-15
5008.16536651032  9.596861E-15
5010.9417214259  9.672262E-15
5013.71807634148  9.273389E-15
5016.49443125706  8.750227E-15
5019.27078617264  8.987180E-15
5022.04714108822  9.424142E-15
5024.8234960038  9.815046E-15
5027.59985091938  1.037740E-14
5030.37620583496  1.015600E-14
5033.15256075054  9.284298E-15
5035.92891566612  8.932289E-15
5038.7052705817  9.735160E-15
5041.48162549728  1.013376E-14
5044.25798041286  1.004554E-14
5047.03433532844  8.925661E-15
5049.81069024402  9.300725E-15
5052.5870451596  1.006315E-14
5055.36340007518  8.834882E-15
5058.13975499076  9.124809E-15
5060.91610990634  9.919140E-15
5063.69246482192  8.749410E-15
5066.4688197375  9.054979E-15
5069.24517465307  1.065472E-14
5072.02152956866  9.556552E-15
5074.79788448423  9.224188E-15
5077.57423939981  1.048230E-14
5080.3505943154  9.879456E-15
5083.12694923098  9.441125E-15
5085.90330414655  8.924066E-15
5088.67965906213  9.779455E-15
5091.45601397771  1.028916E-14
5094.23236889329  1.054300E-14
5097.00872380887  1.006478E-14
5099.78507872445  9.068884E-15
5102.56143364003  9.912778E-15
5105.33778855561  9.029353E-15
5108.11414347119  8.924875E-15
5110.89049838677  8.584415E-15
5113.66685330235  8.627973E-15
5116.44320821793  1.078858E-14
5119.21956313351  1.063714E-14
5121.99591804909  9.599312E-15
5124.77227296467  9.210629E-15
5127.54862788025  9.300804E-15
5130.32498279583  9.208550E-15
5133.10133771141  9.419707E-15
5135.87769262699  9.770212E-15
5138.65404754257  9.902443E-15
5141.43040245815  9.752486E-15
5144.20675737373  1.055981E-14
5146.98311228931  9.108130E-15
5149.75946720489  9.017452E-15
5152.53582212047  9.339070E-15
5155.31217703605  9.990922E-15
5158.08853195163  9.588953E-15
5160.86488686721  9.017619E-15
5163.64124178279  8.904132E-15
5166.41759669837  9.006924E-15
5169.19395161395  9.260780E-15
5171.97030652952  1.024506E-14
5174.74666144511  9.836906E-15
5177.52301636068  7.708138E-15
5180.29937127626  8.744391E-15
5183.07572619184  9.480865E-15
5185.85208110742  9.584467E-15
5188.628436023  8.904129E-15
5191.40479093858  8.714917E-15
5194.18114585416  9.953503E-15
5196.95750076974  9.840123E-15
5199.73385568532  9.141150E-15
5202.5102106009  8.763503E-15
5205.28656551648  9.307400E-15
5208.06292043206  9.881889E-15
5210.83927534764  9.180223E-15
5213.61563026322  9.242115E-15
5216.3919851788  9.008158E-15
5219.16834009438  8.532456E-15
5221.94469500996  9.086188E-15
5224.72104992554  8.855016E-15
5227.49740484112  9.352099E-15
5230.2737597567  8.190308E-15
5233.05011467228  9.196924E-15
5235.82646958786  9.492899E-15
5238.60282450344  8.969804E-15
5241.37917941902  8.349979E-15
5244.1555343346  8.662885E-15
5246.93188925018  8.250094E-15
5249.70824416576  9.029940E-15
5252.48459908134  9.825170E-15
5255.26095399692  9.428684E-15
5258.0373089125  8.543535E-15
5260.81366382808  9.112663E-15
5263.59001874365  9.106789E-15
5266.36637365923  9.029436E-15
5269.14272857481  9.048828E-15
5271.91908349039  8.928334E-15
5274.69543840597  8.810141E-15
5277.47179332155  8.888134E-15
5280.24814823713  8.910915E-15
5283.02450315271  8.548317E-15
5285.80085806829  8.820772E-15
5288.57721298387  8.972101E-15
5291.35356789945  8.633044E-15
5294.12992281503  9.287281E-15
5296.90627773061  8.801878E-15
5299.68263264619  8.730654E-15
5302.45898756177  9.368090E-15
5305.23534247735  9.445276E-15
5308.01169739293  8.796692E-15
5310.78805230851  8.581618E-15
5313.56440722409  9.060217E-15
5316.34076213967  7.934335E-15
5319.11711705525  8.114009E-15
5321.89347197083  8.752892E-15
5324.66982688641  8.476575E-15
5327.44618180199  9.027944E-15
5330.22253671757  8.683005E-15
5332.99889163315  8.324029E-15
5335.77524654873  9.159277E-15
5338.55160146431  8.710573E-15
5341.32795637989  8.516704E-15
5344.10431129547  8.730152E-15
5346.88066621105  9.076381E-15
5349.65702112662  9.026950E-15
5352.43337604221  8.395455E-15
5355.20973095778  8.854592E-15
5357.98608587337  8.585109E-15
5360.76244078894  8.364729E-15
5363.53879570452  8.587190E-15
5366.3151506201  8.588255E-15
5369.09150553568  7.842073E-15
5371.86786045126  8.134159E-15
5374.64421536684  8.963340E-15
5377.42057028242  8.824888E-15
5380.196925198  8.379780E-15
5382.97328011358  8.300643E-15
5385.74963502916  8.306347E-15
5388.52598994474  8.584309E-15
5391.30234486032  8.840800E-15
5394.0786997759  7.965218E-15
5396.85505469148  8.111810E-15
5399.63140960706  9.002893E-15
5402.40776452264  8.610648E-15
5405.18411943822  8.222882E-15
5407.9604743538  8.191428E-15
5410.73682926938  8.348007E-15
5413.51318418496  8.626868E-15
5416.28953910054  8.388638E-15
5419.06589401612  8.688017E-15
5421.8422489317  7.997962E-15
5424.61860384728  8.979163E-15
5427.39495876286  8.238569E-15
5430.17131367844  8.198043E-15
5432.94766859402  8.554330E-15
5435.7240235096  8.675990E-15
5438.50037842518  8.005409E-15
5441.27673334076  8.681499E-15
5444.05308825634  8.692734E-15
5446.82944317192  9.083249E-15
5449.6057980875  8.521176E-15
5452.38215300308  8.358293E-15
5455.15850791866  8.207633E-15
5457.93486283423  8.722152E-15
5460.71121774981  8.720900E-15
5463.48757266539  7.988912E-15
5466.26392758097  8.599897E-15
5469.04028249655  7.405473E-15
5471.81663741213  8.009536E-15
5474.59299232771  8.457773E-15
5477.36934724329  8.177769E-15
5480.14570215887  8.667192E-15
5482.92205707445  8.468799E-15
5485.69841199003  7.884970E-15
5488.47476690561  7.395775E-15
5491.25112182119  8.118963E-15
5494.02747673677  7.856916E-15
5496.80383165235  7.741911E-15
5499.58018656793  7.752972E-15
5502.35654148351  7.741834E-15
5505.13289639909  7.472958E-15
5507.90925131467  7.936927E-15
5510.68560623025  7.926483E-15
5513.46196114583  8.013738E-15
5516.23831606141  7.915062E-15
5519.01467097699  8.069866E-15
5521.79102589257  8.355064E-15
5524.56738080815  8.110254E-15
5527.34373572373  8.063970E-15
5530.12009063931  7.408866E-15
5532.89644555489  7.181092E-15
5535.67280047047  7.193338E-15
5538.44915538605  7.875039E-15
5541.22551030163  8.011686E-15
5544.0018652172  7.815349E-15
5546.77822013278  7.912387E-15
5549.55457504837  7.372489E-15
5552.33092996394  7.865615E-15
5555.10728487952  8.047638E-15
5557.8836397951  7.653285E-15
5560.65999471068  7.382649E-15
5563.43634962626  7.437162E-15
5566.21270454184  7.901826E-15
5568.98905945742  7.477188E-15
5571.765414373  7.826135E-15
5574.54176928858  8.022400E-15
5577.31812420416  7.617004E-15
5580.09447911974  7.308205E-15
5582.87083403532  7.524888E-15
5585.6471889509  7.682054E-15
5588.42354386648  7.742924E-15
5591.19989878206  7.211972E-15
5593.97625369764  7.098914E-15
5596.75260861322  7.470997E-15
5599.5289635288  8.151160E-15
5602.30531844438  7.716468E-15
5605.08167335996  7.902073E-15
5607.85802827554  8.339825E-15
5610.63438319112  8.030635E-15
5613.4107381067  7.708477E-15
5616.18709302228  7.952654E-15
5618.96344793786  8.070792E-15
5621.73980285344  7.917102E-15
5624.51615776902  7.744965E-15
5627.2925126846  7.801926E-15
5630.06886760018  7.724010E-15
5632.84522251576  8.231652E-15
5635.62157743134  8.031110E-15
5638.39793234691  7.880457E-15
5641.1742872625  7.623920E-15
5643.95064217807  7.287733E-15
5646.72699709365  7.738204E-15
5649.50335200923  8.022862E-15
5652.27970692482  7.439355E-15
5655.05606184039  7.527945E-15
5657.83241675597  8.386149E-15
5660.60877167155  7.692527E-15
5663.38512658713  7.105520E-15
5666.16148150271  7.853211E-15
5668.93783641829  7.492266E-15
5671.71419133387  7.624496E-15
5674.49054624945  7.180707E-15
5677.26690116503  7.323027E-15
5680.04325608061  7.096902E-15
5682.81961099619  7.690607E-15
5685.59596591177  8.106733E-15
5688.37232082735  7.327249E-15
5691.14867574293  7.313637E-15
5693.92503065851  7.422060E-15
5696.70138557409  7.553330E-15
5699.47774048967  7.591146E-15
5702.25409540525  7.425842E-15
5705.03045032083  7.407954E-15
5707.80680523641  7.462196E-15
5710.58316015199  7.770739E-15
5713.35951506757  7.390019E-15
5716.13586998315  7.638385E-15
5718.91222489873  7.359776E-15
5721.68857981431  7.427179E-15
5724.46493472989  7.832410E-15
5727.24128964546  7.141207E-15
5730.01764456105  7.082019E-15
5732.79399947663  8.086424E-15
5735.5703543922  7.379512E-15
5738.34670930778  8.022306E-15
5741.12306422336  8.524501E-15
5743.89941913894  8.316283E-15
5746.67577405452  7.803256E-15
5749.4521289701  7.396876E-15
5752.22848388568  7.686468E-15
5755.00483880126  7.554456E-15
5757.78119371684  8.399313E-15
5760.55754863242  7.925236E-15
5763.333903548  8.290049E-15
5766.11025846358  7.472280E-15
5768.88661337916  7.071753E-15
5771.66296829474  8.289116E-15
5774.43932321032  7.575230E-15
5777.2156781259  8.082679E-15
5779.99203304148  7.352853E-15
5782.76838795706  7.630135E-15
5785.54474287264  7.282778E-15
5788.32109778822  6.917660E-15
5791.0974527038  7.486325E-15
5793.87380761938  7.565786E-15
5796.65016253496  7.382769E-15
5799.42651745054  6.866119E-15
5802.20287236612  7.217719E-15
5804.9792272817  7.924674E-15
5807.75558219728  7.624448E-15
5810.53193711286  7.136391E-15
5813.30829202844  7.403337E-15
5816.08464694402  7.058692E-15
5818.8610018596  7.097625E-15
5821.63735677518  7.355789E-15
5824.41371169076  7.340446E-15
5827.19006660633  7.351857E-15
5829.96642152192  7.322391E-15
5832.74277643749  7.363061E-15
5835.51913135307  7.642571E-15
5838.29548626865  7.664639E-15
5841.07184118423  7.433613E-15
5843.84819609981  7.945632E-15
5846.62455101539  7.473517E-15
5849.40090593097  7.601655E-15
5852.17726084655  7.122322E-15
5854.95361576213  7.306113E-15
5857.72997067771  7.348312E-15
5860.50632559329  7.122540E-15
5863.28268050887  7.395200E-15
5866.05903542445  8.111357E-15
5868.83539034003  7.510868E-15
5871.61174525561  7.636738E-15
5874.38810017119  7.214856E-15
5877.16445508677  7.100838E-15
5879.94081000235  6.777350E-15
5882.71716491793  6.938510E-15
5885.49351983351  6.903015E-15
5888.26987474909  6.339183E-15
5891.04622966467  6.970022E-15
5893.82258458025  7.042680E-15
5896.59893949583  7.064423E-15
5899.37529441141  7.236715E-15
5902.15164932699  7.150536E-15
5904.92800424257  6.769760E-15
5907.70435915815  7.288720E-15
5910.48071407373  6.898208E-15
5913.25706898931  7.330696E-15
5916.03342390489  7.059035E-15
5918.80977882047  6.215743E-15
5921.58613373604  6.600916E-15
5924.36248865163  6.743653E-15
5927.1388435672  6.769096E-15
5929.91519848278  6.786867E-15
5932.69155339836  6.771309E-15
5935.46790831394  6.943495E-15
5938.24426322952  6.940092E-15
5941.0206181451  7.001305E-15
5943.79697306068  7.050453E-15
5946.57332797626  6.543307E-15
5949.34968289184  6.551978E-15
5952.12603780742  6.732569E-15
5954.902392723  6.584619E-15
5957.67874763858  6.637163E-15
5960.45510255416  6.528946E-15
5963.23145746974  6.997877E-15
5966.00781238532  7.114186E-15
5968.7841673009  6.350537E-15
5971.56052221648  6.632778E-15
5974.33687713206  6.946059E-15
5977.11323204764  6.634360E-15
5979.88958696322  6.662506E-15
5982.6659418788  6.641512E-15
5985.44229679438  6.790066E-15
5988.21865170996  6.860433E-15
5990.99500662554  6.440956E-15
5993.77136154112  6.483082E-15
5996.5477164567  6.826063E-15
5999.32407137228  6.958250E-15
6002.10042628786  6.991168E-15
6004.87678120344  6.403236E-15
6007.65313611902  6.442084E-15
6010.42949103459  7.018501E-15
6013.20584595018  6.681247E-15
6015.98220086575  6.524362E-15
6018.75855578134  6.597912E-15
6021.53491069691  6.529962E-15
6024.31126561249  6.238888E-15
6027.08762052807  6.388357E-15
6029.86397544365  6.699353E-15
6032.64033035923  6.519613E-15
6035.41668527481  6.473710E-15
6038.19304019039  6.514324E-15
6040.96939510597  6.342447E-15
6043.74575002155  6.365482E-15
6046.52210493713  6.838292E-15
6049.29845985271  6.817394E-15
6052.07481476829  6.822227E-15
6054.85116968387  6.730590E-15
6057.62752459945  7.093728E-15
6060.40387951503  6.798373E-15
6063.18023443061  6.743993E-15
6065.95658934619  6.652993E-15
6068.73294426177  6.360732E-15
6071.50929917735  6.456310E-15
6074.28565409293  5.847951E-15
6077.06200900851  6.327221E-15
6079.83836392409  6.444925E-15
6082.61471883967  6.376534E-15
6085.39107375525  6.196358E-15
6088.16742867083  6.192029E-15
6090.94378358641  6.562703E-15
6093.72013850199  6.409397E-15
6096.49649341757  6.214317E-15
6099.27284833315  6.493846E-15
6102.04920324873  6.326291E-15
6104.82555816431  6.349164E-15
6107.60191307989  6.760040E-15
6110.37826799546  6.795874E-15
6113.15462291105  6.337669E-15
6115.93097782662  6.062492E-15
6118.7073327422  6.400397E-15
6121.48368765778  6.673885E-15
6124.26004257336  6.188582E-15
6127.03639748894  6.134839E-15
6129.81275240452  6.604333E-15
6132.5891073201  6.491764E-15
6135.36546223568  6.091952E-15
6138.14181715126  6.475477E-15
6140.91817206684  6.608136E-15
6143.69452698242  6.035462E-15
6146.470881898  6.199279E-15
6149.24723681358  6.278547E-15
6152.02359172916  6.738352E-15
6154.79994664474  6.374098E-15
6157.57630156032  6.216372E-15
6160.3526564759  6.360242E-15
6163.12901139148  6.254493E-15
6165.90536630706  5.810618E-15
6168.68172122264  6.350888E-15
6171.45807613822  6.502481E-15
6174.2344310538  6.667856E-15
6177.01078596938  6.593131E-15
6179.78714088496  5.935846E-15
6182.56349580054  5.872099E-15
6185.33985071612  6.229985E-15
6188.1162056317  6.271826E-15
6190.89256054728  6.321727E-15
6193.66891546286  5.912009E-15
6196.44527037844  5.862244E-15
6199.22162529402  6.373882E-15
6201.9979802096  6.358137E-15
6204.77433512517  6.055620E-15
6207.55069004076  5.911876E-15
6210.32704495633  5.767870E-15
6213.10339987191  6.065565E-15
6215.87975478749  6.663773E-15
6218.65610970307  6.032258E-15
6221.43246461865  5.846769E-15
6224.20881953423  6.134167E-15
6226.98517444981  6.124768E-15
6229.76152936539  6.407773E-15
6232.53788428097  5.951042E-15
6235.31423919655  6.073529E-15
6238.09059411213  5.860761E-15
6240.86694902771  6.034004E-15
6243.64330394329  5.908647E-15
6246.41965885887  5.937254E-15
6249.19601377445  6.214928E-15
6251.97236869003  5.955633E-15
6254.74872360561  5.812034E-15
6257.52507852119  5.795042E-15
6260.30143343677  6.122428E-15
6263.07778835235  5.937826E-15
6265.85414326793  6.178976E-15
6268.63049818351  5.676980E-15
6271.40685309909  5.763191E-15
6274.18320801467  5.577979E-15
6276.95956293025  5.452828E-15
6279.73591784583  5.766395E-15
6282.51227276141  5.953932E-15
6285.28862767699  6.151803E-15
6288.06498259257  6.048782E-15
6290.84133750815  5.510862E-15
6293.61769242373  5.182109E-15
6296.39404733931  5.513698E-15
6299.17040225488  5.576154E-15
6301.94675717047  6.118133E-15
6304.72311208604  5.776647E-15
6307.49946700162  5.538508E-15
6310.2758219172  5.805360E-15
6313.05217683278  6.155968E-15
6315.82853174836  6.020206E-15
6318.60488666394  5.866340E-15
6321.38124157952  5.792979E-15
6324.1575964951  5.723880E-15
6326.93395141068  5.413360E-15
6329.71030632626  5.609559E-15
6332.48666124184  5.750442E-15
6335.26301615742  5.807066E-15
6338.039371073  5.784870E-15
6340.81572598858  5.781870E-15
6343.59208090416  6.134836E-15
6346.36843581974  6.174031E-15
6349.14479073532  5.948912E-15
6351.9211456509  6.222461E-15
6354.69750056648  6.312826E-15
6357.47385548206  5.675664E-15
6360.25021039764  5.940906E-15
6363.02656531322  5.762873E-15
6365.8029202288  5.744571E-15
6368.57927514438  6.005009E-15
6371.35563005996  5.917853E-15
6374.13198497554  5.611809E-15
6376.90833989111  5.114702E-15
6379.6846948067  5.580693E-15
6382.46104972228  6.301201E-15
6385.23740463786  6.092824E-15
6388.01375955344  5.994326E-15
6390.79011446902  6.009205E-15
6393.56646938459  5.580343E-15
6396.34282430017  6.038420E-15
6399.11917921575  5.732200E-15
6401.89553413133  5.796960E-15
6404.67188904691  6.093945E-15
6407.44824396249  5.867692E-15
6410.22459887807  5.847489E-15
6413.00095379365  5.928174E-15
6415.77730870923  6.241823E-15
6418.55366362481  5.748590E-15
6421.33001854039  5.780670E-15
6424.10637345597  5.838433E-15
6426.88272837155  5.335335E-15
6429.65908328713  5.429019E-15
6432.43543820271  5.509118E-15
6435.21179311829  5.690432E-15
6437.98814803387  5.423839E-15
6440.76450294945  5.800799E-15
6443.54085786503  6.179520E-15
6446.31721278061  5.970627E-15
6449.09356769619  5.864909E-15
6451.86992261177  5.505707E-15
6454.64627752735  5.497640E-15
6457.42263244293  5.832010E-15
6460.19898735851  5.665360E-15
6462.97534227409  5.570313E-15
6465.75169718967  5.661037E-15
6468.52805210525  5.593256E-15
6471.30440702083  5.568230E-15
6474.08076193641  5.483183E-15
6476.85711685199  5.573209E-15
6479.63347176757  5.474350E-15
6482.40982668315  4.832759E-15
6485.18618159872  5.270084E-15
6487.9625365143  5.592076E-15
6490.73889142988  5.542187E-15
6493.51524634546  5.392014E-15
6496.29160126104  5.047665E-15
6499.06795617662  5.543818E-15
6501.8443110922  5.324843E-15
6504.62066600778  5.424799E-15
6507.39702092336  5.372269E-15
6510.17337583894  5.620376E-15
6512.94973075452  5.296120E-15
6515.7260856701  5.205025E-15
6518.50244058568  5.468723E-15
6521.27879550126  5.280059E-15
6524.05515041684  5.470294E-15
6526.83150533242  5.815886E-15
6529.607860248  5.665129E-15
6532.38421516358  5.614175E-15
6535.16057007916  5.122970E-15
6537.93692499474  5.237612E-15
6540.71327991032  5.896104E-15
6543.4896348259  6.301811E-15
6546.26598974148  7.106264E-15
6549.04234465706  7.913240E-15
6551.81869957264  8.574249E-15
6554.59505448822  9.453232E-15
6557.3714094038  9.951417E-15
6560.14776431938  9.753414E-15
6562.92411923496  9.096152E-15
6565.70047415053  8.168491E-15
6568.47682906612  7.325088E-15
6571.25318398169  6.962942E-15
6574.02953889728  6.455704E-15
6576.80589381286  5.557601E-15
6579.58224872843  5.451844E-15
6582.35860364401  5.648654E-15
6585.13495855959  5.277083E-15
6587.91131347517  4.708189E-15
6590.68766839076  5.098016E-15
6593.46402330633  4.824809E-15
6596.24037822191  4.799952E-15
6599.01673313749  5.053060E-15
6601.79308805307  4.872725E-15
6604.56944296865  4.759482E-15
6607.34579788423  4.989099E-15
6610.12215279981  5.037208E-15
6612.89850771539  5.274898E-15
6615.67486263097  4.939580E-15
6618.45121754655  5.170810E-15
6621.22757246213  5.210174E-15
6624.00392737771  4.727718E-15
6626.78028229329  5.012534E-15
6629.55663720887  4.919170E-15
6632.33299212445  5.126049E-15
6635.10934704003  5.025651E-15
6637.88570195561  4.747160E-15
6640.66205687119  4.996315E-15
6643.43841178677  4.972797E-15
6646.21476670235  5.054598E-15
6648.99112161793  5.229179E-15
6651.76747653351  5.225328E-15
6654.54383144909  5.263752E-15
6657.32018636467  5.064801E-15
6660.09654128025  5.007509E-15
6662.87289619583  5.065710E-15
6665.64925111141  4.994847E-15
6668.42560602698  5.140776E-15
6671.20196094257  5.389394E-15
6673.97831585815  4.979786E-15
6676.75467077372  5.477900E-15
6679.5310256893  4.910243E-15
6682.30738060488  4.911213E-15
6685.08373552046  4.934915E-15
6687.86009043604  5.198364E-15
6690.63644535162  5.209251E-15
6693.4128002672  5.000371E-15
6696.18915518278  4.810263E-15
6698.96551009836  4.827965E-15
6701.74186501394  4.950638E-15
6704.51821992952  5.108305E-15
6707.2945748451  4.598264E-15
6710.07092976068  4.752024E-15
6712.84728467626  4.648386E-15
6715.62363959184  4.592511E-15
6718.39999450742  4.630369E-15
6721.176349423  4.729032E-15
6723.95270433858  5.039717E-15
6726.72905925416  4.883502E-15
6729.50541416974  5.040810E-15
6732.28176908532  5.037782E-15
6735.0581240009  4.536525E-15
6737.83447891648  4.931718E-15
6740.61083383206  5.232185E-15
6743.38718874764  4.941175E-15
6746.16354366322  4.991364E-15
6748.9398985788  5.080029E-15
6751.71625349438  5.006556E-15
6754.49260840996  4.684719E-15
6757.26896332554  4.693880E-15
6760.04531824112  5.032634E-15
6762.82167315669  4.912620E-15
6765.59802807227  5.124286E-15
6768.37438298785  4.724519E-15
6771.15073790343  4.893552E-15
6773.92709281901  4.711487E-15
6776.70344773459  4.671814E-15
6779.47980265018  4.822774E-15
6782.25615756575  4.855183E-15
6785.03251248133  4.799945E-15
6787.80886739691  4.815644E-15
6790.58522231249  4.471204E-15
6793.36157722807  4.464690E-15
6796.13793214365  4.508482E-15
6798.91428705923  4.454992E-15
6801.69064197481  4.913192E-15
6804.46699689039  4.630117E-15
6807.24335180597  4.686460E-15
6810.01970672155  5.041217E-15
6812.79606163713  5.042164E-15
6815.57241655271  5.072960E-15
6818.34877146829  5.101739E-15
6821.12512638387  5.190119E-15
6823.90148129945  4.735121E-15
6826.67783621503  4.774802E-15
6829.45419113061  4.906942E-15
6832.23054604619  4.585126E-15
6835.00690096177  4.036069E-15
6837.78325587735  4.898655E-15
6840.55961079293  4.916008E-15
6843.33596570851  5.112216E-15
6846.11232062409  4.693617E-15
6848.88867553967  4.722941E-15
6851.66503045524  4.539118E-15
6854.44138537082  4.810106E-15
6857.21774028641  5.245125E-15
6859.99409520199  4.782749E-15
6862.77045011756  4.950048E-15
6865.54680503314  5.051542E-15
6868.32315994872  4.591488E-15
6871.0995148643  4.768570E-15
6873.87586977988  5.121964E-15
6876.65222469546  4.883068E-15
6879.42857961104  4.414177E-15
6882.20493452662  4.754212E-15
6884.9812894422  4.992039E-15
6887.75764435778  4.913910E-15
6890.53399927336  4.802581E-15
6893.31035418894  4.534394E-15
6896.08670910452  4.786233E-15
6898.8630640201  5.180919E-15
6901.63941893568  5.239817E-15
6904.41577385126  4.748303E-15
6907.19212876684  4.492984E-15
6909.96848368242  4.272668E-15
6912.744838598  4.954775E-15
6915.52119351358  5.262836E-15
6918.29754842916  4.514464E-15
6921.07390334474  4.702674E-15
6923.85025826032  4.946153E-15
6926.6266131759  4.855198E-15
6929.40296809148  4.489382E-15
6932.17932300706  4.505471E-15
6934.95567792264  4.545884E-15
6937.73203283822  4.724382E-15
6940.5083877538  4.361592E-15
6943.28474266938  4.192135E-15
6946.06109758495  4.118136E-15
6948.83745250054  3.981693E-15
6951.61380741612  4.389732E-15
6954.39016233169  4.446807E-15
6957.16651724727  4.733202E-15
6959.94287216285  4.752854E-15
6962.71922707843  4.442340E-15
6965.49558199401  4.581448E-15
6968.27193690959  4.409067E-15
6971.04829182517  4.436657E-15
6973.82464674075  4.283488E-15
6976.60100165633  4.569546E-15
6979.37735657191  4.873771E-15
6982.15371148749  4.901022E-15
6984.93006640307  4.646687E-15
6987.70642131865  4.027782E-15
6990.48277623423  4.598532E-15
6993.25913114981  3.981836E-15
6996.03548606539  4.171138E-15
6998.81184098097  4.337799E-15
7001.58819589655  4.108148E-15
7004.36455081213  5.083987E-15
7007.14090572771  4.382008E-15
7009.91726064329  4.159722E-15
7012.69361555887  4.354875E-15
7015.46997047445  4.391428E-15
7018.24632539003  4.355040E-15
7021.02268030561  4.144623E-15
7023.79903522119  4.356298E-15
7026.57539013677  4.483724E-15
7029.35174505235  4.354649E-15
7032.12809996793  4.237316E-15
7034.90445488351  4.194502E-15
7037.68080979909  4.449824E-15
7040.45716471466  4.550987E-15
7043.23351963024  4.462087E-15
7046.00987454583  4.219002E-15
7048.7862294614  4.705675E-15
7051.56258437698  5.180944E-15
7054.33893929256  4.711596E-15
7057.11529420814  4.488387E-15
7059.89164912372  4.937346E-15
7062.6680040393  4.838921E-15
7065.44435895488  4.847008E-15
7068.22071387046  4.406802E-15
7070.99706878604  4.160081E-15
7073.77342370162  4.223054E-15
7076.5497786172  4.542082E-15
7079.32613353278  4.391467E-15
7082.10248844836  4.300559E-15
7084.87884336394  3.885032E-15
7087.65519827952  3.913182E-15
7090.4315531951  4.556587E-15
7093.20790811068  4.178460E-15
7095.98426302626  3.900667E-15
7098.76061794184  4.670721E-15
7101.53697285742  4.706364E-15
7104.313327773  4.341868E-15
7107.08968268858  4.443779E-15
7109.86603760416  4.298974E-15
7112.64239251974  4.279240E-15
7115.41874743532  4.101750E-15
7118.1951023509  4.079268E-15
7120.97145726648  4.316009E-15
7123.74781218206  4.157174E-15
7126.52416709764  4.135361E-15
7129.30052201322  4.459503E-15
7132.0768769288  4.143557E-15
7134.85323184437  3.831972E-15
7137.62958675996  4.232295E-15
7140.40594167553  4.339212E-15
7143.18229659112  3.857537E-15
7145.95865150669  3.889382E-15
7148.73500642227  4.704755E-15
7151.51136133785  4.262220E-15
7154.28771625343  4.180169E-15
7157.06407116901  4.411146E-15
7159.84042608459  4.024740E-15
7162.61678100017  3.867380E-15
7165.39313591575  4.161768E-15
7168.16949083133  4.661514E-15
7170.94584574691  4.764084E-15
7173.72220066249  4.481146E-15
7176.49855557807  3.934006E-15
7179.27491049365  4.025700E-15
7182.05126540923  3.919828E-15
7184.82762032481  4.143793E-15
7187.60397524039  3.943076E-15
7190.38033015597  3.901684E-15
7193.15668507155  3.831006E-15
7195.93303998713  3.902551E-15
7198.70939490271  4.026469E-15
7201.48574981829  3.553644E-15
7204.26210473387  3.826066E-15
7207.03845964945  4.405774E-15
7209.81481456503  4.173192E-15
7212.59116948061  3.803576E-15
7215.36752439619  3.661972E-15
7218.14387931177  3.648922E-15
7220.92023422735  3.715280E-15
7223.69658914293  3.841578E-15
7226.47294405851  4.191717E-15
7229.24929897409  4.249904E-15
7232.02565388966  3.970906E-15
7234.80200880524  4.158501E-15
7237.57836372083  4.268966E-15
7240.3547186364  4.233132E-15
7243.13107355198  4.225296E-15
7245.90742846756  3.851179E-15
7248.68378338314  4.161727E-15
7251.46013829872  4.214025E-15
7254.2364932143  4.353550E-15
7257.01284812988  4.497747E-15
7259.78920304546  4.515023E-15
7262.56555796104  3.983281E-15
7265.34191287662  4.563433E-15
7268.1182677922  4.230728E-15
7270.89462270778  3.679323E-15
7273.67097762336  4.149665E-15
7276.44733253894  3.882541E-15
7279.22368745452  3.854428E-15
7282.0000423701  3.876853E-15
7284.77639728568  3.594321E-15
7287.55275220126  3.677207E-15
7290.32910711684  3.716297E-15
7293.10546203242  3.852893E-15
7295.881816948  4.123632E-15
7298.65817186358  4.145726E-15
7301.43452677916  3.764299E-15
7304.21088169474  3.548685E-15
7306.98723661032  4.034902E-15
7309.7635915259  3.845281E-15
7312.53994644148  3.269800E-15
7315.31630135706  3.478830E-15
7318.09265627264  3.721269E-15
7320.86901118822  4.100305E-15
7323.6453661038  3.730294E-15
7326.42172101938  4.053314E-15
7329.19807593495  3.606337E-15
7331.97443085053  3.508483E-15
7334.75078576611  3.675200E-15
7337.52714068169  3.620108E-15
7340.30349559727  3.733245E-15
7343.07985051285  4.036315E-15
7345.85620542843  4.122875E-15
7348.63256034401  4.062190E-15
7351.40891525959  3.816191E-15
7354.18527017517  3.353124E-15
7356.96162509075  3.333584E-15
7359.73798000633  3.408918E-15
7362.51433492191  3.418425E-15
7365.29068983749  3.778534E-15
7368.06704475307  3.603789E-15
7370.84339966865  3.690882E-15
7373.61975458423  3.810108E-15
7376.39610949981  3.681818E-15
7379.17246441539  3.417428E-15
7381.94881933097  3.569213E-15
7384.72517424655  3.862820E-15
7387.50152916213  3.714717E-15
7390.27788407771  3.913188E-15
7393.05423899329  3.895282E-15
7395.83059390887  3.360156E-15
7398.60694882445  3.264227E-15
7401.38330374003  3.315492E-15
7404.15965865561  3.371707E-15
7406.93601357119  3.531299E-15
7409.71236848677  3.456303E-15
7412.48872340235  3.483891E-15
7415.26507831793  3.573095E-15
7418.04143323351  3.608271E-15
7420.81778814909  3.587657E-15
7423.59414306466  3.067017E-15
7426.37049798024  3.429143E-15
7429.14685289582  3.470439E-15
7431.9232078114  3.631511E-15
7434.69956272698  3.768331E-15
7437.47591764256  3.781420E-15
7440.25227255814  3.486873E-15
7443.02862747372  3.554550E-15
7445.8049823893  3.552964E-15
7448.58133730488  3.546303E-15
7451.35769222046  3.294272E-15
7454.13404713604  3.281368E-15
7456.91040205162  3.474556E-15
7459.6867569672  3.483781E-15
7462.46311188278  3.489062E-15
7465.23946679836  3.562280E-15
7468.01582171394  3.228856E-15
7470.79217662952  3.006524E-15
7473.5685315451  3.634341E-15
7476.34488646068  3.881589E-15
7479.12124137626  3.490798E-15
7481.89759629184  3.621883E-15
7484.67395120742  3.690169E-15
7487.450306123  3.386077E-15
7490.22666103858  3.658385E-15
7493.00301595416  3.640882E-15
7495.77937086974  3.833520E-15
7498.55572578532  3.679688E-15
7501.3320807009  3.528116E-15
7504.10843561648  3.539714E-15
7506.88479053206  3.283962E-15
7509.66114544764  3.634181E-15
7512.43750036321  3.840161E-15
7515.2138552788  3.577874E-15
7517.99021019437  3.347164E-15
7520.76656510995  3.356598E-15
7523.54292002553  3.328722E-15
7526.31927494111  3.263716E-15
7529.09562985669  3.723066E-15
7531.87198477227  4.070194E-15
7534.64833968785  3.778723E-15
7537.42469460343  3.603696E-15
7540.20104951901  3.509515E-15
7542.97740443459  3.608626E-15
7545.75375935017  3.620852E-15
7548.53011426575  3.976242E-15
7551.30646918133  4.051530E-15
7554.08282409691  3.548119E-15
7556.85917901249  3.855018E-15
7559.63553392807  3.876367E-15
7562.41188884365  3.765587E-15
7565.18824375923  3.824304E-15
7567.96459867481  3.898210E-15
7570.74095359039  3.585664E-15
7573.51730850597  3.680079E-15
7576.29366342155  3.579664E-15
7579.07001833713  3.451089E-15
7581.84637325271  3.760849E-15
7584.62272816829  3.638649E-15
7587.39908308387  3.338719E-15
7590.17543799945  2.959002E-15
7592.95179291503  2.837379E-15
7595.72814783061  2.908844E-15
7598.50450274619  2.822502E-15
7601.28085766177  3.455084E-15
7604.05721257735  2.408996E-15
7606.83356749292  2.698446E-15
7609.60992240851  3.785079E-15
7612.38627732408  3.212176E-15
7615.16263223967  3.289578E-15
7617.93898715524  3.646008E-15
7620.71534207082  3.479587E-15
7623.4916969864  3.440177E-15
7626.26805190198  3.631455E-15
7629.04440681756  3.374585E-15
7631.82076173314  3.276394E-15
7634.59711664872  3.278928E-15
7637.3734715643  3.017762E-15
7640.14982647988  2.840560E-15
7642.92618139546  2.903825E-15
7645.70253631104  3.284396E-15
7648.47889122662  3.442906E-15
7651.2552461422  3.376080E-15
7654.03160105778  3.314314E-15
7656.80795597336  3.144939E-15
7659.58431088894  2.993796E-15
7662.36066580452  3.315799E-15
7665.1370207201  3.258156E-15
7667.91337563568  3.131040E-15
7670.68973055126  3.208805E-15
7673.46608546684  3.376092E-15
7676.24244038242  3.165924E-15
7679.018795298  2.847089E-15
7681.79515021358  2.770783E-15
7684.57150512916  3.226606E-15
7687.34786004474  3.087990E-15
7690.12421496032  2.480800E-15
7692.9005698759  2.786785E-15
7695.67692479148  3.172049E-15
7698.45327970706  3.146088E-15
7701.22963462264  3.355627E-15
7704.00598953821  3.286994E-15
7706.78234445379  3.272052E-15
7709.55869936937  3.054284E-15
7712.33505428495  3.016330E-15
7715.11140920053  3.197054E-15
7717.88776411611  3.139709E-15
7720.66411903169  3.237198E-15
7723.44047394727  2.999567E-15
7726.21682886285  2.746400E-15
7728.99318377843  3.125311E-15
7731.76953869401  3.343961E-15
7734.54589360959  3.123051E-15
7737.32224852517  2.950644E-15
7740.09860344075  2.746200E-15
7742.87495835633  2.577879E-15
7745.65131327191  3.132234E-15
7748.42766818749  3.320394E-15
7751.20402310307  2.735577E-15
7753.98037801865  2.532387E-15
7756.75673293423  2.599323E-15
7759.53308784981  3.230189E-15
7762.30944276539  2.882660E-15
7765.08579768097  2.944301E-15
7767.86215259655  3.389770E-15
7770.63850751213  2.922828E-15
7773.41486242771  3.569248E-15
7776.19121734329  3.781176E-15
7778.96757225887  3.313333E-15
7781.74392717445  2.976533E-15
7784.52028209003  2.607400E-15
7787.29663700561  2.896278E-15
7790.07299192119  3.013233E-15
7792.84934683677  3.288654E-15
7795.62570175234  3.375074E-15
7798.40205666793  3.130097E-15
7801.1784115835  3.214914E-15
7803.95476649909  3.355117E-15
7806.73112141466  3.305308E-15
7809.50747633024  3.279612E-15
7812.28383124582  3.521845E-15
7815.0601861614  3.412870E-15
7817.83654107698  3.307778E-15
7820.61289599256  2.947382E-15
7823.38925090814  3.074228E-15
7826.16560582372  3.349813E-15
7828.9419607393  3.230857E-15
7831.71831565488  2.954567E-15
7834.49467057046  3.496065E-15
7837.27102548604  3.405830E-15
7840.04738040162  2.926940E-15
7842.8237353172  2.945398E-15
7845.60009023278  3.174460E-15
7848.37644514836  3.130659E-15
7851.15280006394  3.166634E-15
7853.92915497952  3.274032E-15
7856.7055098951  3.166144E-15
7859.48186481068  3.018866E-15
7862.25821972626  3.041326E-15
7865.03457464184  3.138764E-15
7867.81092955742  3.029581E-15
7870.587284473  3.084298E-15
7873.36363938858  2.755188E-15
7876.13999430416  2.998480E-15
7878.91634921974  2.762231E-15
7881.69270413532  2.860794E-15
7884.4690590509  2.735374E-15
7887.24541396648  2.888282E-15
7890.02176888206  3.033055E-15
7892.79812379764  2.890988E-15
7895.57447871321  2.995103E-15
7898.3508336288  2.936446E-15
7901.12718854437  2.736622E-15
7903.90354345995  2.811000E-15
7906.67989837553  2.986408E-15
7909.45625329111  3.133631E-15
7912.23260820669  2.935855E-15
7915.00896312227  2.661825E-15
7917.78531803785  2.881170E-15
7920.56167295343  2.893268E-15
7923.33802786901  2.986114E-15
7926.11438278459  2.925464E-15
7928.89073770017  2.777421E-15
7931.66709261575  2.357771E-15
7934.44344753133  2.593267E-15
7937.21980244691  2.629554E-15
7939.99615736249  2.770724E-15
7942.77251227807  3.299405E-15
7945.54886719365  2.918754E-15
7948.32522210923  2.947993E-15
7951.10157702481  2.915908E-15
7953.87793194039  2.850372E-15
7956.65428685597  2.767900E-15
7959.43064177155  2.851835E-15
7962.20699668713  3.065660E-15
7964.98335160271  2.891066E-15
7967.75970651829  2.958959E-15
7970.53606143387  3.093807E-15
7973.31241634945  2.955261E-15
7976.08877126503  2.879524E-15
7978.86512618061  2.876271E-15
7981.64148109619  2.886756E-15
7984.41783601176  3.027422E-15
7987.19419092735  3.012111E-15
7989.97054584292  2.879998E-15
7992.74690075851  2.311268E-15
7995.52325567408  2.722351E-15
7998.29961058966  2.807055E-15
8001.07596550524  2.597375E-15
8003.85232042082  2.824275E-15
8006.6286753364  3.016590E-15
8009.40503025198  2.848258E-15
8012.18138516756  2.705244E-15
8014.95774008314  2.745906E-15
8017.73409499872  2.968262E-15
8020.5104499143  3.013416E-15
8023.28680482988  2.569760E-15
8026.06315974546  2.527179E-15
8028.83951466104  2.646977E-15
8031.61586957662  2.350676E-15
8034.3922244922  2.535752E-15
8037.16857940778  2.598648E-15
8039.94493432336  2.438376E-15
8042.72128923894  2.909850E-15
8045.49764415452  3.061727E-15
8048.2739990701  2.948629E-15
8051.05035398568  2.798323E-15
8053.82670890126  2.800788E-15
8056.60306381684  3.128977E-15
8059.37941873242  3.000167E-15
8062.155773648  2.759333E-15
8064.93212856357  2.799207E-15
8067.70848347916  3.076751E-15
8070.48483839474  3.061195E-15
8073.26119331031  2.469822E-15
8076.03754822589  2.502711E-15
8078.81390314148  2.628635E-15
8081.59025805706  2.258966E-15
8084.36661297263  2.334501E-15
8087.14296788822  2.865442E-15
8089.91932280379  2.969861E-15
8092.69567771937  2.797347E-15
8095.47203263495  2.837647E-15
8098.24838755053  2.601490E-15
8101.02474246611  2.659296E-15
8103.80109738169  2.911393E-15
8106.57745229727  2.687941E-15
8109.35380721285  2.910445E-15
8112.13016212843  2.608221E-15
8114.90651704401  2.505272E-15
8117.68287195959  3.198644E-15
8120.45922687517  2.939179E-15
8123.23558179075  2.332229E-15
8126.01193670633  2.373629E-15
8128.78829162191  2.333527E-15
8131.56464653749  2.414630E-15
8134.34100145307  2.334347E-15
8137.11735636865  2.594502E-15
8139.89371128423  2.646852E-15
8142.67006619981  2.121982E-15
8145.44642111539  2.273243E-15
8148.22277603097  2.436945E-15
8150.99913094655  2.635566E-15
8153.77548586213  3.021970E-15
8156.55184077771  2.597809E-15
8159.32819569329  2.420643E-15
8162.10455060886  2.623209E-15
8164.88090552445  2.733109E-15
8167.65726044003  2.351072E-15
8170.43361535561  2.493855E-15
8173.20997027118  2.905772E-15
8175.98632518676  2.570975E-15
8178.76268010234  2.527378E-15
8181.53903501792  2.587565E-15
8184.3153899335  2.429334E-15
8187.09174484908  2.458739E-15
8189.86809976466  2.917364E-15
8192.64445468024  2.845179E-15
8195.42080959582  2.417184E-15
8198.1971645114  2.482830E-15
8200.97351942698  2.407165E-15
8203.74987434256  2.364162E-15
8206.52622925814  2.277734E-15
8209.30258417372  2.731533E-15
8212.0789390893  2.947935E-15
8214.85529400488  2.838628E-15
8217.63164892046  2.534609E-15
8220.40800383604  2.113729E-15
8223.18435875162  2.448065E-15
8225.9607136672  2.788178E-15
8228.73706858278  2.615085E-15
8231.51342349836  2.590581E-15
8234.28977841394  2.496352E-15
8237.06613332952  2.892310E-15
8239.8424882451  2.790157E-15
8242.61884316068  3.214490E-15
8245.39519807626  3.143716E-15
8248.17155299184  2.825372E-15
8250.94790790742  2.654797E-15
8253.724262823  2.654668E-15
8256.50061773858  2.477339E-15
8259.27697265415  2.431990E-15
8262.05332756974  2.663163E-15
8264.82968248532  2.830563E-15
8267.60603740089  2.767162E-15
8270.38239231647  2.413914E-15
8273.15874723205  2.453778E-15
8275.93510214764  2.342777E-15
8278.71145706321  2.398128E-15
8281.48781197879  2.789598E-15
8284.26416689437  2.479744E-15
8287.04052180995  2.791558E-15
8289.81687672553  2.660476E-15
8292.59323164111  1.980553E-15
8295.36958655669  2.228177E-15
8298.14594147227  2.505815E-15
8300.92229638785  2.631585E-15
8303.69865130343  2.599174E-15
8306.47500621901  2.662449E-15
8309.25136113459  2.513619E-15
8312.02771605017  2.556342E-15
8314.80407096575  2.654701E-15
8317.58042588133  3.140584E-15
8320.35678079691  3.201960E-15
8323.13313571249  3.083107E-15
8325.90949062807  2.611553E-15
8328.68584554365  2.009611E-15
8331.46220045923  2.288772E-15
8334.23855537481  2.593346E-15
8337.01491029039  2.560887E-15
8339.79126520597  2.710749E-15
8342.56762012155  2.662007E-15
8345.34397503712  2.643482E-15
8348.12032995271  2.649800E-15
8350.89668486829  2.813899E-15
8353.67303978387  2.572813E-15
8356.44939469944  2.856101E-15
8359.22574961502  3.121934E-15
8362.00210453061  2.629422E-15
8364.77845944619  3.002788E-15
8367.55481436176  2.711107E-15
8370.33116927734  2.481062E-15
8373.10752419292  2.597356E-15
8375.8838791085  2.705336E-15
8378.66023402408  2.298619E-15
8381.43658893966  2.439342E-15
8384.21294385524  3.120745E-15
8386.98929877082  2.802311E-15
8389.7656536864  2.453964E-15
8392.54200860198  2.303246E-15
8395.31836351756  2.719026E-15
8398.09471843314  3.135763E-15
8400.87107334872  2.858947E-15
8403.6474282643  2.381607E-15
8406.42378317988  2.673853E-15
8409.20013809546  2.459156E-15
8411.97649301104  2.224827E-15
8414.75284792662  2.374917E-15
8417.5292028422  2.425323E-15
8420.30555775778  2.807496E-15
8423.08191267336  2.897642E-15
8425.85826758894  2.736214E-15
8428.63462250452  2.389441E-15
8431.4109774201  2.653537E-15
8434.18733233568  2.722828E-15
8436.96368725126  2.408628E-15
8439.74004216684  2.813233E-15
8442.51639708242  2.834486E-15
8445.292751998  2.848968E-15
8448.06910691358  2.660680E-15
8450.84546182916  2.812562E-15
8453.62181674473  2.776913E-15
8456.39817166031  2.432522E-15
8459.1745265759  2.138878E-15
8461.95088149147  2.080978E-15
8464.72723640705  2.581786E-15
8467.50359132263  2.672284E-15
8470.27994623821  2.685632E-15
8473.05630115379  2.560573E-15
8475.83265606937  2.220458E-15
8478.60901098495  2.536552E-15
8481.38536590053  2.920445E-15
8484.16172081611  2.447676E-15
8486.93807573169  2.222830E-15
8489.71443064727  2.841098E-15
8492.49078556285  2.956682E-15
8495.26714047843  2.419938E-15
8498.04349539401  2.392946E-15
8500.81985030959  2.636097E-15
8503.59620522517  2.727365E-15
8506.37256014075  2.603637E-15
8509.14891505633  2.288229E-15
8511.92526997191  2.394034E-15
8514.70162488749  2.569428E-15
8517.47797980307  2.424645E-15
8520.25433471865  2.625964E-15
8523.03068963423  2.809655E-15
8525.80704454981  2.621976E-15
8528.58339946539  2.733936E-15
8531.35975438097  2.511457E-15
8534.13610929655  2.386388E-15
8536.91246421213  2.458451E-15
8539.6888191277  2.690104E-15
8542.46517404328  2.572594E-15
8545.24152895887  2.466331E-15
8548.01788387445  2.967564E-15
8550.79423879002  2.164369E-15
8553.5705937056  2.469130E-15
8556.34694862118  2.620275E-15
8559.12330353676  2.448162E-15
8561.89965845234  2.340147E-15
8564.67601336792  2.497232E-15
8567.4523682835  2.192288E-15
8570.22872319908  2.121958E-15
8573.00507811466  2.307579E-15
8575.78143303024  2.438093E-15
8578.55778794582  1.942322E-15
8581.3341428614  1.730214E-15
8584.11049777698  1.999394E-15
8586.88685269256  1.912320E-15
8589.66320760814  2.096246E-15
8592.43956252372  2.804990E-15
8595.2159174393  2.948563E-15
8597.99227235488  2.482113E-15
8600.76862727046  2.118146E-15
8603.54498218604  2.199327E-15
8606.32133710162  2.471147E-15
8609.0976920172  2.410470E-15
8611.87404693278  2.671373E-15
8614.65040184836  2.366038E-15
8617.42675676394  2.034144E-15
8620.20311167952  2.577912E-15
8622.97946659509  2.091105E-15
8625.75582151068  2.162462E-15
8628.53217642626  2.682470E-15
8631.30853134184  2.671072E-15
8634.08488625742  2.298744E-15
8636.861241173  2.150173E-15
8639.63759608857  2.371908E-15
8642.41395100416  2.336753E-15
8645.19030591974  2.202409E-15
8647.96666083531  2.174506E-15
8650.74301575089  2.312777E-15
8653.51937066647  2.600997E-15
8656.29572558205  2.418891E-15
8659.07208049763  2.491939E-15
8661.84843541321  2.402757E-15
8664.62479032879  2.736904E-15
8667.40114524437  2.321437E-15
8670.17750015995  1.825976E-15
8672.95385507553  2.156314E-15
8675.73020999111  2.338078E-15
8678.50656490669  2.247060E-15
8681.28291982227  2.346122E-15
8684.05927473785  2.472823E-15
8686.83562965343  2.741845E-15
8689.61198456901  2.732978E-15
8692.38833948459  2.344587E-15
8695.16469440017  2.118224E-15
8697.94104931575  2.397442E-15
8700.71740423133  2.586736E-15
8703.49375914691  2.358885E-15
8706.27011406249  2.456282E-15
8709.04646897807  2.486797E-15
8711.82282389365  2.173227E-15
8714.59917880923  2.387408E-15
8717.37553372481  2.020836E-15
8720.15188864039  2.013762E-15
8722.92824355597  1.814164E-15
8725.70459847155  1.981721E-15
8728.48095338713  2.274673E-15
8731.25730830271  2.918707E-15
8734.03366321828  2.606342E-15
8736.81001813386  2.278023E-15
8739.58637304945  2.315330E-15
8742.36272796502  1.971067E-15
8745.1390828806  2.122104E-15
8747.91543779618  2.074016E-15
8750.69179271176  2.098633E-15
8753.46814762734  2.476166E-15
8756.24450254292  2.265273E-15
8759.0208574585  2.151748E-15
8761.79721237408  2.210196E-15
8764.57356728966  1.924589E-15
8767.34992220524  1.667460E-15
8770.12627712082  1.900848E-15
8772.9026320364  2.168834E-15
8775.67898695198  2.142869E-15
8778.45534186756  2.035093E-15
8781.23169678314  2.415286E-15
8784.00805169872  2.542945E-15
8786.7844066143  2.269267E-15
8789.56076152988  1.892003E-15
8792.33711644546  1.906376E-15
8795.11347136104  2.234967E-15
8797.88982627662  1.820381E-15
8800.6661811922  1.909007E-15
8803.44253610778  2.176704E-15
8806.21889102336  2.059919E-15
8808.99524593894  1.902221E-15
8811.77160085452  1.840857E-15
8814.5479557701  2.011417E-15
8817.32431068567  1.910846E-15
8820.10066560126  2.130574E-15
8822.87702051683  1.897823E-15
8825.65337543242  1.820844E-15
8828.429730348  2.064543E-15
8831.20608526358  1.625156E-15
