3861.5313189989  1.356759E-14
3864.30768053504  1.416357E-14
3867.08404207117  1.404292E-14
3869.8604036073  1.263180E-14
3872.63676514343  1.132987E-14
3875.41312667956  1.109634E-14
3878.1894882157  1.320159E-14
3880.96584975183  1.101662E-14
3883.74221128796  9.715456E-15
3886.51857282409  1.116891E-14
3889.29493436022  1.036738E-14
3892.07129589636  1.093009E-14
3894.84765743249  1.150313E-14
3897.62401896862  1.071095E-14
3900.40038050475  1.200360E-14
3903.17674204089  1.289136E-14
3905.95310357702  1.079416E-14
3908.72946511315  1.029920E-14
3911.50582664928  1.036866E-14
3914.28218818541  1.235181E-14
3917.05854972155  1.145689E-14
3919.83491125768  1.052307E-14
3922.61127279381  1.123890E-14
3925.38763432994  9.324630E-15
3928.16399586607  9.558093E-15
3930.94035740221  1.102558E-14
3933.71671893834  1.022600E-14
3936.49308047447  1.037657E-14
3939.2694420106  1.106569E-14
3942.04580354673  1.108898E-14
3944.82216508287  1.015477E-14
3947.598526619  1.019403E-14
3950.37488815513  1.001486E-14
3953.15124969126  9.105110E-15
3955.9276112274  9.576247E-15
3958.70397276353  1.072124E-14
3961.48033429966  9.887047E-15
3964.25669583579  1.081988E-14
3967.03305737192  1.053352E-14
3969.80941890806  9.557282E-15
3972.58578044419  8.671515E-15
3975.36214198032  8.438795E-15
3978.13850351645  8.608907E-15
3980.91486505258  8.326341E-15
3983.69122658872  9.583861E-15
3986.46758812485  1.068883E-14
3989.24394966098  9.641051E-15
3992.02031119711  9.832659E-15
3994.79667273324  1.067558E-14
3997.57303426938  1.047248E-14
4000.34939580551  1.151767E-14
4003.12575734164  1.057726E-14
4005.90211887777  1.068332E-14
4008.67848041391  9.489761E-15
4011.45484195004  1.031855E-14
4014.23120348617  9.763175E-15
4017.0075650223  1.009367E-14
4019.78392655843  9.750494E-15
4022.56028809457  1.017829E-14
4025.3366496307  1.066622E-14
4028.11301116683  9.921368E-15
4030.88937270296  9.011955E-15
4033.6657342391  8.903502E-15
4036.44209577523  9.757241E-15
4039.21845731136  1.053748E-14
4041.99481884749  1.002727E-14
4044.77118038362  1.169957E-14
4047.54754191975  1.110593E-14
4050.32390345589  9.872612E-15
4053.10026499202  9.749443E-15
4055.87662652815  1.080086E-14
4058.65298806428  1.085774E-14
4061.42934960042  1.074682E-14
4064.20571113655  9.823388E-15
4066.98207267268  9.703519E-15
4069.75843420881  1.029428E-14
4072.53479574495  9.895187E-15
4075.31115728108  1.027274E-14
4078.08751881721  1.053755E-14
4080.86388035334  1.035220E-14
4083.64024188947  9.391932E-15
4086.4166034256  1.009029E-14
4089.19296496174  1.054506E-14
4091.96932649787  9.388228E-15
4094.745688034  9.250747E-15
4097.52204957013  8.822776E-15
4100.29841110627  1.038057E-14
4103.0747726424  9.195839E-15
4105.85113417853  8.574697E-15
4108.62749571466  9.707583E-15
4111.40385725079  9.274292E-15
4114.18021878693  9.685793E-15
4116.95658032306  9.630306E-15
4119.73294185919  9.492759E-15
4122.50930339532  9.469315E-15
4125.28566493145  1.006230E-14
4128.06202646759  1.040223E-14
4130.83838800372  1.053576E-14
4133.61474953985  9.955112E-15
4136.39111107598  9.438760E-15
4139.16747261211  1.183904E-14
4141.94383414825  1.074462E-14
4144.72019568438  9.734653E-15
4147.49655722051  1.012469E-14
4150.27291875664  1.064466E-14
4153.04928029278  9.823436E-15
4155.82564182891  1.050680E-14
4158.60200336504  1.090824E-14
4161.37836490117  9.551442E-15
4164.1547264373  9.735176E-15
4166.93108797344  9.826982E-15
4169.70744950957  1.056238E-14
4172.4838110457  9.861152E-15
4175.26017258183  9.879636E-15
4178.03653411796  1.076145E-14
4180.81289565409  9.953016E-15
4183.58925719023  1.100242E-14
4186.36561872636  1.002982E-14
4189.14198026249  9.847339E-15
4191.91834179862  1.006264E-14
4194.69470333476  9.966772E-15
4197.47106487089  1.065477E-14
4200.24742640702  1.049135E-14
4203.02378794315  1.012487E-14
4205.80014947929  1.115605E-14
4208.57651101542  9.862708E-15
4211.35287255155  1.003791E-14
4214.12923408768  1.002727E-14
4216.90559562381  1.050383E-14
4219.68195715994  1.072851E-14
4222.45831869608  1.067033E-14
4225.23468023221  1.090306E-14
4228.01104176834  1.024545E-14
4230.78740330447  1.088314E-14
4233.56376484061  1.097083E-14
4236.34012637674  1.063927E-14
4239.11648791287  1.098502E-14
4241.892849449  9.940645E-15
4244.66921098514  1.002378E-14
4247.44557252127  9.779076E-15
4250.2219340574  9.353484E-15
4252.99829559353  9.715204E-15
4255.77465712966  9.711165E-15
4258.5510186658  9.330469E-15
4261.32738020193  9.218114E-15
4264.10374173806  1.019861E-14
4266.88010327419  1.002909E-14
4269.65646481032  1.053466E-14
4272.43282634646  1.076548E-14
4275.20918788259  9.925221E-15
4277.98554941872  9.400714E-15
4280.76191095485  9.679308E-15
4283.53827249098  9.331552E-15
4286.31463402712  9.476584E-15
4289.09099556325  9.861595E-15
4291.86735709938  1.051703E-14
4294.64371863551  9.814261E-15
4297.42008017164  1.018370E-14
4300.19644170778  9.847539E-15
4302.97280324391  1.013947E-14
4305.74916478004  9.375313E-15
4308.52552631617  1.025424E-14
4311.3018878523  1.007871E-14
4314.07824938844  9.674560E-15
4316.85461092457  9.481685E-15
4319.6309724607  9.696755E-15
4322.40733399683  9.739705E-15
4325.18369553297  9.829237E-15
4327.9600570691  9.796210E-15
4330.73641860523  8.742693E-15
4333.51278014136  8.502464E-15
4336.28914167749  8.802301E-15
4339.06550321362  8.858886E-15
4341.84186474976  9.936149E-15
4344.61822628589  9.640593E-15
4347.39458782202  8.348564E-15
4350.17094935815  9.706372E-15
4352.94731089429  8.721522E-15
4355.72367243042  8.436102E-15
4358.50003396655  9.235575E-15
4361.27639550268  9.283181E-15
4364.05275703882  9.515621E-15
4366.82911857495  9.194536E-15
4369.60548011108  9.003106E-15
4372.38184164721  9.596998E-15
4375.15820318334  9.917274E-15
4377.93456471947  9.543414E-15
4380.71092625561  1.019615E-14
4383.48728779174  9.875151E-15
4386.26364932787  9.414305E-15
4389.040010864  1.010175E-14
4391.81637240014  9.550793E-15
4394.59273393627  9.676146E-15
4397.3690954724  9.680245E-15
4400.14545700853  1.013945E-14
4402.92181854466  9.855144E-15
4405.6981800808  9.419882E-15
4408.47454161693  9.506356E-15
4411.25090315306  9.190576E-15
4414.02726468919  9.580292E-15
4416.80362622532  9.850645E-15
4419.57998776146  9.505092E-15
4422.35634929759  8.727704E-15
4425.13271083372  8.984735E-15
4427.90907236985  9.516123E-15
4430.68543390599  9.602685E-15
4433.46179544212  9.433471E-15
4436.23815697825  9.739424E-15
4439.01451851438  1.027401E-14
4441.79088005051  9.803132E-15
4444.56724158665  9.140999E-15
4447.34360312278  9.092481E-15
4450.11996465891  9.244566E-15
4452.89632619504  9.598039E-15
4455.67268773117  9.472595E-15
4458.44904926731  1.004025E-14
4461.22541080344  9.030087E-15
4464.00177233957  9.837007E-15
4466.7781338757  9.969596E-15
4469.55449541184  9.109695E-15
4472.33085694797  9.993003E-15
4475.1072184841  1.013179E-14
4477.88358002023  9.742013E-15
4480.65994155636  8.769194E-15
4483.43630309249  8.979799E-15
4486.21266462863  9.172709E-15
4488.98902616476  8.822761E-15
4491.76538770089  9.237475E-15
4494.54174923702  9.474743E-15
4497.31811077316  9.772270E-15
4500.09447230929  9.515872E-15
4502.87083384542  9.501416E-15
4505.64719538155  9.428285E-15
4508.42355691768  9.579300E-15
4511.19991845382  1.032571E-14
4513.97627998995  9.223476E-15
4516.75264152608  9.520019E-15
4519.52900306221  1.025561E-14
4522.30536459834  9.343717E-15
4525.08172613448  9.781392E-15
4527.85808767061  9.420124E-15
4530.63444920674  8.833877E-15
4533.41081074287  9.364017E-15
4536.18717227901  9.751330E-15
4538.96353381514  9.667996E-15
4541.73989535127  9.630624E-15
4544.5162568874  9.023740E-15
4547.29261842353  9.093841E-15
4550.06897995967  9.511750E-15
4552.8453414958  9.713199E-15
4555.62170303193  9.010101E-15
4558.39806456806  9.349350E-15
4561.17442610419  9.217651E-15
4563.95078764033  8.757077E-15
4566.72714917646  9.569317E-15
4569.50351071259  1.010520E-14
4572.27987224872  9.176985E-15
4575.05623378485  9.004573E-15
4577.83259532099  9.643923E-15
4580.60895685712  9.064216E-15
4583.38531839325  9.510143E-15
4586.16167992938  9.431968E-15
4588.93804146551  9.891716E-15
4591.71440300165  9.002739E-15
4594.49076453778  8.479098E-15
4597.26712607391  9.241849E-15
4600.04348761004  9.270677E-15
4602.81984914617  8.919468E-15
4605.59621068231  9.291531E-15
4608.37257221844  8.498863E-15
4611.14893375457  9.802246E-15
4613.9252952907  9.561430E-15
4616.70165682684  9.574689E-15
4619.47801836297  9.970367E-15
4622.2543798991  9.696198E-15
4625.03074143523  9.567846E-15
4627.80710297136  9.586106E-15
4630.5834645075  9.539155E-15
4633.35982604363  9.725512E-15
4636.13618757976  9.939804E-15
4638.91254911589  9.679893E-15
4641.68891065203  1.006329E-14
4644.46527218816  1.033900E-14
4647.24163372429  9.532113E-15
4650.01799526042  1.031322E-14
4652.79435679655  1.054448E-14
4655.57071833269  1.017998E-14
4658.34707986882  8.846257E-15
4661.12344140495  9.232789E-15
4663.89980294108  8.846320E-15
4666.67616447721  9.217818E-15
4669.45252601335  9.714110E-15
4672.22888754948  9.174129E-15
4675.00524908561  9.535014E-15
4677.78161062174  9.946089E-15
4680.55797215787  1.015771E-14
4683.33433369401  9.803897E-15
4686.11069523014  9.921560E-15
4688.88705676627  9.900188E-15
4691.6634183024  9.212024E-15
4694.43977983854  9.932887E-15
4697.21614137467  1.011784E-14
4699.9925029108  1.024774E-14
4702.76886444693  9.725829E-15
4705.54522598306  8.903686E-15
4708.3215875192  9.633358E-15
4711.09794905533  9.611011E-15
4713.87431059146  9.421908E-15
4716.65067212759  9.132819E-15
4719.42703366372  9.383196E-15
4722.20339519986  9.694429E-15
4724.97975673599  9.791500E-15
4727.75611827212  9.699641E-15
4730.53247980825  9.522561E-15
4733.30884134438  9.686248E-15
4736.08520288052  8.841925E-15
4738.86156441665  8.736819E-15
4741.63792595278  9.064111E-15
4744.41428748891  8.885008E-15
4747.19064902504  9.183986E-15
4749.96701056118  9.068622E-15
4752.74337209731  9.066027E-15
4755.51973363344  9.583782E-15
4758.29609516957  9.282465E-15
4761.07245670571  9.064105E-15
4763.84881824184  9.203234E-15
4766.62517977797  8.687788E-15
4769.4015413141  9.161474E-15
4772.17790285023  9.032714E-15
4774.95426438637  9.135602E-15
4777.7306259225  8.255281E-15
4780.50698745863  9.228141E-15
4783.28334899476  9.521968E-15
4786.05971053089  9.667261E-15
4788.83607206703  9.300331E-15
4791.61243360316  8.934232E-15
4794.38879513929  8.616698E-15
4797.16515667542  8.933735E-15
4799.94151821156  9.130021E-15
4802.71787974769  8.759525E-15
4805.49424128382  8.538531E-15
4808.27060281995  8.624161E-15
4811.04696435608  9.410248E-15
4813.82332589222  9.512944E-15
4816.59968742835  9.221127E-15
4819.37604896448  8.834297E-15
4822.15241050061  8.309778E-15
4824.92877203674  8.497141E-15
4827.70513357288  9.256494E-15
4830.48149510901  9.276355E-15
4833.25785664514  8.864857E-15
4836.03421818127  8.326174E-15
4838.81057971741  8.516193E-15
4841.58694125354  8.687474E-15
4844.36330278967  8.744417E-15
4847.1396643258  8.722999E-15
4849.91602586193  9.016614E-15
4852.69238739807  8.971946E-15
4855.4687489342  8.625656E-15
4858.24511047033  8.937157E-15
4861.02147200646  8.470960E-15
4863.79783354259  8.865536E-15
4866.57419507873  9.524237E-15
4869.35055661486  9.226602E-15
4872.12691815099  8.515247E-15
4874.90327968712  7.925505E-15
4877.67964122325  8.256075E-15
4880.45600275939  8.452216E-15
4883.23236429552  8.912774E-15
4886.00872583165  8.235900E-15
4888.78508736778  8.483765E-15
4891.56144890391  9.043745E-15
4894.33781044005  8.860249E-15
4897.11417197618  8.657949E-15
4899.89053351231  8.898177E-15
4902.66689504844  9.135217E-15
4905.44325658458  8.554414E-15
4908.21961812071  8.574629E-15
4910.99597965684  8.548675E-15
4913.77234119297  8.512502E-15
4916.5487027291  9.245563E-15
4919.32506426523  9.500899E-15
4922.10142580137  9.358293E-15
4924.8777873375  8.745117E-15
4927.65414887363  8.984294E-15
4930.43051040976  8.692212E-15
4933.2068719459  8.729143E-15
4935.98323348203  8.420157E-15
4938.75959501816  8.958849E-15
4941.53595655429  8.701551E-15
4944.31231809043  8.329268E-15
4947.08867962656  8.723619E-15
4949.86504116269  8.852637E-15
4952.64140269882  8.892691E-15
4955.41776423495  8.436293E-15
4958.19412577109  8.362921E-15
4960.97048730722  8.396413E-15
4963.74684884335  8.309935E-15
4966.52321037948  8.351961E-15
4969.29957191561  8.523320E-15
4972.07593345175  8.617832E-15
4974.85229498788  8.498094E-15
4977.62865652401  8.826294E-15
4980.40501806014  8.407420E-15
4983.18137959627  8.403088E-15
4985.95774113241  8.210166E-15
4988.73410266854  8.592154E-15
4991.51046420467  9.026678E-15
4994.2868257408  8.470459E-15
4997.06318727693  8.680976E-15
4999.83954881307  8.322784E-15
5002.6159103492  8.435411E-15
5005.39227188533  8.307947E-15
5008.16863342146  8.067697E-15
5010.9449949576  8.993342E-15
5013.72135649373  8.922838E-15
5016.49771802986  8.699023E-15
5019.27407956599  8.659109E-15
5022.05044110212  8.959896E-15
5024.82680263826  8.861439E-15
5027.60316417439  8.709208E-15
5030.37952571052  8.755607E-15
5033.15588724665  8.611935E-15
5035.93224878278  8.502110E-15
5038.70861031892  8.325285E-15
5041.48497185505  8.633865E-15
5044.26133339118  8.574666E-15
5047.03769492731  8.174733E-15
5049.81405646345  8.096122E-15
5052.59041799958  8.265824E-15
5055.36677953571  8.385235E-15
5058.14314107184  8.448358E-15
5060.91950260797  8.289583E-15
5063.69586414411  8.654315E-15
5066.47222568024  8.198103E-15
5069.24858721637  8.378424E-15
5072.0249487525  8.565411E-15
5074.80131028863  8.082579E-15
5077.57767182477  8.349687E-15
5080.3540333609  8.293469E-15
5083.13039489703  8.244953E-15
5085.90675643316  8.461991E-15
5088.6831179693  8.527440E-15
5091.45947950543  8.865542E-15
5094.23584104156  9.086393E-15
5097.01220257769  8.734339E-15
5099.78856411382  8.252607E-15
5102.56492564996  8.433900E-15
5105.34128718609  8.094753E-15
5108.11764872222  8.273044E-15
5110.89401025835  8.417857E-15
5113.67037179448  8.405088E-15
5116.44673333062  8.156179E-15
5119.22309486675  8.825749E-15
5121.99945640288  8.720089E-15
5124.77581793901  8.729079E-15
5127.55217947514  8.803364E-15
5130.32854101128  9.160368E-15
5133.10490254741  8.783422E-15
5135.88126408354  8.791546E-15
5138.65762561967  8.799621E-15
5141.4339871558  8.135504E-15
5144.21034869194  8.021761E-15
5146.98671022807  8.775763E-15
5149.7630717642  8.347249E-15
5152.53943330033  8.536616E-15
5155.31579483646  8.796700E-15
5158.0921563726  8.101667E-15
5160.86851790873  8.475099E-15
5163.64487944486  8.791249E-15
5166.42124098099  8.311043E-15
5169.19760251713  8.759111E-15
5171.97396405326  8.733101E-15
5174.75032558939  8.259606E-15
5177.52668712552  8.219698E-15
5180.30304866165  7.923928E-15
5183.07941019779  8.127250E-15
5185.85577173392  8.346569E-15
5188.63213327005  7.719322E-15
5191.40849480618  7.856087E-15
5194.18485634231  7.859337E-15
5196.96121787845  7.834059E-15
5199.73757941458  8.024584E-15
5202.51394095071  8.142146E-15
5205.29030248684  8.253427E-15
5208.06666402298  8.153554E-15
5210.84302555911  8.807831E-15
5213.61938709524  8.720666E-15
5216.39574863137  7.920805E-15
5219.1721101675  8.079378E-15
5221.94847170363  7.934286E-15
5224.72483323977  8.022747E-15
5227.5011947759  7.694469E-15
5230.27755631203  8.125171E-15
5233.05391784816  8.241998E-15
5235.8302793843  8.318795E-15
5238.60664092043  7.766005E-15
5241.38300245656  7.763545E-15
5244.15936399269  7.693409E-15
5246.93572552882  8.275858E-15
5249.71208706496  8.519855E-15
5252.48844860109  8.259803E-15
5255.26481013722  7.984513E-15
5258.04117167335  7.932563E-15
5260.81753320949  7.860010E-15
5263.59389474562  8.353714E-15
5266.37025628175  8.050612E-15
5269.14661781788  7.700748E-15
5271.92297935401  7.995021E-15
5274.69934089014  8.083655E-15
5277.47570242628  8.102166E-15
5280.25206396241  7.655152E-15
5283.02842549854  7.997849E-15
5285.80478703467  7.999621E-15
5288.58114857081  7.818257E-15
5291.35751010694  8.076993E-15
5294.13387164307  8.170627E-15
5296.9102331792  8.266316E-15
5299.68659471533  8.070660E-15
5302.46295625147  8.458578E-15
5305.2393177876  8.183424E-15
5308.01567932373  7.875851E-15
5310.79204085986  8.311853E-15
5313.568402396  7.995906E-15
5316.34476393213  7.935559E-15
5319.12112546826  7.910287E-15
5321.89748700439  7.614705E-15
5324.67384854052  7.525025E-15
5327.45021007666  8.026498E-15
5330.22657161279  7.832614E-15
5333.00293314892  7.876363E-15
5335.77929468505  7.782868E-15
5338.55565622118  8.141643E-15
5341.33201775732  7.740097E-15
5344.10837929345  7.451221E-15
5346.88474082958  7.777149E-15
5349.66110236571  7.839773E-15
5352.43746390185  7.491657E-15
5355.21382543798  7.662209E-15
5357.99018697411  7.749200E-15
5360.76654851024  7.511361E-15
5363.54291004637  7.749449E-15
5366.3192715825  7.529151E-15
5369.09563311864  7.481660E-15
5371.87199465477  7.689426E-15
5374.6483561909  7.886599E-15
5377.42471772703  7.710363E-15
5380.20107926317  7.620035E-15
5382.9774407993  7.749951E-15
5385.75380233543  7.419243E-15
5388.53016387156  7.818636E-15
5391.30652540769  7.963841E-15
5394.08288694383  7.559496E-15
5396.85924847996  7.521662E-15
5399.63561001609  7.287497E-15
5402.41197155222  7.613811E-15
5405.18833308835  7.829499E-15
5407.96469462449  7.766397E-15
5410.74105616062  7.501162E-15
5413.51741769675  7.650767E-15
5416.29377923288  7.642491E-15
5419.07014076901  7.593616E-15
5421.84650230515  7.583626E-15
5424.62286384128  7.614625E-15
5427.39922537741  7.996394E-15
5430.17558691354  7.463786E-15
5432.95194844968  7.522290E-15
5435.72830998581  7.537358E-15
5438.50467152194  7.654692E-15
5441.28103305807  7.465429E-15
5444.0573945942  7.171744E-15
5446.83375613034  7.685983E-15
5449.61011766647  7.316915E-15
5452.3864792026  6.888953E-15
5455.16284073873  7.039155E-15
5457.93920227486  7.524919E-15
5460.715563811  7.228737E-15
5463.49192534713  7.510708E-15
5466.26828688326  7.918827E-15
5469.04464841939  7.136925E-15
5471.82100995553  6.910537E-15
5474.59737149166  7.527968E-15
5477.37373302779  7.816655E-15
5480.15009456392  7.142955E-15
5482.92645610005  7.691899E-15
5485.70281763619  7.282627E-15
5488.47917917232  6.982637E-15
5491.25554070845  6.847086E-15
5494.03190224458  7.208444E-15
5496.80826378071  7.386049E-15
5499.58462531685  7.110796E-15
5502.36098685298  7.028629E-15
5505.13734838911  7.059826E-15
5507.91370992524  7.108223E-15
5510.69007146137  7.343893E-15
5513.46643299751  7.068149E-15
5516.24279453364  7.060433E-15
5519.01915606977  7.699860E-15
5521.7955176059  7.009096E-15
5524.57187914204  7.352281E-15
5527.34824067817  7.555543E-15
5530.1246022143  7.240628E-15
5532.90096375043  7.030448E-15
5535.67732528656  6.941944E-15
5538.4536868227  6.962735E-15
5541.23004835883  7.300409E-15
5544.00640989496  6.983501E-15
5546.78277143109  7.009960E-15
5549.55913296722  7.127162E-15
5552.33549450336  6.652177E-15
5555.11185603949  6.931886E-15
5557.88821757562  7.014038E-15
5560.66457911175  6.722737E-15
5563.44094064789  7.006848E-15
5566.21730218402  7.432081E-15
5568.99366372015  7.227583E-15
5571.77002525628  6.483572E-15
5574.54638679241  6.556050E-15
5577.32274832855  7.146096E-15
5580.09910986468  7.213606E-15
5582.87547140081  7.197964E-15
5585.65183293694  7.268247E-15
5588.42819447307  7.389704E-15
5591.2045560092  7.555859E-15
5593.98091754534  7.558947E-15
5596.75727908147  6.633579E-15
5599.5336406176  6.856752E-15
5602.31000215373  7.578981E-15
5605.08636368987  7.034206E-15
5607.862725226  6.868721E-15
5610.63908676213  7.057497E-15
5613.41544829826  6.939076E-15
5616.1918098344  6.882927E-15
5618.96817137053  6.852788E-15
5621.74453290666  6.990696E-15
5624.52089444279  7.095974E-15
5627.29725597892  6.800539E-15
5630.07361751505  6.861758E-15
5632.84997905119  6.956746E-15
5635.62634058732  6.851983E-15
5638.40270212345  6.618149E-15
5641.17906365958  6.948423E-15
5643.95542519572  7.229620E-15
5646.73178673185  6.583609E-15
5649.50814826798  6.865444E-15
5652.28450980411  6.969566E-15
5655.06087134024  6.653891E-15
5657.83723287638  6.979646E-15
5660.61359441251  6.714511E-15
5663.38995594864  6.665187E-15
5666.16631748477  7.010328E-15
5668.94267902091  7.113039E-15
5671.71904055704  7.313314E-15
5674.49540209317  6.706220E-15
5677.2717636293  6.686241E-15
5680.04812516543  6.936942E-15
5682.82448670156  7.057281E-15
5685.6008482377  6.825236E-15
5688.37720977383  6.882646E-15
5691.15357130996  6.806861E-15
5693.92993284609  6.677766E-15
5696.70629438223  6.644007E-15
5699.48265591836  7.079670E-15
5702.25901745449  6.786295E-15
5705.03537899062  6.348332E-15
5707.81174052675  6.679294E-15
5710.58810206289  6.818449E-15
5713.36446359902  6.750979E-15
5716.14082513515  6.746760E-15
5718.91718667128  6.734269E-15
5721.69354820741  6.780448E-15
5724.46990974355  6.485917E-15
5727.24627127968  6.752308E-15
5730.02263281581  6.817383E-15
5732.79899435194  7.067313E-15
5735.57535588808  6.608709E-15
5738.35171742421  6.758744E-15
5741.12807896034  6.780466E-15
5743.90444049647  7.000888E-15
5746.6808020326  6.706817E-15
5749.45716356874  6.824425E-15
5752.23352510487  6.572794E-15
5755.009886641  6.566171E-15
5757.78624817713  6.611770E-15
5760.56260971326  6.568701E-15
5763.3389712494  6.301439E-15
5766.11533278553  6.337880E-15
5768.89169432166  6.529944E-15
5771.66805585779  6.818006E-15
5774.44441739392  6.603205E-15
5777.22077893006  6.713461E-15
5779.99714046619  6.571425E-15
5782.77350200232  6.303908E-15
5785.54986353845  6.494890E-15
5788.32622507459  6.436576E-15
5791.10258661072  6.642082E-15
5793.87894814685  6.242915E-15
5796.65530968298  6.406270E-15
5799.43167121911  6.776717E-15
5802.20803275525  6.878652E-15
5804.98439429138  6.457301E-15
5807.76075582751  6.774416E-15
5810.53711736364  6.623681E-15
5813.31347889977  6.879021E-15
5816.08984043591  6.468864E-15
5818.86620197204  6.447509E-15
5821.64256350817  6.403819E-15
5824.4189250443  6.581092E-15
5827.19528658043  6.555627E-15
5829.97164811657  6.943848E-15
5832.7480096527  6.479586E-15
5835.52437118883  6.538274E-15
5838.30073272496  6.721804E-15
5841.07709426109  6.618170E-15
5843.85345579723  6.897874E-15
5846.62981733336  6.919437E-15
5849.40617886949  6.761410E-15
5852.18254040562  6.446876E-15
5854.95890194176  6.799693E-15
5857.73526347789  6.558594E-15
5860.51162501402  6.337354E-15
5863.28798655015  6.424583E-15
5866.06434808628  6.811216E-15
5868.84070962242  7.000049E-15
5871.61707115855  6.864141E-15
5874.39343269468  7.080519E-15
5877.16979423081  6.586420E-15
5879.94615576694  6.378122E-15
5882.72251730308  6.318167E-15
5885.49887883921  6.144166E-15
5888.27524037534  6.573456E-15
5891.05160191147  6.566015E-15
5893.8279634476  6.385373E-15
5896.60432498374  6.396806E-15
5899.38068651987  6.563438E-15
5902.157048056  6.599501E-15
5904.93340959214  6.605155E-15
5907.70977112827  6.349309E-15
5910.4861326644  6.287597E-15
5913.26249420053  6.295687E-15
5916.03885573666  6.278165E-15
5918.81521727279  6.473504E-15
5921.59157880892  6.539887E-15
5924.36794034506  6.183057E-15
5927.14430188119  6.238869E-15
5929.92066341732  6.468974E-15
5932.69702495345  6.254634E-15
5935.47338648959  6.093025E-15
5938.24974802572  6.115416E-15
5941.02610956185  6.166402E-15
5943.80247109798  6.187015E-15
5946.57883263412  6.351764E-15
5949.35519417025  6.437739E-15
5952.13155570638  6.122655E-15
5954.90791724251  6.005103E-15
5957.68427877864  6.119328E-15
5960.46064031478  6.150907E-15
5963.23700185091  6.252434E-15
5966.01336338704  6.256843E-15
5968.78972492317  6.416049E-15
5971.5660864593  6.343788E-15
5974.34244799544  6.243766E-15
5977.11880953157  6.329711E-15
5979.8951710677  6.054910E-15
5982.67153260383  5.853530E-15
5985.44789413996  5.999561E-15
5988.2242556761  6.135887E-15
5991.00061721223  6.325631E-15
5993.77697874836  6.319677E-15
5996.55334028449  6.111105E-15
5999.32970182062  6.121884E-15
6002.10606335676  5.885936E-15
6004.88242489289  5.797857E-15
6007.65878642902  6.077641E-15
6010.43514796515  6.058210E-15
6013.21150950129  5.955786E-15
6015.98787103742  5.859287E-15
6018.76423257355  5.917497E-15
6021.54059410968  6.017810E-15
6024.31695564582  6.371612E-15
6027.09331718195  6.418739E-15
6029.86967871808  6.143601E-15
6032.64604025421  6.434196E-15
6035.42240179034  5.771278E-15
6038.19876332647  5.585834E-15
6040.97512486261  6.040074E-15
6043.75148639874  5.992632E-15
6046.52784793487  5.934373E-15
6049.304209471  5.886148E-15
6052.08057100714  5.817013E-15
6054.85693254327  6.365232E-15
6057.6332940794  6.112937E-15
6060.40965561553  5.793001E-15
6063.18601715166  5.624443E-15
6065.9623786878  5.592450E-15
6068.73874022393  5.659712E-15
6071.51510176006  6.048693E-15
6074.29146329619  5.723126E-15
6077.06782483232  5.788501E-15
6079.84418636846  5.586371E-15
6082.62054790459  5.969244E-15
6085.39690944072  6.236778E-15
6088.17327097685  6.159564E-15
6090.94963251298  6.080781E-15
6093.72599404912  5.922495E-15
6096.50235558525  6.298840E-15
6099.27871712138  5.942984E-15
6102.05507865751  5.832090E-15
6104.83144019364  5.902887E-15
6107.60780172978  6.128554E-15
6110.38416326591  6.056283E-15
6113.16052480204  5.843452E-15
6115.93688633817  5.795821E-15
6118.71324787431  5.885632E-15
6121.48960941044  5.581482E-15
6124.26597094657  5.844637E-15
6127.0423324827  6.183446E-15
6129.81869401883  6.086470E-15
6132.59505555497  5.771924E-15
6135.3714170911  5.985873E-15
6138.14777862723  6.071296E-15
6140.92414016336  5.902707E-15
6143.70050169949  5.519820E-15
6146.47686323563  5.801668E-15
6149.25322477176  6.049978E-15
6152.02958630789  5.715762E-15
6154.80594784402  5.848807E-15
6157.58230938015  6.076495E-15
6160.35867091629  5.903850E-15
6163.13503245242  5.794479E-15
6165.91139398855  5.941657E-15
6168.68775552468  6.326227E-15
6171.46411706081  6.030955E-15
6174.24047859695  5.598917E-15
6177.01684013308  5.615433E-15
6179.79320166921  5.687162E-15
6182.56956320534  5.810164E-15
6185.34592474148  5.972111E-15
6188.12228627761  5.868697E-15
6190.89864781374  5.757909E-15
6193.67500934987  5.770540E-15
6196.451370886  5.514421E-15
6199.22773242214  5.611766E-15
6202.00409395827  6.006762E-15
6204.7804554944  5.880127E-15
6207.55681703053  5.623082E-15
6210.33317856666  5.596364E-15
6213.1095401028  5.685339E-15
6215.88590163893  5.802604E-15
6218.66226317506  5.784434E-15
6221.43862471119  5.791340E-15
6224.21498624733  5.599744E-15
6226.99134778346  5.476685E-15
6229.76770931959  5.931262E-15
6232.54407085572  5.492566E-15
6235.32043239185  5.579504E-15
6238.09679392799  5.835462E-15
6240.87315546412  5.772570E-15
6243.64951700025  5.600814E-15
6246.42587853638  5.583507E-15
6249.20224007251  5.697048E-15
6251.97860160865  5.726770E-15
6254.75496314478  5.654220E-15
6257.53132468091  5.777577E-15
6260.30768621704  5.393895E-15
6263.08404775318  5.780657E-15
6265.8604092893  5.741588E-15
6268.63677082544  5.252783E-15
6271.41313236157  5.327144E-15
6274.1894938977  5.400601E-15
6276.96585543383  5.455945E-15
6279.74221696997  5.214376E-15
6282.5185785061  5.342415E-15
6285.29494004223  5.703377E-15
6288.07130157836  5.462837E-15
6290.8476631145  5.793198E-15
6293.62402465063  5.376919E-15
6296.40038618676  5.585428E-15
6299.17674772289  5.849790E-15
6301.95310925902  5.375656E-15
6304.72947079516  5.385480E-15
6307.50583233129  5.617775E-15
6310.28219386742  5.898876E-15
6313.05855540355  5.696330E-15
6315.83491693969  5.533409E-15
6318.61127847582  5.689242E-15
6321.38764001195  5.434559E-15
6324.16400154808  5.599112E-15
6326.94036308421  5.607333E-15
6329.71672462034  5.486143E-15
6332.49308615648  5.427697E-15
6335.26944769261  5.345138E-15
6338.04580922874  5.724589E-15
6340.82217076487  5.759190E-15
6343.59853230101  5.335264E-15
6346.37489383714  5.454384E-15
6349.15125537327  5.466758E-15
6351.9276169094  5.386439E-15
6354.70397844553  5.518645E-15
6357.48033998167  5.419090E-15
6360.2567015178  5.686658E-15
6363.03306305393  5.555847E-15
6365.80942459006  5.473974E-15
6368.5857861262  5.418955E-15
6371.36214766233  5.492352E-15
6374.13850919846  5.316373E-15
6376.91487073459  5.406281E-15
6379.69123227072  5.572605E-15
6382.46759380685  5.272405E-15
6385.24395534299  5.438051E-15
6388.02031687912  5.225816E-15
6390.79667841525  5.347802E-15
6393.57303995138  5.290724E-15
6396.34940148752  5.480016E-15
6399.12576302365  5.462923E-15
6401.90212455978  5.151188E-15
6404.67848609591  5.421961E-15
6407.45484763204  5.281443E-15
6410.23120916818  5.413235E-15
6413.00757070431  5.615413E-15
6415.78393224044  5.577789E-15
6418.56029377657  5.335815E-15
6421.3366553127  5.414029E-15
6424.11301684884  5.460221E-15
6426.88937838497  5.034812E-15
6429.6657399211  5.263761E-15
6432.44210145723  5.012516E-15
6435.21846299336  5.300049E-15
6437.9948245295  5.316763E-15
6440.77118606563  5.193829E-15
6443.54754760176  5.208608E-15
6446.32390913789  4.924279E-15
6449.10027067403  5.232507E-15
6451.87663221016  5.536810E-15
6454.65299374629  5.595220E-15
6457.42935528242  5.501250E-15
6460.20571681855  5.135485E-15
6462.98207835469  5.220548E-15
6465.75843989082  5.237094E-15
6468.53480142695  4.818615E-15
6471.31116296308  4.887367E-15
6474.08752449921  5.313879E-15
6476.86388603535  5.123015E-15
6479.64024757148  5.100853E-15
6482.41660910761  5.198552E-15
6485.19297064374  5.192549E-15
6487.96933217988  4.803630E-15
6490.74569371601  5.255965E-15
6493.52205525214  5.330623E-15
6496.29841678827  4.973344E-15
6499.0747783244  5.147466E-15
6501.85113986053  5.099730E-15
6504.62750139667  5.136595E-15
6507.4038629328  5.218812E-15
6510.18022446893  5.057458E-15
6512.95658600506  5.077865E-15
6515.7329475412  5.198708E-15
6518.50930907733  5.323626E-15
6521.28567061346  5.073522E-15
6524.06203214959  5.240212E-15
6526.83839368572  5.287731E-15
6529.61475522186  5.291231E-15
6532.39111675799  5.137744E-15
6535.16747829412  5.101187E-15
6537.94383983025  5.223804E-15
6540.72020136639  5.543083E-15
6543.49656290252  5.587028E-15
6546.27292443865  5.919813E-15
6549.04928597478  6.703359E-15
6551.82564751091  7.424413E-15
6554.60200904705  8.092377E-15
6557.37837058318  8.892667E-15
6560.15473211931  9.025147E-15
6562.93109365544  8.703651E-15
6565.70745519157  8.064196E-15
6568.4838167277  6.900666E-15
6571.26017826384  6.507093E-15
6574.03653979997  5.813710E-15
6576.8129013361  5.310666E-15
6579.58926287223  5.059233E-15
6582.36562440837  4.779911E-15
6585.1419859445  5.031759E-15
6587.91834748063  5.208920E-15
6590.69470901676  5.233885E-15
6593.47107055289  5.023771E-15
6596.24743208903  4.918112E-15
6599.02379362516  4.723328E-15
6601.80015516129  4.920533E-15
6604.57651669742  5.053191E-15
6607.35287823356  5.140803E-15
6610.12923976969  4.778900E-15
6612.90560130582  4.744631E-15
6615.68196284195  4.677625E-15
6618.45832437808  4.681694E-15
6621.23468591422  4.846724E-15
6624.01104745035  4.848196E-15
6626.78740898648  4.909266E-15
6629.56377052261  4.866469E-15
6632.34013205874  4.587935E-15
6635.11649359488  4.692258E-15
6637.89285513101  4.766816E-15
6640.66921666714  4.688631E-15
6643.44557820327  5.165974E-15
6646.22193973941  5.204867E-15
6648.99830127554  5.032781E-15
6651.77466281167  5.066970E-15
6654.5510243478  4.750794E-15
6657.32738588393  4.842362E-15
6660.10374742007  5.140521E-15
6662.8801089562  5.112366E-15
6665.65647049233  4.840623E-15
6668.43283202846  4.884440E-15
6671.20919356459  4.909503E-15
6673.98555510073  5.121908E-15
6676.76191663686  5.370125E-15
6679.53827817299  5.381244E-15
6682.31463970912  5.207882E-15
6685.09100124525  5.146258E-15
6687.86736278139  4.819354E-15
6690.64372431752  4.643577E-15
6693.42008585365  4.392828E-15
6696.19644738978  4.910449E-15
6698.97280892591  4.976303E-15
6701.74917046205  4.854863E-15
6704.52553199818  4.740075E-15
6707.30189353431  4.592849E-15
6710.07825507044  4.714556E-15
6712.85461660658  4.985492E-15
6715.63097814271  4.823324E-15
6718.40733967884  4.709250E-15
6721.18370121497  4.900193E-15
6723.96006275111  5.156675E-15
6726.73642428723  5.196035E-15
6729.51278582337  5.049462E-15
6732.2891473595  4.675262E-15
6735.06550889563  4.749692E-15
6737.84187043176  5.058730E-15
6740.6182319679  4.836039E-15
6743.39459350403  4.647295E-15
6746.17095504016  4.515259E-15
6748.94731657629  4.870466E-15
6751.72367811243  4.981631E-15
6754.50003964856  4.730329E-15
6757.27640118469  4.905358E-15
6760.05276272082  4.636407E-15
6762.82912425695  4.595208E-15
6765.60548579309  4.522673E-15
6768.38184732922  4.554184E-15
6771.15820886535  4.551863E-15
6773.93457040148  4.764936E-15
6776.71093193761  4.870673E-15
6779.48729347375  4.663887E-15
6782.26365500988  4.605852E-15
6785.04001654601  4.703803E-15
6787.81637808214  4.488813E-15
6790.59273961827  4.679565E-15
6793.36910115441  4.970642E-15
6796.14546269054  4.850380E-15
6798.92182422667  4.878090E-15
6801.6981857628  4.608541E-15
6804.47454729894  4.516263E-15
6807.25090883507  4.622583E-15
6810.0272703712  4.719272E-15
6812.80363190733  4.835092E-15
6815.57999344346  4.742031E-15
6818.35635497959  4.923635E-15
6821.13271651573  4.904070E-15
6823.90907805186  4.480749E-15
6826.68543958799  4.590961E-15
6829.46180112412  4.573624E-15
6832.23816266026  4.396459E-15
6835.01452419639  4.626703E-15
6837.79088573252  4.639445E-15
6840.56724726865  4.544873E-15
6843.34360880478  4.603063E-15
6846.11997034092  4.715327E-15
6848.89633187705  4.698023E-15
6851.67269341318  4.529073E-15
6854.44905494931  4.670323E-15
6857.22541648544  4.945133E-15
6860.00177802158  4.777025E-15
6862.77813955771  4.690298E-15
6865.55450109384  4.756681E-15
6868.33086262997  4.640085E-15
6871.10722416611  4.521995E-15
6873.88358570224  4.736582E-15
6876.65994723837  4.785333E-15
6879.4363087745  4.724659E-15
6882.21267031063  4.592338E-15
6884.98903184677  4.549115E-15
6887.7653933829  4.850207E-15
6890.54175491903  4.701984E-15
6893.31811645516  4.379614E-15
6896.09447799129  4.563755E-15
6898.87083952743  4.694652E-15
6901.64720106356  4.969470E-15
6904.42356259969  4.837290E-15
6907.19992413582  4.388865E-15
6909.97628567195  4.499532E-15
6912.75264720809  4.554148E-15
6915.52900874422  4.417930E-15
6918.30537028035  4.883344E-15
6921.08173181648  4.754639E-15
6923.85809335262  4.559096E-15
6926.63445488875  4.550772E-15
6929.41081642488  4.751218E-15
6932.18717796101  4.615365E-15
6934.96353949714  4.337979E-15
6937.73990103328  4.519207E-15
6940.51626256941  4.813123E-15
6943.29262410554  4.630031E-15
6946.06898564167  4.480426E-15
6948.84534717781  4.529883E-15
6951.62170871394  4.482006E-15
6954.39807025007  4.523352E-15
6957.1744317862  4.537962E-15
6959.95079332233  4.391569E-15
6962.72715485847  4.494398E-15
6965.5035163946  4.534421E-15
6968.27987793073  4.509110E-15
6971.05623946686  4.677002E-15
6973.83260100299  4.611089E-15
6976.60896253912  4.773289E-15
6979.38532407526  4.410767E-15
6982.16168561139  4.243541E-15
6984.93804714752  4.641544E-15
6987.71440868365  4.687911E-15
6990.49077021978  4.444030E-15
6993.26713175592  4.163446E-15
6996.04349329205  4.316192E-15
6998.81985482818  4.421351E-15
7001.59621636431  4.464326E-15
7004.37257790045  4.783480E-15
7007.14893943658  4.771769E-15
7009.92530097271  4.627281E-15
7012.70166250884  4.373883E-15
7015.47802404498  4.167405E-15
7018.25438558111  4.339119E-15
7021.03074711724  4.386994E-15
7023.80710865337  4.331518E-15
7026.5834701895  4.416126E-15
7029.35983172564  4.343233E-15
7032.13619326177  4.356302E-15
7034.9125547979  4.450141E-15
7037.68891633403  4.402912E-15
7040.46527787017  4.578970E-15
7043.2416394063  4.685202E-15
7046.01800094243  4.596717E-15
7048.79436247856  4.587465E-15
7051.57072401469  4.568081E-15
7054.34708555082  4.693013E-15
7057.12344708696  4.795133E-15
7059.89980862309  4.994672E-15
7062.67617015922  4.736411E-15
7065.45253169535  4.490626E-15
7068.22889323148  4.623494E-15
7071.00525476762  4.483044E-15
7073.78161630375  4.555766E-15
7076.55797783988  4.737379E-15
7079.33433937601  4.278210E-15
7082.11070091214  4.026771E-15
7084.88706244828  4.035506E-15
7087.66342398441  4.397788E-15
7090.43978552054  4.608554E-15
7093.21614705667  4.352204E-15
7095.99250859281  4.474894E-15
7098.76887012894  4.450431E-15
7101.54523166507  4.201092E-15
7104.3215932012  4.372883E-15
7107.09795473733  4.304210E-15
7109.87431627347  4.301362E-15
7112.6506778096  4.350656E-15
7115.42703934573  4.368358E-15
7118.20340088186  4.432924E-15
7120.97976241799  4.539266E-15
7123.75612395413  4.101503E-15
7126.53248549026  4.437786E-15
7129.30884702639  4.472831E-15
7132.08520856252  4.091978E-15
7134.86157009865  4.612966E-15
7137.63793163479  4.002168E-15
7140.41429317092  3.748774E-15
7143.19065470705  4.123913E-15
7145.96701624318  4.168841E-15
7148.74337777932  4.287581E-15
7151.51973931545  4.244808E-15
7154.29610085158  4.291201E-15
7157.07246238771  4.518603E-15
7159.84882392384  4.353433E-15
7162.62518545998  4.090795E-15
7165.40154699611  4.046647E-15
7168.17790853224  4.056118E-15
7170.95427006837  4.169773E-15
7173.7306316045  4.211467E-15
7176.50699314064  4.193252E-15
7179.28335467677  4.235130E-15
7182.0597162129  3.983906E-15
7184.83607774903  3.905666E-15
7187.61243928517  3.967427E-15
7190.3888008213  3.734433E-15
7193.16516235743  3.955511E-15
7195.94152389356  3.769790E-15
7198.71788542969  3.793066E-15
7201.49424696583  4.000684E-15
7204.27060850196  3.916664E-15
7207.04697003809  4.164277E-15
7209.82333157422  4.122592E-15
7212.59969311035  3.852830E-15
7215.37605464649  3.948289E-15
7218.15241618262  4.180690E-15
7220.92877771875  4.140474E-15
7223.70513925488  3.801171E-15
7226.48150079101  3.814977E-15
7229.25786232715  4.117544E-15
7232.03422386328  3.994277E-15
7234.81058539941  3.896139E-15
7237.58694693554  4.220024E-15
7240.36330847168  4.292002E-15
7243.13967000781  3.859126E-15
7245.91603154394  4.003314E-15
7248.69239308007  3.941166E-15
7251.4687546162  4.165592E-15
7254.24511615234  4.087742E-15
7257.02147768847  4.065506E-15
7259.7978392246  4.154977E-15
7262.57420076073  4.240620E-15
7265.35056229687  4.186421E-15
7268.126923833  4.052973E-15
7270.90328536913  3.747422E-15
7273.67964690526  4.019248E-15
7276.45600844139  4.090727E-15
7279.23236997752  3.959766E-15
7282.00873151366  3.951003E-15
7284.78509304979  4.165553E-15
7287.56145458592  4.186329E-15
7290.33781612205  4.026640E-15
7293.11417765818  3.945890E-15
7295.89053919432  3.723481E-15
7298.66690073045  3.838898E-15
7301.44326226658  3.844483E-15
7304.21962380271  3.756043E-15
7306.99598533885  3.457416E-15
7309.77234687498  3.815927E-15
7312.54870841111  4.240925E-15
7315.32506994724  4.112626E-15
7318.10143148337  3.747693E-15
7320.87779301951  3.849181E-15
7323.65415455564  3.717091E-15
7326.43051609177  3.728029E-15
7329.2068776279  3.987280E-15
7331.98323916404  3.843933E-15
7334.75960070017  3.755287E-15
7337.5359622363  3.872434E-15
7340.31232377243  4.059945E-15
7343.08868530856  3.969924E-15
7345.8650468447  3.825266E-15
7348.64140838083  4.009400E-15
7351.41776991696  4.055120E-15
7354.19413145309  3.876555E-15
7356.97049298923  3.894478E-15
7359.74685452536  4.014349E-15
7362.52321606149  3.884189E-15
7365.29957759762  3.604674E-15
7368.07593913375  3.794173E-15
7370.85230066988  3.887655E-15
7373.62866220602  3.683803E-15
7376.40502374215  3.686365E-15
7379.18138527828  3.792464E-15
7381.95774681441  3.821458E-15
7384.73410835054  3.903502E-15
7387.51046988668  4.044266E-15
7390.28683142281  3.646094E-15
7393.06319295894  3.325160E-15
7395.83955449507  3.589942E-15
7398.6159160312  3.822325E-15
7401.39227756734  3.750146E-15
7404.16863910347  3.699277E-15
7406.9450006396  3.794282E-15
7409.72136217573  3.788634E-15
7412.49772371187  3.556176E-15
7415.274085248  3.681527E-15
7418.05044678413  3.881125E-15
7420.82680832026  3.577655E-15
7423.6031698564  3.765742E-15
7426.37953139253  3.486498E-15
7429.15589292866  3.544145E-15
7431.93225446479  3.613835E-15
7434.70861600092  3.782831E-15
7437.48497753705  3.689093E-15
7440.26133907319  3.861283E-15
7443.03770060932  3.694693E-15
7445.81406214545  3.773162E-15
7448.59042368158  3.907727E-15
7451.36678521772  4.049810E-15
7454.14314675385  4.024402E-15
7456.91950828998  3.537198E-15
7459.69586982611  3.620630E-15
7462.47223136224  4.007416E-15
7465.24859289838  3.864219E-15
7468.02495443451  3.572702E-15
7470.80131597064  3.703147E-15
7473.57767750677  3.931643E-15
7476.3540390429  3.608390E-15
7479.13040057904  3.625232E-15
7481.90676211517  3.774097E-15
7484.6831236513  3.553685E-15
7487.45948518743  3.643572E-15
7490.23584672356  3.491676E-15
7493.0122082597  3.255619E-15
7495.78856979583  3.484418E-15
7498.56493133196  3.709398E-15
7501.34129286809  3.792806E-15
7504.11765440422  3.639212E-15
7506.89401594036  3.655962E-15
7509.67037747649  3.710733E-15
7512.44673901262  3.605812E-15
7515.22310054875  3.653503E-15
7517.99946208489  3.673564E-15
7520.77582362102  3.623487E-15
7523.55218515715  3.746619E-15
7526.32854669328  3.894966E-15
7529.10490822941  3.875805E-15
7531.88126976555  3.681219E-15
7534.65763130168  3.545331E-15
7537.43399283781  3.682212E-15
7540.21035437394  3.939037E-15
7542.98671591007  3.945878E-15
7545.76307744621  3.826018E-15
7548.53943898234  3.858016E-15
7551.31580051847  3.827421E-15
7554.0921620546  3.901939E-15
7556.86852359073  3.904868E-15
7559.64488512687  3.870792E-15
7562.421246663  3.918319E-15
7565.19760819913  3.632889E-15
7567.97396973526  3.639799E-15
7570.7503312714  3.926884E-15
7573.52669280753  3.670474E-15
7576.30305434366  3.331745E-15
7579.07941587979  3.365220E-15
7581.85577741592  3.679728E-15
7584.63213895206  3.850260E-15
7587.40850048819  3.589017E-15
7590.18486202432  3.576125E-15
7592.96122356045  3.806464E-15
7595.73758509658  4.003677E-15
7598.51394663272  3.469172E-15
7601.29030816885  3.303853E-15
7604.06666970498  3.872218E-15
7606.84303124111  3.718624E-15
7609.61939277725  3.210540E-15
7612.39575431338  3.971613E-15
7615.17211584951  3.901395E-15
7617.94847738564  3.614796E-15
7620.72483892177  3.567873E-15
7623.50120045791  3.621907E-15
7626.27756199404  4.046159E-15
7629.05392353017  4.022147E-15
7631.8302850663  3.409174E-15
7634.60664660243  3.310093E-15
7637.38300813857  3.659988E-15
7640.1593696747  3.892783E-15
7642.93573121083  3.986551E-15
7645.71209274696  3.838177E-15
7648.4884542831  3.526593E-15
7651.26481581923  3.402134E-15
7654.04117735536  3.282395E-15
7656.81753889149  3.720683E-15
7659.59390042762  3.241448E-15
7662.37026196376  3.247788E-15
7665.14662349989  3.470156E-15
7667.92298503602  3.130594E-15
7670.69934657215  3.211326E-15
7673.47570810828  3.563219E-15
7676.25206964442  3.343659E-15
7679.02843118055  3.308614E-15
7681.80479271668  3.189430E-15
7684.58115425281  2.980490E-15
7687.35751578894  3.407458E-15
7690.13387732508  3.441017E-15
7692.91023886121  3.247400E-15
7695.68660039734  3.490324E-15
7698.46296193347  3.400098E-15
7701.23932346961  3.358950E-15
7704.01568500574  3.282901E-15
7706.79204654187  3.302704E-15
7709.568408078  3.254589E-15
7712.34476961413  3.334643E-15
7715.12113115027  3.257223E-15
7717.8974926864  3.156690E-15
7720.67385422253  3.375155E-15
7723.45021575866  3.112228E-15
7726.22657729479  3.248952E-15
7729.00293883093  3.538031E-15
7731.77930036706  3.193387E-15
7734.55566190319  3.000099E-15
7737.33202343932  3.447448E-15
7740.10838497546  3.547513E-15
7742.88474651159  3.358880E-15
7745.66110804772  3.265108E-15
7748.43746958385  3.101887E-15
7751.21383111998  3.039822E-15
7753.99019265611  3.133492E-15
7756.76655419225  3.359967E-15
7759.54291572838  3.509696E-15
7762.31927726451  3.414628E-15
7765.09563880064  3.018098E-15
7767.87200033678  3.049012E-15
7770.64836187291  3.252234E-15
7773.42472340904  3.569949E-15
7776.20108494517  3.331451E-15
7778.9774464813  3.179743E-15
7781.75380801743  3.386311E-15
7784.53016955357  3.266570E-15
7787.3065310897  3.048861E-15
7790.08289262583  3.221698E-15
7792.85925416196  3.352877E-15
7795.63561569809  3.250012E-15
7798.41197723423  3.245549E-15
7801.18833877036  3.386479E-15
7803.96470030649  3.326635E-15
7806.74106184262  3.081823E-15
7809.51742337876  3.202851E-15
7812.29378491489  3.406872E-15
7815.07014645102  3.181987E-15
7817.84650798715  3.231075E-15
7820.62286952328  3.337222E-15
7823.39923105942  3.194999E-15
7826.17559259555  2.958723E-15
7828.95195413168  3.145504E-15
7831.72831566781  3.422384E-15
7834.50467720395  3.206707E-15
7837.28103874008  3.299898E-15
7840.05740027621  3.177715E-15
7842.83376181234  3.167853E-15
7845.61012334847  3.295217E-15
7848.38648488461  3.219955E-15
7851.16284642074  3.153599E-15
7853.93920795687  3.186661E-15
7856.715569493  3.125143E-15
7859.49193102913  2.925840E-15
7862.26829256527  2.979507E-15
7865.0446541014  3.392368E-15
7867.82101563753  3.387063E-15
7870.59737717366  3.109837E-15
7873.37373870979  3.288547E-15
7876.15010024593  3.142387E-15
7878.92646178206  3.158321E-15
7881.70282331819  3.123116E-15
7884.47918485432  3.418465E-15
7887.25554639046  3.208344E-15
7890.03190792659  3.202236E-15
7892.80826946272  3.335046E-15
7895.58463099885  3.229041E-15
7898.36099253498  3.210280E-15
7901.13735407112  3.245702E-15
7903.91371560725  2.915679E-15
7906.69007714338  2.804132E-15
7909.46643867951  2.916248E-15
7912.24280021564  3.082242E-15
7915.01916175178  3.424537E-15
7917.79552328791  3.290809E-15
7920.57188482404  3.205837E-15
7923.34824636017  3.005416E-15
7926.12460789631  2.908032E-15
7928.90096943244  3.115283E-15
7931.67733096857  2.959835E-15
7934.4536925047  3.009995E-15
7937.23005404083  3.023211E-15
7940.00641557697  3.033638E-15
7942.7827771131  2.990824E-15
7945.55913864923  2.924084E-15
7948.33550018536  2.993342E-15
7951.11186172149  3.074352E-15
7953.88822325762  2.895204E-15
7956.66458479376  3.078678E-15
7959.44094632989  3.112361E-15
7962.21730786602  3.004592E-15
7964.99366940215  3.250367E-15
7967.77003093829  3.088911E-15
7970.54639247442  3.062153E-15
7973.32275401055  3.252884E-15
7976.09911554668  2.909670E-15
7978.87547708281  2.816284E-15
7981.65183861895  3.178827E-15
7984.42820015508  3.206283E-15
7987.20456169121  3.124607E-15
7989.98092322734  2.836107E-15
7992.75728476348  2.949125E-15
7995.53364629961  2.802344E-15
7998.31000783574  3.073965E-15
8001.08636937187  2.988187E-15
8003.862730908  2.851559E-15
8006.63909244414  2.960510E-15
8009.41545398027  2.994556E-15
8012.1918155164  3.040721E-15
8014.96817705253  3.083670E-15
8017.74453858866  2.975277E-15
8020.5209001248  2.956238E-15
8023.29726166093  2.948197E-15
8026.07362319706  2.779570E-15
8028.84998473319  2.936665E-15
8031.62634626932  2.791473E-15
8034.40270780546  2.909283E-15
8037.17906934159  3.151244E-15
8039.95543087772  2.898466E-15
8042.73179241385  2.957752E-15
8045.50815394999  2.977419E-15
8048.28451548612  3.042194E-15
8051.06087702225  2.895070E-15
8053.83723855838  2.842076E-15
8056.61360009451  2.990439E-15
8059.38996163065  3.117137E-15
8062.16632316678  2.983651E-15
8064.94268470291  2.799175E-15
8067.71904623904  3.024899E-15
8070.49540777517  3.306237E-15
8073.27176931131  2.990380E-15
8076.04813084744  2.589427E-15
8078.82449238357  2.868777E-15
8081.6008539197  3.291118E-15
8084.37721545583  3.218085E-15
8087.15357699197  2.915809E-15
8089.9299385281  3.028867E-15
8092.70630006423  2.915940E-15
8095.48266160036  2.693105E-15
8098.2590231365  2.738296E-15
8101.03538467263  2.880603E-15
8103.81174620876  2.818480E-15
8106.58810774489  2.800307E-15
8109.36446928102  3.123587E-15
8112.14083081716  2.996650E-15
8114.91719235329  2.762087E-15
8117.69355388942  2.925949E-15
8120.46991542555  2.938554E-15
8123.24627696168  2.844384E-15
8126.02263849782  2.982860E-15
8128.79900003395  3.078634E-15
8131.57536157008  2.923748E-15
8134.35172310621  2.684015E-15
8137.12808464235  2.539712E-15
8139.90444617848  2.795994E-15
8142.68080771461  2.777591E-15
8145.45716925074  2.631542E-15
8148.23353078687  2.585012E-15
8151.00989232301  2.631915E-15
8153.78625385914  2.613755E-15
8156.56261539527  3.030221E-15
8159.3389769314  2.816033E-15
8162.11533846753  2.476123E-15
8164.89170000367  2.476953E-15
8167.6680615398  2.467383E-15
8170.44442307593  2.419464E-15
8173.22078461206  2.642441E-15
8175.99714614819  2.813375E-15
8178.77350768432  2.659243E-15
8181.54986922046  2.769955E-15
8184.32623075659  2.816582E-15
8187.10259229272  2.724522E-15
8189.87895382885  2.605535E-15
8192.65531536499  2.646994E-15
8195.43167690112  2.775951E-15
8198.20803843725  2.756799E-15
8200.98439997338  2.797182E-15
8203.76076150951  2.748642E-15
8206.53712304565  2.690268E-15
8209.31348458178  2.744227E-15
8212.08984611791  3.059049E-15
8214.86620765404  3.043879E-15
8217.64256919018  2.692927E-15
8220.41893072631  2.587617E-15
8223.19529226244  2.804462E-15
8225.97165379857  2.782781E-15
8228.74801533471  2.567333E-15
8231.52437687084  2.621086E-15
8234.30073840697  2.652962E-15
8237.0770999431  2.716333E-15
8239.85346147923  2.778028E-15
8242.62982301537  2.844926E-15
8245.4061845515  2.943713E-15
8248.18254608763  2.858656E-15
8250.95890762376  3.147818E-15
8253.73526915989  2.980178E-15
8256.51163069603  2.856030E-15
8259.28799223216  2.888285E-15
8262.06435376829  2.774049E-15
8264.84071530442  2.865800E-15
8267.61707684056  3.113084E-15
8270.39343837669  2.804309E-15
8273.16979991282  2.504580E-15
8275.94616144895  2.785205E-15
8278.72252298508  3.145890E-15
8281.49888452121  3.049534E-15
8284.27524605735  2.706870E-15
8287.05160759348  2.779753E-15
8289.82796912961  2.908351E-15
8292.60433066574  2.967908E-15
8295.38069220187  2.919601E-15
8298.15705373801  2.920129E-15
8300.93341527414  3.110400E-15
8303.70977681027  3.206612E-15
8306.4861383464  2.788602E-15
8309.26249988253  2.806381E-15
8312.03886141867  2.777499E-15
8314.8152229548  2.917166E-15
8317.59158449093  2.786750E-15
8320.36794602706  2.506173E-15
8323.14430756319  2.646494E-15
8325.92066909933  2.815095E-15
8328.69703063546  2.955182E-15
8331.47339217159  3.124202E-15
8334.24975370772  3.080153E-15
8337.02611524386  3.063075E-15
8339.80247677999  3.070067E-15
8342.57883831612  2.916962E-15
8345.35519985225  2.661550E-15
8348.13156138839  2.911647E-15
8350.90792292452  2.697056E-15
8353.68428446065  2.855092E-15
8356.46064599678  2.753435E-15
8359.23700753291  3.042624E-15
8362.01336906905  2.848872E-15
8364.78973060518  2.670352E-15
8367.56609214131  2.690237E-15
8370.34245367744  2.943345E-15
8373.11881521357  3.046687E-15
8375.8951767497  2.898435E-15
8378.67153828584  2.836206E-15
8381.44789982197  2.759970E-15
8384.2242613581  2.827148E-15
8387.00062289423  2.828314E-15
8389.77698443037  2.460749E-15
8392.5533459665  2.636475E-15
8395.32970750263  2.829867E-15
8398.10606903876  2.717796E-15
8400.88243057489  3.095604E-15
8403.65879211103  2.851353E-15
8406.43515364716  2.864482E-15
8409.21151518329  3.136158E-15
8411.98787671942  3.013141E-15
8414.76423825555  2.803469E-15
8417.54059979169  2.640969E-15
8420.31696132782  2.641698E-15
8423.09332286395  2.507910E-15
8425.86968440008  2.329181E-15
8428.64604593622  2.577963E-15
8431.42240747235  2.823929E-15
8434.19876900848  2.882504E-15
8436.97513054461  2.955687E-15
8439.75149208074  2.940635E-15
8442.52785361688  2.898104E-15
8445.30421515301  2.755585E-15
8448.08057668914  2.733183E-15
8450.85693822527  2.798985E-15
8453.6332997614  2.980314E-15
8456.40966129754  2.706910E-15
8459.18602283367  2.870114E-15
8461.9623843698  2.590393E-15
8464.73874590593  2.908045E-15
8467.51510744207  2.887995E-15
8470.2914689782  2.770387E-15
8473.06783051433  2.805744E-15
8475.84419205046  2.675819E-15
8478.62055358659  2.639114E-15
8481.39691512273  2.673982E-15
8484.17327665886  2.769497E-15
8486.94963819499  3.010530E-15
8489.72599973112  2.939657E-15
8492.50236126725  2.607620E-15
8495.27872280338  2.642501E-15
8498.05508433952  2.821566E-15
8500.83144587565  2.622180E-15
8503.60780741178  2.442593E-15
8506.38416894791  2.687172E-15
8509.16053048404  2.463574E-15
8511.93689202018  2.862881E-15
8514.71325355631  2.673757E-15
8517.48961509244  2.372628E-15
8520.26597662858  2.626262E-15
8523.04233816471  2.438823E-15
8525.81869970084  2.768037E-15
8528.59506123697  2.846252E-15
8531.3714227731  2.779964E-15
8534.14778430924  2.660072E-15
8536.92414584537  2.572234E-15
8539.7005073815  2.588673E-15
8542.47686891763  2.300458E-15
8545.25323045376  2.108464E-15
8548.0295919899  2.358011E-15
8550.80595352603  2.667128E-15
8553.58231506216  2.553877E-15
8556.35867659829  2.767555E-15
8559.13503813443  2.670332E-15
8561.91139967056  2.520000E-15
8564.68776120669  2.595781E-15
8567.46412274282  2.247999E-15
8570.24048427895  2.697454E-15
8573.01684581508  2.568685E-15
8575.79320735122  2.406132E-15
8578.56956888735  2.655968E-15
8581.34593042348  2.716693E-15
8584.12229195961  2.579799E-15
8586.89865349574  2.408795E-15
8589.67501503188  2.413228E-15
8592.45137656801  2.392455E-15
8595.22773810414  2.621787E-15
8598.00409964027  2.792874E-15
8600.78046117641  2.396273E-15
8603.55682271254  2.644770E-15
8606.33318424867  2.616197E-15
8609.1095457848  2.595473E-15
8611.88590732094  2.891860E-15
8614.66226885707  2.800985E-15
8617.4386303932  2.639579E-15
8620.21499192933  2.607926E-15
8622.99135346546  2.436290E-15
8625.7677150016  2.638779E-15
8628.54407653773  2.383204E-15
8631.32043807386  2.709711E-15
8634.09679960999  2.963800E-15
8636.87316114612  2.500581E-15
8639.64952268226  2.321794E-15
8642.42588421839  2.542373E-15
8645.20224575452  2.412161E-15
8647.97860729065  2.346102E-15
8650.75496882678  2.467430E-15
8653.53133036292  2.245244E-15
8656.30769189905  2.263544E-15
8659.08405343518  2.404218E-15
8661.86041497131  2.516165E-15
8664.63677650744  2.528035E-15
8667.41313804357  2.409145E-15
8670.18949957971  2.447032E-15
8672.96586111584  2.224529E-15
8675.74222265197  2.149360E-15
8678.5185841881  2.267011E-15
8681.29494572424  2.179689E-15
8684.07130726037  2.324778E-15
8686.8476687965  2.541815E-15
8689.62403033263  2.620492E-15
8692.40039186876  2.440245E-15
8695.1767534049  2.320625E-15
8697.95311494103  2.456667E-15
8700.72947647716  2.470832E-15
8703.50583801329  2.480165E-15
8706.28219954943  2.568623E-15
8709.05856108556  2.471197E-15
8711.83492262169  2.538823E-15
8714.61128415782  2.503194E-15
8717.38764569396  2.152412E-15
8720.16400723009  2.122758E-15
8722.94036876622  2.290657E-15
8725.71673030235  2.126275E-15
8728.49309183848  2.529565E-15
8731.26945337461  2.432196E-15
8734.04581491075  2.321865E-15
8736.82217644688  2.262657E-15
8739.59853798301  2.400993E-15
8742.37489951914  2.374555E-15
8745.15126105527  2.451647E-15
8747.92762259141  2.513814E-15
8750.70398412754  2.580565E-15
8753.48034566367  2.636257E-15
8756.2567071998  2.618364E-15
8759.03306873594  2.621610E-15
8761.80943027207  2.400680E-15
8764.5857918082  2.571262E-15
8767.36215334433  2.696023E-15
8770.13851488046  2.145168E-15
8772.9148764166  2.242319E-15
8775.69123795273  2.661250E-15
8778.46759948886  2.225607E-15
8781.24396102499  2.443113E-15
8784.02032256112  2.309066E-15
8786.79668409726  2.243229E-15
8789.57304563339  2.285718E-15
8792.34940716952  2.196100E-15
8795.12576870565  2.287075E-15
8797.90213024179  2.219766E-15
8800.67849177792  2.393550E-15
8803.45485331405  2.523316E-15
8806.23121485018  2.305410E-15
8809.00757638631  2.185686E-15
8811.78393792245  2.153878E-15
8814.56029945858  2.073397E-15
8817.33666099471  1.931178E-15
8820.11302253084  2.017104E-15
8822.88938406697  2.183022E-15
8825.66574560311  2.042456E-15
8828.44210713924  2.090402E-15
8831.21846867537  2.361826E-15
