3861.5307863759  1.261696E-14
3864.30714129148  1.164964E-14
3867.08349620706  1.394547E-14
3869.85985112264  1.197826E-14
3872.63620603822  1.099291E-14
3875.4125609538  1.062207E-14
3878.18891586938  1.223523E-14
3880.96527078496  1.367520E-14
3883.74162570054  1.497365E-14
3886.51798061612  1.193952E-14
3889.2943355317  1.025516E-14
3892.07069044728  1.013819E-14
3894.84704536286  1.007162E-14
3897.62340027844  9.926595E-15
3900.39975519402  6.235547E-15
3903.1761101096  9.160661E-15
3905.95246502518  1.204805E-14
3908.72881994076  1.274909E-14
3911.50517485634  1.070390E-14
3914.28152977192  1.151152E-14
3917.0578846875  9.367841E-15
3919.83423960308  1.004300E-14
3922.61059451866  1.072689E-14
3925.38694943424  9.457378E-15
3928.16330434982  1.033475E-14
3930.9396592654  1.019695E-14
3933.71601418098  1.236236E-14
3936.49236909656  1.242119E-14
3939.26872401214  1.233302E-14
3942.04507892772  1.106085E-14
3944.82143384329  9.556444E-15
3947.59778875887  1.077063E-14
3950.37414367445  9.370434E-15
3953.15049859003  9.912183E-15
3955.92685350561  1.048974E-14
3958.70320842119  8.917986E-15
3961.47956333677  9.099138E-15
3964.25591825235  9.843101E-15
3967.03227316793  9.852323E-15
3969.80862808351  9.426787E-15
3972.58498299909  8.677274E-15
3975.36133791467  7.992107E-15
3978.13769283025  8.945662E-15
3980.91404774583  1.072759E-14
3983.69040266141  9.785509E-15
3986.46675757699  9.130015E-15
3989.24311249257  1.053996E-14
3992.01946740815  1.166567E-14
3994.79582232373  9.482760E-15
3997.57217723931  1.099054E-14
4000.34853215489  1.088034E-14
4003.12488707047  8.956731E-15
4005.90124198605  9.862100E-15
4008.67759690163  9.439179E-15
4011.45395181721  9.192222E-15
4014.23030673279  1.033442E-14
4017.00666164837  9.778463E-15
4019.78301656395  1.113555E-14
4022.55937147953  9.169430E-15
4025.33572639511  9.713638E-15
4028.11208131069  9.448460E-15
4030.88843622627  1.053953E-14
4033.66479114185  1.045452E-14
4036.44114605743  9.661486E-15
4039.21750097301  1.057082E-14
4041.99385588858  1.115528E-14
4044.77021080416  1.089255E-14
4047.54656571974  1.016968E-14
4050.32292063532  1.025329E-14
4053.0992755509  9.506614E-15
4055.87563046648  9.142525E-15
4058.65198538206  9.418289E-15
4061.42834029764  1.015197E-14
4064.20469521322  1.075944E-14
4066.9810501288  1.085821E-14
4069.75740504438  1.014562E-14
4072.53375995996  1.108772E-14
4075.31011487554  1.004857E-14
4078.08646979112  1.044774E-14
4080.8628247067  9.740498E-15
4083.63917962228  1.019733E-14
4086.41553453786  1.040600E-14
4089.19188945344  1.116763E-14
4091.96824436902  1.015850E-14
4094.7445992846  1.024808E-14
4097.52095420018  1.046238E-14
4100.29730911576  9.906631E-15
4103.07366403134  9.532087E-15
4105.85001894692  9.344539E-15
4108.6263738625  8.883727E-15
4111.40272877808  8.006093E-15
4114.17908369366  9.563574E-15
4116.95543860924  8.406564E-15
4119.73179352482  8.406359E-15
4122.5081484404  8.141579E-15
4125.28450335598  9.472802E-15
4128.06085827156  1.005030E-14
4130.83721318714  9.653425E-15
4133.61356810271  9.285664E-15
4136.38992301829  9.830996E-15
4139.16627793387  1.064271E-14
4141.94263284945  1.064928E-14
4144.71898776503  9.777345E-15
4147.49534268061  9.922644E-15
4150.27169759619  1.098406E-14
4153.04805251177  1.186550E-14
4155.82440742735  1.048982E-14
4158.60076234293  1.047436E-14
4161.37711725851  9.873930E-15
4164.15347217409  1.066292E-14
4166.92982708967  9.848236E-15
4169.70618200525  1.098195E-14
4172.48253692083  1.114156E-14
4175.25889183641  1.032140E-14
4178.03524675199  1.044070E-14
4180.81160166757  9.976076E-15
4183.58795658315  1.045393E-14
4186.36431149873  9.832836E-15
4189.14066641431  1.023906E-14
4191.91702132989  1.023296E-14
4194.69337624547  9.861602E-15
4197.46973116105  9.970100E-15
4200.24608607663  1.095821E-14
4203.02244099221  9.873800E-15
4205.79879590779  1.056463E-14
4208.57515082337  1.047403E-14
4211.35150573895  9.756858E-15
4214.12786065453  9.688777E-15
4216.90421557011  1.027662E-14
4219.68057048569  1.056030E-14
4222.45692540127  1.028877E-14
4225.23328031684  1.049549E-14
4228.00963523242  9.905451E-15
4230.785990148  1.001213E-14
4233.56234506358  9.656798E-15
4236.33869997916  1.129117E-14
4239.11505489474  1.050200E-14
4241.89140981032  1.044225E-14
4244.6677647259  1.033723E-14
4247.44411964148  1.008844E-14
4250.22047455706  1.042954E-14
4252.99682947264  1.011280E-14
4255.77318438822  1.009751E-14
4258.5495393038  1.091006E-14
4261.32589421938  1.054630E-14
4264.10224913496  9.526136E-15
4266.87860405054  9.329859E-15
4269.65495896612  1.054292E-14
4272.4313138817  1.053336E-14
4275.20766879728  9.887004E-15
4277.98402371286  1.034392E-14
4280.76037862844  1.144179E-14
4283.53673354402  1.016063E-14
4286.3130884596  9.608746E-15
4289.08944337518  1.008609E-14
4291.86579829076  1.001825E-14
4294.64215320634  9.994353E-15
4297.41850812192  9.758754E-15
4300.1948630375  1.002512E-14
4302.97121795308  1.059017E-14
4305.74757286866  1.024890E-14
4308.52392778424  9.086225E-15
4311.30028269982  1.004203E-14
4314.0766376154  1.047530E-14
4316.85299253098  1.007572E-14
4319.62934744656  9.046486E-15
4322.40570236213  9.100306E-15
4325.18205727771  9.991812E-15
4327.95841219329  1.061175E-14
4330.73476710887  1.067837E-14
4333.51112202445  9.839193E-15
4336.28747694003  9.846654E-15
4339.06383185561  9.276127E-15
4341.84018677119  8.912991E-15
4344.61654168677  9.786343E-15
4347.39289660235  8.802520E-15
4350.16925151793  8.099354E-15
4352.94560643351  7.685713E-15
4355.72196134909  8.326292E-15
4358.49831626467  9.028517E-15
4361.27467118025  8.605427E-15
4364.05102609583  9.697135E-15
4366.82738101141  9.264309E-15
4369.60373592699  8.921402E-15
4372.38009084257  9.867256E-15
4375.15644575815  9.528209E-15
4377.93280067373  1.000152E-14
4380.70915558931  1.012287E-14
4383.48551050489  9.907932E-15
4386.26186542047  9.956952E-15
4389.03822033605  9.699483E-15
4391.81457525163  1.086342E-14
4394.59093016721  1.048859E-14
4397.36728508279  9.140413E-15
4400.14363999837  9.933671E-15
4402.91999491395  9.362956E-15
4405.69634982953  8.714255E-15
4408.47270474511  9.102452E-15
4411.24905966069  1.036636E-14
4414.02541457626  1.037813E-14
4416.80176949185  9.832700E-15
4419.57812440742  9.916601E-15
4422.354479323  1.016305E-14
4425.13083423858  1.046276E-14
4427.90718915416  9.965240E-15
4430.68354406974  9.913978E-15
4433.45989898532  9.461440E-15
4436.2362539009  1.024412E-14
4439.01260881648  9.997853E-15
4441.78896373206  9.714256E-15
4444.56531864764  9.801996E-15
4447.34167356322  9.626024E-15
4450.1180284788  9.583682E-15
4452.89438339438  9.898167E-15
4455.67073830996  1.008890E-14
4458.44709322554  9.846789E-15
4461.22344814112  9.913906E-15
4463.9998030567  1.043103E-14
4466.77615797228  9.554280E-15
4469.55251288786  9.901642E-15
4472.32886780344  9.538218E-15
4475.10522271902  8.466274E-15
4477.8815776346  8.930000E-15
4480.65793255018  9.494460E-15
4483.43428746576  9.422404E-15
4486.21064238134  8.871543E-15
4488.98699729692  9.388228E-15
4491.7633522125  9.430145E-15
4494.53970712808  9.193907E-15
4497.31606204366  9.294555E-15
4500.09241695924  9.164483E-15
4502.86877187482  9.513930E-15
4505.64512679039  9.825807E-15
4508.42148170598  9.134043E-15
4511.19783662155  9.569783E-15
4513.97419153713  1.013097E-14
4516.75054645271  9.534976E-15
4519.52690136829  9.344134E-15
4522.30325628387  8.924106E-15
4525.07961119945  9.988766E-15
4527.85596611503  9.663330E-15
4530.63232103061  9.277083E-15
4533.40867594619  9.869398E-15
4536.18503086177  1.014755E-14
4538.96138577735  1.035689E-14
4541.73774069293  9.695755E-15
4544.51409560851  9.651334E-15
4547.29045052409  9.776101E-15
4550.06680543967  9.336604E-15
4552.84316035525  9.666107E-15
4555.61951527083  9.887721E-15
4558.39587018641  9.495279E-15
4561.17222510199  1.003926E-14
4563.94858001757  9.601374E-15
4566.72493493315  9.983124E-15
4569.50128984873  9.465393E-15
4572.27764476431  8.944974E-15
4575.05399967989  9.334093E-15
4577.83035459547  9.232794E-15
4580.60670951105  9.403842E-15
4583.38306442663  9.549051E-15
4586.15941934221  9.631624E-15
4588.93577425779  9.385910E-15
4591.71212917337  9.751965E-15
4594.48848408895  9.768434E-15
4597.26483900453  8.578125E-15
4600.0411939201  9.228797E-15
4602.81754883568  9.606528E-15
4605.59390375127  9.369194E-15
4608.37025866684  9.259378E-15
4611.14661358242  1.009747E-14
4613.922968498  1.002287E-14
4616.69932341358  9.153024E-15
4619.47567832916  9.185819E-15
4622.25203324474  9.894629E-15
4625.02838816032  9.618932E-15
4627.8047430759  9.663330E-15
4630.58109799148  9.544436E-15
4633.35745290706  1.041820E-14
4636.13380782264  1.044025E-14
4638.91016273822  1.046843E-14
4641.6865176538  1.005949E-14
4644.46287256938  1.097373E-14
4647.23922748496  1.000050E-14
4650.01558240054  1.017729E-14
4652.79193731612  1.021087E-14
4655.5682922317  1.013627E-14
4658.34464714728  1.055538E-14
4661.12100206286  1.029015E-14
4663.89735697844  9.712638E-15
4666.67371189402  1.004763E-14
4669.4500668096  1.015203E-14
4672.22642172518  1.031205E-14
4675.00277664076  1.024434E-14
4677.77913155634  9.712174E-15
4680.55548647192  1.044287E-14
4683.3318413875  1.009474E-14
4686.10819630308  1.022864E-14
4688.88455121866  1.050189E-14
4691.66090613424  9.859779E-15
4694.43726104982  9.607767E-15
4697.21361596539  1.002132E-14
4699.98997088097  9.561025E-15
4702.76632579655  1.023723E-14
4705.54268071213  1.007519E-14
4708.31903562771  1.029616E-14
4711.09539054329  1.083108E-14
4713.87174545887  9.405158E-15
4716.64810037445  8.723868E-15
4719.42445529003  9.089921E-15
4722.20081020561  8.961645E-15
4724.97716512119  9.657662E-15
4727.75352003677  9.113759E-15
4730.52987495235  8.965648E-15
4733.30622986793  9.706498E-15
4736.08258478351  9.034884E-15
4738.85893969909  9.959518E-15
4741.63529461467  1.025385E-14
4744.41164953025  9.299714E-15
4747.18800444583  9.500697E-15
4749.96435936141  1.027779E-14
4752.74071427699  9.251987E-15
4755.51706919257  9.183745E-15
4758.29342410815  9.461155E-15
4761.06977902373  9.978794E-15
4763.84613393931  9.348585E-15
4766.62248885489  9.138255E-15
4769.39884377047  9.303545E-15
4772.17519868605  9.181625E-15
4774.95155360163  8.467577E-15
4777.72790851721  9.114017E-15
4780.50426343279  8.614426E-15
4783.28061834837  9.130977E-15
4786.05697326394  9.104649E-15
4788.83332817953  9.212238E-15
4791.6096830951  9.640339E-15
4794.38603801068  9.870250E-15
4797.16239292626  9.587193E-15
4799.93874784184  9.201743E-15
4802.71510275742  9.470093E-15
4805.491457673  9.602503E-15
4808.26781258858  8.946266E-15
4811.04416750416  8.752429E-15
4813.82052241974  8.825672E-15
4816.59687733532  8.888910E-15
4819.3732322509  8.610440E-15
4822.14958716648  9.051628E-15
4824.92594208206  8.942114E-15
4827.70229699764  8.891849E-15
4830.47865191322  9.632129E-15
4833.2550068288  9.390324E-15
4836.03136174438  8.970327E-15
4838.80771665996  9.296272E-15
4841.58407157554  9.289160E-15
4844.36042649112  9.446365E-15
4847.1367814067  9.130215E-15
4849.91313632228  9.240188E-15
4852.68949123786  9.188668E-15
4855.46584615344  9.055188E-15
4858.24220106902  1.004461E-14
4861.0185559846  9.539293E-15
4863.79491090018  9.770141E-15
4866.57126581576  9.336327E-15
4869.34762073134  8.258082E-15
4872.12397564692  8.217551E-15
4874.9003305625  8.345145E-15
4877.67668547807  8.445237E-15
4880.45304039366  7.946842E-15
4883.22939530923  9.006686E-15
4886.00575022481  8.645386E-15
4888.7821051404  8.875016E-15
4891.55846005597  8.789954E-15
4894.33481497155  8.736101E-15
4897.11116988713  9.666819E-15
4899.88752480271  8.707921E-15
4902.66387971829  8.686875E-15
4905.44023463387  9.145801E-15
4908.21658954945  8.716190E-15
4910.99294446503  8.674624E-15
4913.76929938061  9.275604E-15
4916.54565429619  9.740237E-15
4919.32200921177  9.251236E-15
4922.09836412735  8.995673E-15
4924.87471904293  8.694874E-15
4927.65107395851  8.530914E-15
4930.42742887409  9.046635E-15
4933.20378378967  9.527657E-15
4935.98013870525  8.934776E-15
4938.75649362083  8.984386E-15
4941.53284853641  9.201387E-15
4944.30920345199  8.873880E-15
4947.08555836757  8.774262E-15
4949.86191328315  9.344629E-15
4952.63826819873  9.111993E-15
4955.41462311431  8.836537E-15
4958.19097802989  8.497152E-15
4960.96733294547  8.364630E-15
4963.74368786104  8.678007E-15
4966.52004277663  9.497487E-15
4969.29639769221  9.489507E-15
4972.07275260778  8.963434E-15
4974.84910752337  8.863162E-15
4977.62546243894  9.425202E-15
4980.40181735452  9.227001E-15
4983.1781722701  8.459110E-15
4985.95452718569  9.068895E-15
4988.73088210126  8.941675E-15
4991.50723701684  8.570716E-15
4994.28359193242  8.258469E-15
4997.059946848  8.813949E-15
4999.83630176358  8.715093E-15
5002.61265667916  8.965428E-15
5005.38901159474  8.306828E-15
5008.16536651032  8.297777E-15
5010.9417214259  8.942407E-15
5013.71807634148  8.564478E-15
5016.49443125706  8.663506E-15
5019.27078617264  8.812184E-15
5022.04714108822  9.009086E-15
5024.8234960038  9.226744E-15
5027.59985091938  9.487338E-15
5030.37620583496  9.066911E-15
5033.15256075054  8.663906E-15
5035.92891566612  8.311852E-15
5038.7052705817  8.817964E-15
5041.48162549728  8.821361E-15
5044.25798041286  8.954413E-15
5047.03433532844  8.932416E-15
5049.81069024402  8.536123E-15
5052.5870451596  9.149499E-15
5055.36340007518  8.908495E-15
5058.13975499076  8.526174E-15
5060.91610990634  8.267640E-15
5063.69246482192  9.104037E-15
5066.4688197375  8.602420E-15
5069.24517465307  8.401107E-15
5072.02152956866  8.663865E-15
5074.79788448423  8.762278E-15
5077.57423939981  8.918335E-15
5080.3505943154  8.912693E-15
5083.12694923098  8.730635E-15
5085.90330414655  8.921585E-15
5088.67965906213  9.446020E-15
5091.45601397771  9.069840E-15
5094.23236889329  8.754124E-15
5097.00872380887  8.349288E-15
5099.78507872445  8.645102E-15
5102.56143364003  9.049459E-15
5105.33778855561  8.534625E-15
5108.11414347119  8.715733E-15
5110.89049838677  8.508705E-15
5113.66685330235  8.453119E-15
5116.44320821793  8.738049E-15
5119.21956313351  8.804099E-15
5121.99591804909  9.191869E-15
5124.77227296467  9.355946E-15
5127.54862788025  8.999024E-15
5130.32498279583  8.933380E-15
5133.10133771141  8.762237E-15
5135.87769262699  8.544843E-15
5138.65404754257  9.265976E-15
5141.43040245815  8.806951E-15
5144.20675737373  9.090234E-15
5146.98311228931  8.881569E-15
5149.75946720489  9.150423E-15
5152.53582212047  8.780615E-15
5155.31217703605  8.044479E-15
5158.08853195163  8.328305E-15
5160.86488686721  8.648993E-15
5163.64124178279  8.605915E-15
5166.41759669837  8.227132E-15
5169.19395161395  8.215234E-15
5171.97030652952  8.353879E-15
5174.74666144511  8.657763E-15
5177.52301636068  8.521024E-15
5180.29937127626  8.362557E-15
5183.07572619184  8.137673E-15
5185.85208110742  7.994600E-15
5188.628436023  8.134151E-15
5191.40479093858  8.718563E-15
5194.18114585416  8.417977E-15
5196.95750076974  8.120591E-15
5199.73385568532  8.576674E-15
5202.5102106009  8.240468E-15
5205.28656551648  8.382213E-15
5208.06292043206  8.978953E-15
5210.83927534764  8.587444E-15
5213.61563026322  8.559361E-15
5216.3919851788  8.590530E-15
5219.16834009438  8.789521E-15
5221.94469500996  9.246937E-15
5224.72104992554  8.887234E-15
5227.49740484112  8.062031E-15
5230.2737597567  8.412864E-15
5233.05011467228  8.905503E-15
5235.82646958786  8.808094E-15
5238.60282450344  8.348861E-15
5241.37917941902  8.210851E-15
5244.1555343346  8.341034E-15
5246.93188925018  8.823733E-15
5249.70824416576  8.816774E-15
5252.48459908134  8.291549E-15
5255.26095399692  8.624965E-15
5258.0373089125  8.720022E-15
5260.81366382808  8.452488E-15
5263.59001874365  8.388540E-15
5266.36637365923  8.102669E-15
5269.14272857481  7.702890E-15
5271.91908349039  7.932558E-15
5274.69543840597  8.089749E-15
5277.47179332155  7.916230E-15
5280.24814823713  8.004346E-15
5283.02450315271  8.198074E-15
5285.80085806829  8.656025E-15
5288.57721298387  8.317839E-15
5291.35356789945  8.226997E-15
5294.12992281503  8.415460E-15
5296.90627773061  8.761029E-15
5299.68263264619  8.341697E-15
5302.45898756177  8.465468E-15
5305.23534247735  8.276478E-15
5308.01169739293  8.360715E-15
5310.78805230851  7.884657E-15
5313.56440722409  7.604600E-15
5316.34076213967  7.927927E-15
5319.11711705525  8.592251E-15
5321.89347197083  8.160819E-15
5324.66982688641  8.098259E-15
5327.44618180199  7.784606E-15
5330.22253671757  7.984988E-15
5332.99889163315  8.811458E-15
5335.77524654873  8.245897E-15
5338.55160146431  7.921341E-15
5341.32795637989  7.724790E-15
5344.10431129547  8.593746E-15
5346.88066621105  8.151165E-15
5349.65702112662  7.831368E-15
5352.43337604221  7.773585E-15
5355.20973095778  8.314532E-15
5357.98608587337  8.111126E-15
5360.76244078894  7.937453E-15
5363.53879570452  7.937894E-15
5366.3151506201  7.677006E-15
5369.09150553568  7.833285E-15
5371.86786045126  7.936201E-15
5374.64421536684  7.858350E-15
5377.42057028242  8.151106E-15
5380.196925198  8.295566E-15
5382.97328011358  7.960980E-15
5385.74963502916  7.874429E-15
5388.52598994474  8.286423E-15
5391.30234486032  8.484374E-15
5394.0786997759  8.318213E-15
5396.85505469148  8.072948E-15
5399.63140960706  8.054513E-15
5402.40776452264  8.240157E-15
5405.18411943822  8.207826E-15
5407.9604743538  7.987647E-15
5410.73682926938  7.686083E-15
5413.51318418496  7.657338E-15
5416.28953910054  7.614658E-15
5419.06589401612  7.908731E-15
5421.8422489317  7.772285E-15
5424.61860384728  8.090546E-15
5427.39495876286  8.062099E-15
5430.17131367844  7.512299E-15
5432.94766859402  7.509480E-15
5435.7240235096  7.284358E-15
5438.50037842518  7.753977E-15
5441.27673334076  8.212395E-15
5444.05308825634  7.573823E-15
5446.82944317192  8.013686E-15
5449.6057980875  7.731354E-15
5452.38215300308  8.096109E-15
5455.15850791866  8.065667E-15
5457.93486283423  7.835189E-15
5460.71121774981  8.033176E-15
5463.48757266539  7.854015E-15
5466.26392758097  7.955191E-15
5469.04028249655  7.836281E-15
5471.81663741213  7.893577E-15
5474.59299232771  7.930493E-15
5477.36934724329  7.851113E-15
5480.14570215887  7.639842E-15
5482.92205707445  7.248408E-15
5485.69841199003  7.363691E-15
5488.47476690561  7.547422E-15
5491.25112182119  7.464417E-15
5494.02747673677  7.376316E-15
5496.80383165235  7.791719E-15
5499.58018656793  8.031618E-15
5502.35654148351  7.414751E-15
5505.13289639909  7.666431E-15
5507.90925131467  7.397886E-15
5510.68560623025  7.654073E-15
5513.46196114583  7.414228E-15
5516.23831606141  7.136162E-15
5519.01467097699  7.137541E-15
5521.79102589257  6.963341E-15
5524.56738080815  7.545804E-15
5527.34373572373  7.460059E-15
5530.12009063931  7.448085E-15
5532.89644555489  7.735580E-15
5535.67280047047  7.429849E-15
5538.44915538605  7.445254E-15
5541.22551030163  7.776450E-15
5544.0018652172  7.509461E-15
5546.77822013278  7.389689E-15
5549.55457504837  7.457198E-15
5552.33092996394  7.332228E-15
5555.10728487952  7.304871E-15
5557.8836397951  7.446816E-15
5560.65999471068  7.672439E-15
5563.43634962626  7.442886E-15
5566.21270454184  7.520606E-15
5568.98905945742  7.862142E-15
5571.765414373  7.881426E-15
5574.54176928858  7.525091E-15
5577.31812420416  7.192549E-15
5580.09447911974  7.155862E-15
5582.87083403532  7.428604E-15
5585.6471889509  8.052002E-15
5588.42354386648  7.641205E-15
5591.19989878206  7.440470E-15
5593.97625369764  7.179140E-15
5596.75260861322  7.293466E-15
5599.5289635288  7.379005E-15
5602.30531844438  7.555454E-15
5605.08167335996  7.292810E-15
5607.85802827554  7.407920E-15
5610.63438319112  7.150468E-15
5613.4107381067  7.440669E-15
5616.18709302228  7.565287E-15
5618.96344793786  7.462992E-15
5621.73980285344  7.220892E-15
5624.51615776902  7.035519E-15
5627.2925126846  7.032269E-15
5630.06886760018  7.135863E-15
5632.84522251576  7.287888E-15
5635.62157743134  7.572844E-15
5638.39793234691  7.352030E-15
5641.1742872625  7.515946E-15
5643.95064217807  7.697241E-15
5646.72699709365  7.153513E-15
5649.50335200923  7.062571E-15
5652.27970692482  6.859636E-15
5655.05606184039  7.117509E-15
5657.83241675597  7.813787E-15
5660.60877167155  7.076319E-15
5663.38512658713  6.822162E-15
5666.16148150271  7.603792E-15
5668.93783641829  7.067426E-15
5671.71419133387  7.239856E-15
5674.49054624945  6.959852E-15
5677.26690116503  7.082798E-15
5680.04325608061  6.833710E-15
5682.81961099619  6.973399E-15
5685.59596591177  7.268596E-15
5688.37232082735  7.272396E-15
5691.14867574293  7.126602E-15
5693.92503065851  6.751185E-15
5696.70138557409  7.020573E-15
5699.47774048967  6.932812E-15
5702.25409540525  7.254363E-15
5705.03045032083  7.152085E-15
5707.80680523641  6.746570E-15
5710.58316015199  7.251174E-15
5713.35951506757  6.894686E-15
5716.13586998315  7.126863E-15
5718.91222489873  7.785720E-15
5721.68857981431  7.331866E-15
5724.46493472989  6.926825E-15
5727.24128964546  7.044162E-15
5730.01764456105  7.085973E-15
5732.79399947663  7.060922E-15
5735.5703543922  7.008489E-15
5738.34670930778  7.372608E-15
5741.12306422336  7.342270E-15
5743.89941913894  6.485545E-15
5746.67577405452  6.758930E-15
5749.4521289701  6.856342E-15
5752.22848388568  7.232056E-15
5755.00483880126  6.852688E-15
5757.78119371684  6.893171E-15
5760.55754863242  6.953526E-15
5763.333903548  6.966129E-15
5766.11025846358  6.632475E-15
5768.88661337916  7.086949E-15
5771.66296829474  7.247101E-15
5774.43932321032  7.020066E-15
5777.2156781259  6.956788E-15
5779.99203304148  6.829368E-15
5782.76838795706  7.497225E-15
5785.54474287264  7.741670E-15
5788.32109778822  7.038765E-15
5791.0974527038  7.056260E-15
5793.87380761938  6.946961E-15
5796.65016253496  6.456787E-15
5799.42651745054  7.073054E-15
5802.20287236612  7.119562E-15
5804.9792272817  6.954774E-15
5807.75558219728  6.755827E-15
5810.53193711286  6.735271E-15
5813.30829202844  6.887888E-15
5816.08464694402  6.747374E-15
5818.8610018596  6.466227E-15
5821.63735677518  6.847106E-15
5824.41371169076  6.937297E-15
5827.19006660633  7.274901E-15
5829.96642152192  6.567207E-15
5832.74277643749  6.935237E-15
5835.51913135307  6.846265E-15
5838.29548626865  6.757341E-15
5841.07184118423  6.737589E-15
5843.84819609981  6.942695E-15
5846.62455101539  6.628752E-15
5849.40090593097  7.170888E-15
5852.17726084655  6.973131E-15
5854.95361576213  6.867464E-15
5857.72997067771  6.931496E-15
5860.50632559329  7.018447E-15
5863.28268050887  6.722675E-15
5866.05903542445  6.553934E-15
5868.83539034003  7.022594E-15
5871.61174525561  6.803165E-15
5874.38810017119  6.926297E-15
5877.16445508677  6.756637E-15
5879.94081000235  6.690449E-15
5882.71716491793  6.774985E-15
5885.49351983351  7.013721E-15
5888.26987474909  6.797694E-15
5891.04622966467  6.712380E-15
5893.82258458025  6.599307E-15
5896.59893949583  6.678682E-15
5899.37529441141  6.506648E-15
5902.15164932699  6.668295E-15
5904.92800424257  6.564511E-15
5907.70435915815  6.643974E-15
5910.48071407373  6.574115E-15
5913.25706898931  6.300485E-15
5916.03342390489  6.654400E-15
5918.80977882047  6.853278E-15
5921.58613373604  7.061820E-15
5924.36248865163  6.864325E-15
5927.1388435672  6.227220E-15
5929.91519848278  6.611016E-15
5932.69155339836  6.549699E-15
5935.46790831394  6.282636E-15
5938.24426322952  6.455842E-15
5941.0206181451  6.193894E-15
5943.79697306068  6.467823E-15
5946.57332797626  6.290335E-15
5949.34968289184  6.274301E-15
5952.12603780742  6.641399E-15
5954.902392723  6.311467E-15
5957.67874763858  6.579165E-15
5960.45510255416  6.639835E-15
5963.23145746974  6.662653E-15
5966.00781238532  6.466565E-15
5968.7841673009  6.424242E-15
5971.56052221648  6.226274E-15
5974.33687713206  5.891605E-15
5977.11323204764  6.378796E-15
5979.88958696322  6.049067E-15
5982.6659418788  5.972363E-15
5985.44229679438  6.142769E-15
5988.21865170996  6.388848E-15
5990.99500662554  6.533641E-15
5993.77136154112  6.489243E-15
5996.5477164567  6.717416E-15
5999.32407137228  6.685006E-15
6002.10042628786  6.272737E-15
6004.87678120344  5.995968E-15
6007.65313611902  6.188958E-15
6010.42949103459  6.241477E-15
6013.20584595018  6.404542E-15
6015.98220086575  6.210773E-15
6018.75855578134  6.430063E-15
6021.53491069691  6.389846E-15
6024.31126561249  6.220503E-15
6027.08762052807  6.345024E-15
6029.86397544365  6.316302E-15
6032.64033035923  6.223077E-15
6035.41668527481  6.084386E-15
6038.19304019039  6.554810E-15
6040.96939510597  6.163993E-15
6043.74575002155  5.900191E-15
6046.52210493713  6.199098E-15
6049.29845985271  5.983894E-15
6052.07481476829  5.968947E-15
6054.85116968387  6.110548E-15
6057.62752459945  6.136719E-15
6060.40387951503  6.070583E-15
6063.18023443061  6.068539E-15
6065.95658934619  5.909707E-15
6068.73294426177  5.900933E-15
6071.50929917735  5.978288E-15
6074.28565409293  6.101074E-15
6077.06200900851  6.273639E-15
6079.83836392409  6.143530E-15
6082.61471883967  5.853426E-15
6085.39107375525  6.071420E-15
6088.16742867083  5.986611E-15
6090.94378358641  5.859391E-15
6093.72013850199  6.083434E-15
6096.49649341757  6.289469E-15
6099.27284833315  6.351665E-15
6102.04920324873  6.032309E-15
6104.82555816431  5.703187E-15
6107.60191307989  5.987169E-15
6110.37826799546  6.362270E-15
6113.15462291105  6.114880E-15
6115.93097782662  6.245225E-15
6118.7073327422  6.131887E-15
6121.48368765778  6.145596E-15
6124.26004257336  6.151353E-15
6127.03639748894  6.111197E-15
6129.81275240452  6.096576E-15
6132.5891073201  6.070367E-15
6135.36546223568  6.103917E-15
6138.14181715126  6.077599E-15
6140.91817206684  5.939195E-15
6143.69452698242  6.206846E-15
6146.470881898  6.168183E-15
6149.24723681358  6.268633E-15
6152.02359172916  6.112227E-15
6154.79994664474  5.627673E-15
6157.57630156032  5.782821E-15
6160.3526564759  6.094693E-15
6163.12901139148  5.992401E-15
6165.90536630706  5.652142E-15
6168.68172122264  6.149122E-15
6171.45807613822  6.173098E-15
6174.2344310538  5.684527E-15
6177.01078596938  5.814176E-15
6179.78714088496  5.999815E-15
6182.56349580054  5.917644E-15
6185.33985071612  5.786014E-15
6188.1162056317  6.201798E-15
6190.89256054728  5.931539E-15
6193.66891546286  5.641767E-15
6196.44527037844  5.835467E-15
6199.22162529402  5.755114E-15
6201.9979802096  5.814078E-15
6204.77433512517  5.824076E-15
6207.55069004076  6.118011E-15
6210.32704495633  6.275512E-15
6213.10339987191  6.237062E-15
6215.87975478749  6.194705E-15
6218.65610970307  6.000134E-15
6221.43246461865  6.073729E-15
6224.20881953423  5.810709E-15
6226.98517444981  5.829959E-15
6229.76152936539  5.717872E-15
6232.53788428097  5.861974E-15
6235.31423919655  5.993703E-15
6238.09059411213  5.836438E-15
6240.86694902771  5.888974E-15
6243.64330394329  5.685557E-15
6246.41965885887  5.586350E-15
6249.19601377445  6.013011E-15
6251.97236869003  5.960421E-15
6254.74872360561  5.996252E-15
6257.52507852119  6.006155E-15
6260.30143343677  6.013963E-15
6263.07778835235  6.001955E-15
6265.85414326793  5.818464E-15
6268.63049818351  5.865826E-15
6271.40685309909  5.819113E-15
6274.18320801467  5.445668E-15
6276.95956293025  5.743381E-15
6279.73591784583  5.641400E-15
6282.51227276141  5.520676E-15
6285.28862767699  5.869945E-15
6288.06498259257  5.798826E-15
6290.84133750815  5.678934E-15
6293.61769242373  5.517948E-15
6296.39404733931  5.512206E-15
6299.17040225488  5.832861E-15
6301.94675717047  5.741778E-15
6304.72311208604  5.423848E-15
6307.49946700162  5.194282E-15
6310.2758219172  5.540315E-15
6313.05217683278  5.568460E-15
6315.82853174836  5.835542E-15
6318.60488666394  6.092880E-15
6321.38124157952  5.737378E-15
6324.1575964951  5.631167E-15
6326.93395141068  5.850453E-15
6329.71030632626  6.126212E-15
6332.48666124184  6.140525E-15
6335.26301615742  5.766807E-15
6338.039371073  5.673249E-15
6340.81572598858  5.678552E-15
6343.59208090416  5.384284E-15
6346.36843581974  5.587553E-15
6349.14479073532  5.529937E-15
6351.9211456509  5.389193E-15
6354.69750056648  6.099444E-15
6357.47385548206  5.948918E-15
6360.25021039764  5.644242E-15
6363.02656531322  5.590606E-15
6365.8029202288  5.563904E-15
6368.57927514438  5.800614E-15
6371.35563005996  5.628889E-15
6374.13198497554  5.460725E-15
6376.90833989111  5.548774E-15
6379.6846948067  5.630643E-15
6382.46104972228  5.642408E-15
6385.23740463786  5.223367E-15
6388.01375955344  5.772341E-15
6390.79011446902  5.252221E-15
6393.56646938459  5.593871E-15
6396.34282430017  5.810705E-15
6399.11917921575  5.845658E-15
6401.89553413133  5.345969E-15
6404.67188904691  5.790718E-15
6407.44824396249  5.375670E-15
6410.22459887807  5.150325E-15
6413.00095379365  5.613223E-15
6415.77730870923  5.632530E-15
6418.55366362481  5.624693E-15
6421.33001854039  5.409127E-15
6424.10637345597  5.791423E-15
6426.88272837155  5.612994E-15
6429.65908328713  5.360577E-15
6432.43543820271  5.476113E-15
6435.21179311829  5.593656E-15
6437.98814803387  5.535357E-15
6440.76450294945  5.423528E-15
6443.54085786503  5.222001E-15
6446.31721278061  5.423913E-15
6449.09356769619  5.572499E-15
6451.86992261177  5.716358E-15
6454.64627752735  5.517759E-15
6457.42263244293  5.283275E-15
6460.19898735851  5.530810E-15
6462.97534227409  5.255881E-15
6465.75169718967  5.072888E-15
6468.52805210525  5.356970E-15
6471.30440702083  5.344565E-15
6474.08076193641  5.131338E-15
6476.85711685199  5.457856E-15
6479.63347176757  5.578650E-15
6482.40982668315  5.271286E-15
6485.18618159872  5.358161E-15
6487.9625365143  5.192158E-15
6490.73889142988  5.182230E-15
6493.51524634546  5.650983E-15
6496.29160126104  5.265892E-15
6499.06795617662  5.239406E-15
6501.8443110922  5.411642E-15
6504.62066600778  5.482512E-15
6507.39702092336  5.317506E-15
6510.17337583894  5.497690E-15
6512.94973075452  5.178511E-15
6515.7260856701  5.106925E-15
6518.50244058568  5.249013E-15
6521.27879550126  5.100378E-15
6524.05515041684  5.329541E-15
6526.83150533242  5.201588E-15
6529.607860248  5.194432E-15
6532.38421516358  5.229159E-15
6535.16057007916  5.451537E-15
6537.93692499474  5.454582E-15
6540.71327991032  5.750831E-15
6543.4896348259  5.985308E-15
6546.26598974148  6.339141E-15
6549.04234465706  7.365484E-15
6551.81869957264  8.487146E-15
6554.59505448822  9.237653E-15
6557.3714094038  9.483895E-15
6560.14776431938  9.270051E-15
6562.92411923496  9.118737E-15
6565.70047415053  8.797185E-15
6568.47682906612  7.549462E-15
6571.25318398169  6.300594E-15
6574.02953889728  5.935890E-15
6576.80589381286  5.589659E-15
6579.58224872843  5.148752E-15
6582.35860364401  5.362159E-15
6585.13495855959  5.159879E-15
6587.91131347517  4.850500E-15
6590.68766839076  5.099199E-15
6593.46402330633  5.309051E-15
6596.24037822191  4.819749E-15
6599.01673313749  5.107835E-15
6601.79308805307  5.182305E-15
6604.56944296865  5.038613E-15
6607.34579788423  4.871970E-15
6610.12215279981  4.860938E-15
6612.89850771539  5.234855E-15
6615.67486263097  5.235326E-15
6618.45121754655  5.226684E-15
6621.22757246213  5.188384E-15
6624.00392737771  4.851294E-15
6626.78028229329  4.934762E-15
6629.55663720887  4.759178E-15
6632.33299212445  4.921296E-15
6635.10934704003  5.294321E-15
6637.88570195561  5.346360E-15
6640.66205687119  5.182461E-15
6643.43841178677  4.997882E-15
6646.21476670235  4.774035E-15
6648.99112161793  4.881544E-15
6651.76747653351  5.071196E-15
6654.54383144909  4.966811E-15
6657.32018636467  5.210649E-15
6660.09654128025  5.400727E-15
6662.87289619583  5.153347E-15
6665.64925111141  4.949366E-15
6668.42560602698  5.161749E-15
6671.20196094257  5.503021E-15
6673.97831585815  5.450998E-15
6676.75467077372  5.135141E-15
6679.5310256893  5.227959E-15
6682.30738060488  5.016324E-15
6685.08373552046  5.238897E-15
6687.86009043604  4.735252E-15
6690.63644535162  5.127102E-15
6693.4128002672  5.173451E-15
6696.18915518278  4.962469E-15
6698.96551009836  4.851075E-15
6701.74186501394  4.999438E-15
6704.51821992952  4.883599E-15
6707.2945748451  4.834368E-15
6710.07092976068  4.670745E-15
6712.84728467626  4.899818E-15
6715.62363959184  4.780273E-15
6718.39999450742  4.776046E-15
6721.176349423  4.996613E-15
6723.95270433858  4.971843E-15
6726.72905925416  5.119906E-15
6729.50541416974  4.955224E-15
6732.28176908532  4.776301E-15
6735.0581240009  4.886810E-15
6737.83447891648  4.655315E-15
6740.61083383206  4.668368E-15
6743.38718874764  4.952164E-15
6746.16354366322  4.905864E-15
6748.9398985788  4.815658E-15
6751.71625349438  4.986851E-15
6754.49260840996  4.989125E-15
6757.26896332554  4.731681E-15
6760.04531824112  4.863559E-15
6762.82167315669  5.155807E-15
6765.59802807227  4.795710E-15
6768.37438298785  4.857224E-15
6771.15073790343  4.495850E-15
6773.92709281901  4.952254E-15
6776.70344773459  4.864708E-15
6779.47980265018  5.049473E-15
6782.25615756575  4.997204E-15
6785.03251248133  4.688480E-15
6787.80886739691  4.817265E-15
6790.58522231249  4.895933E-15
6793.36157722807  4.942139E-15
6796.13793214365  4.921441E-15
6798.91428705923  4.877652E-15
6801.69064197481  4.936433E-15
6804.46699689039  4.772781E-15
6807.24335180597  4.686959E-15
6810.01970672155  5.070810E-15
6812.79606163713  5.099068E-15
6815.57241655271  4.849643E-15
6818.34877146829  5.018046E-15
6821.12512638387  5.208511E-15
6823.90148129945  4.993667E-15
6826.67783621503  4.712100E-15
6829.45419113061  5.001410E-15
6832.23054604619  4.976670E-15
6835.00690096177  5.099232E-15
6837.78325587735  5.050694E-15
6840.55961079293  4.710022E-15
6843.33596570851  4.780945E-15
6846.11232062409  4.682572E-15
6848.88867553967  4.933058E-15
6851.66503045524  5.028072E-15
6854.44138537082  4.725396E-15
6857.21774028641  4.538737E-15
6859.99409520199  4.538783E-15
6862.77045011756  4.457762E-15
6865.54680503314  4.410775E-15
6868.32315994872  4.560314E-15
6871.0995148643  4.670866E-15
6873.87586977988  4.753194E-15
6876.65222469546  4.588956E-15
6879.42857961104  4.384221E-15
6882.20493452662  4.840796E-15
6884.9812894422  4.987042E-15
6887.75764435778  4.856637E-15
6890.53399927336  4.705011E-15
6893.31035418894  4.515471E-15
6896.08670910452  4.549807E-15
6898.8630640201  4.523893E-15
6901.63941893568  5.013685E-15
6904.41577385126  4.856522E-15
6907.19212876684  4.754862E-15
6909.96848368242  4.703601E-15
6912.744838598  4.906746E-15
6915.52119351358  4.984168E-15
6918.29754842916  5.057385E-15
6921.07390334474  4.864833E-15
6923.85025826032  4.877620E-15
6926.6266131759  4.794438E-15
6929.40296809148  4.631133E-15
6932.17932300706  5.071988E-15
6934.95567792264  4.855242E-15
6937.73203283822  4.799686E-15
6940.5083877538  4.586210E-15
6943.28474266938  4.486182E-15
6946.06109758495  4.476711E-15
6948.83745250054  4.696007E-15
6951.61380741612  5.064069E-15
6954.39016233169  4.897215E-15
6957.16651724727  4.589186E-15
6959.94287216285  4.594332E-15
6962.71922707843  4.558315E-15
6965.49558199401  4.491321E-15
6968.27193690959  4.594756E-15
6971.04829182517  4.576564E-15
6973.82464674075  4.557886E-15
6976.60100165633  4.764827E-15
6979.37735657191  4.456325E-15
6982.15371148749  4.509992E-15
6984.93006640307  4.585446E-15
6987.70642131865  4.754513E-15
6990.48277623423  4.690252E-15
6993.25913114981  4.579403E-15
6996.03548606539  4.497806E-15
6998.81184098097  4.513234E-15
7001.58819589655  4.337803E-15
7004.36455081213  4.215098E-15
7007.14090572771  4.586315E-15
7009.91726064329  4.591570E-15
7012.69361555887  4.383319E-15
7015.46997047445  4.381186E-15
7018.24632539003  4.457854E-15
7021.02268030561  4.293368E-15
7023.79903522119  4.586046E-15
7026.57539013677  4.687178E-15
7029.35174505235  4.529002E-15
7032.12809996793  4.481093E-15
7034.90445488351  4.338950E-15
7037.68080979909  4.571152E-15
7040.45716471466  4.454314E-15
7043.23351963024  4.136374E-15
7046.00987454583  4.225540E-15
7048.7862294614  4.380669E-15
7051.56258437698  4.439658E-15
7054.33893929256  4.754741E-15
7057.11529420814  4.731447E-15
7059.89164912372  4.565987E-15
7062.6680040393  4.741478E-15
7065.44435895488  4.967245E-15
7068.22071387046  4.793431E-15
7070.99706878604  4.960511E-15
7073.77342370162  4.889279E-15
7076.5497786172  4.418400E-15
7079.32613353278  4.405757E-15
7082.10248844836  4.298992E-15
7084.87884336394  4.375999E-15
7087.65519827952  4.647332E-15
7090.4315531951  4.545199E-15
7093.20790811068  4.471701E-15
7095.98426302626  4.367781E-15
7098.76061794184  4.288042E-15
7101.53697285742  4.474447E-15
7104.313327773  4.380075E-15
7107.08968268858  4.303473E-15
7109.86603760416  4.521974E-15
7112.64239251974  4.627673E-15
7115.41874743532  4.647696E-15
7118.1951023509  4.532220E-15
7120.97145726648  4.290573E-15
7123.74781218206  4.030258E-15
7126.52416709764  4.070303E-15
7129.30052201322  4.368257E-15
7132.0768769288  4.461367E-15
7134.85323184437  4.554525E-15
7137.62958675996  4.368027E-15
7140.40594167553  4.478954E-15
7143.18229659112  4.466634E-15
7145.95865150669  4.116154E-15
7148.73500642227  4.213592E-15
7151.51136133785  4.348504E-15
7154.28771625343  4.147850E-15
7157.06407116901  4.258939E-15
7159.84042608459  4.223988E-15
7162.61678100017  4.209332E-15
7165.39313591575  4.526906E-15
7168.16949083133  4.277674E-15
7170.94584574691  3.863974E-15
7173.72220066249  4.104903E-15
7176.49855557807  4.468375E-15
7179.27491049365  3.994096E-15
7182.05126540923  4.082684E-15
7184.82762032481  4.013902E-15
7187.60397524039  3.921754E-15
7190.38033015597  3.822025E-15
7193.15668507155  3.952303E-15
7195.93303998713  3.672840E-15
7198.70939490271  3.832035E-15
7201.48574981829  4.079896E-15
7204.26210473387  3.841237E-15
7207.03845964945  3.983669E-15
7209.81481456503  4.312192E-15
7212.59116948061  3.927029E-15
7215.36752439619  4.095138E-15
7218.14387931177  4.345314E-15
7220.92023422735  4.284103E-15
7223.69658914293  4.465953E-15
7226.47294405851  4.286694E-15
7229.24929897409  3.910346E-15
7232.02565388966  3.989714E-15
7234.80200880524  4.093839E-15
7237.57836372083  4.157020E-15
7240.3547186364  4.301778E-15
7243.13107355198  4.265246E-15
7245.90742846756  4.336274E-15
7248.68378338314  4.201269E-15
7251.46013829872  3.856092E-15
7254.2364932143  4.163712E-15
7257.01284812988  4.300711E-15
7259.78920304546  4.155913E-15
7262.56555796104  4.085879E-15
7265.34191287662  4.010738E-15
7268.1182677922  4.320048E-15
7270.89462270778  4.174743E-15
7273.67097762336  3.828101E-15
7276.44733253894  3.702235E-15
7279.22368745452  3.666619E-15
7282.0000423701  3.957244E-15
7284.77639728568  4.183649E-15
7287.55275220126  3.813128E-15
7290.32910711684  3.776757E-15
7293.10546203242  4.116319E-15
7295.881816948  3.864365E-15
7298.65817186358  3.805273E-15
7301.43452677916  3.995173E-15
7304.21088169474  3.817472E-15
7306.98723661032  3.724890E-15
7309.7635915259  3.792724E-15
7312.53994644148  3.757234E-15
7315.31630135706  3.828272E-15
7318.09265627264  3.747713E-15
7320.86901118822  3.697763E-15
7323.6453661038  4.071296E-15
7326.42172101938  3.934176E-15
7329.19807593495  3.984943E-15
7331.97443085053  3.971797E-15
7334.75078576611  3.754487E-15
7337.52714068169  3.689411E-15
7340.30349559727  3.973692E-15
7343.07985051285  4.057137E-15
7345.85620542843  4.007847E-15
7348.63256034401  4.022027E-15
7351.40891525959  3.767127E-15
7354.18527017517  3.811988E-15
7356.96162509075  3.929191E-15
7359.73798000633  3.631924E-15
7362.51433492191  3.980182E-15
7365.29068983749  4.202711E-15
7368.06704475307  4.258543E-15
7370.84339966865  4.004841E-15
7373.61975458423  3.903924E-15
7376.39610949981  3.855529E-15
7379.17246441539  4.053481E-15
7381.94881933097  4.109173E-15
7384.72517424655  3.934395E-15
7387.50152916213  3.655282E-15
7390.27788407771  3.905250E-15
7393.05423899329  3.835758E-15
7395.83059390887  3.489208E-15
7398.60694882445  3.948995E-15
7401.38330374003  3.994958E-15
7404.15965865561  3.760779E-15
7406.93601357119  3.834862E-15
7409.71236848677  3.787920E-15
7412.48872340235  3.876970E-15
7415.26507831793  3.947827E-15
7418.04143323351  3.865982E-15
7420.81778814909  3.701047E-15
7423.59414306466  3.767358E-15
7426.37049798024  3.731400E-15
7429.14685289582  3.980720E-15
7431.9232078114  4.101134E-15
7434.69956272698  3.837380E-15
7437.47591764256  3.846592E-15
7440.25227255814  3.578740E-15
7443.02862747372  3.560511E-15
7445.8049823893  4.083595E-15
7448.58133730488  3.868418E-15
7451.35769222046  3.462247E-15
7454.13404713604  3.483005E-15
7456.91040205162  3.752785E-15
7459.6867569672  3.747935E-15
7462.46311188278  3.687384E-15
7465.23946679836  3.573909E-15
7468.01582171394  3.603847E-15
7470.79217662952  3.822446E-15
7473.5685315451  3.626106E-15
7476.34488646068  3.433792E-15
7479.12124137626  3.424476E-15
7481.89759629184  3.771238E-15
7484.67395120742  3.726231E-15
7487.450306123  3.775959E-15
7490.22666103858  3.423866E-15
7493.00301595416  3.392919E-15
7495.77937086974  3.526132E-15
7498.55572578532  3.452518E-15
7501.3320807009  3.753810E-15
7504.10843561648  3.584489E-15
7506.88479053206  3.662956E-15
7509.66114544764  3.901103E-15
7512.43750036321  3.509143E-15
7515.2138552788  3.628972E-15
7517.99021019437  3.921885E-15
7520.76656510995  3.496501E-15
7523.54292002553  3.501663E-15
7526.31927494111  3.741518E-15
7529.09562985669  3.682366E-15
7531.87198477227  3.771897E-15
7534.64833968785  3.657899E-15
7537.42469460343  3.959496E-15
7540.20104951901  3.748675E-15
7542.97740443459  3.963127E-15
7545.75375935017  4.001620E-15
7548.53011426575  3.916347E-15
7551.30646918133  3.720485E-15
7554.08282409691  3.845454E-15
7556.85917901249  4.182519E-15
7559.63553392807  3.912095E-15
7562.41188884365  3.958815E-15
7565.18824375923  3.981679E-15
7567.96459867481  3.784854E-15
7570.74095359039  3.701835E-15
7573.51730850597  3.705791E-15
7576.29366342155  3.549229E-15
7579.07001833713  3.508710E-15
7581.84637325271  3.632411E-15
7584.62272816829  3.472495E-15
7587.39908308387  3.470598E-15
7590.17543799945  3.685585E-15
7592.95179291503  3.281006E-15
7595.72814783061  3.220564E-15
7598.50450274619  3.492794E-15
7601.28085766177  3.323739E-15
7604.05721257735  3.702656E-15
7606.83356749292  3.681920E-15
7609.60992240851  2.950133E-15
7612.38627732408  3.483930E-15
7615.16263223967  3.340457E-15
7617.93898715524  3.447588E-15
7620.71534207082  3.554296E-15
7623.4916969864  3.247382E-15
7626.26805190198  3.143731E-15
7629.04440681756  3.076153E-15
7631.82076173314  3.151245E-15
7634.59711664872  3.163311E-15
7637.3734715643  3.340963E-15
7640.14982647988  3.645371E-15
7642.92618139546  3.370323E-15
7645.70253631104  3.272689E-15
7648.47889122662  3.350034E-15
7651.2552461422  3.519699E-15
7654.03160105778  3.305889E-15
7656.80795597336  3.230060E-15
7659.58431088894  3.084776E-15
7662.36066580452  3.070784E-15
7665.1370207201  3.389121E-15
7667.91337563568  3.355725E-15
7670.68973055126  3.256422E-15
7673.46608546684  3.471822E-15
7676.24244038242  3.476545E-15
7679.018795298  3.295626E-15
7681.79515021358  3.358961E-15
7684.57150512916  3.361731E-15
7687.34786004474  3.379918E-15
7690.12421496032  3.353769E-15
7692.9005698759  3.353730E-15
7695.67692479148  3.309240E-15
7698.45327970706  3.295985E-15
7701.22963462264  3.478174E-15
7704.00598953821  2.968024E-15
7706.78234445379  3.159106E-15
7709.55869936937  3.249309E-15
7712.33505428495  3.194793E-15
7715.11140920053  3.464137E-15
7717.88776411611  3.010111E-15
7720.66411903169  3.288370E-15
7723.44047394727  2.870362E-15
7726.21682886285  3.177996E-15
7728.99318377843  3.177576E-15
7731.76953869401  3.069415E-15
7734.54589360959  3.362975E-15
7737.32224852517  3.232627E-15
7740.09860344075  3.377456E-15
7742.87495835633  3.538360E-15
7745.65131327191  3.311410E-15
7748.42766818749  3.419898E-15
7751.20402310307  3.578004E-15
7753.98037801865  3.427962E-15
7756.75673293423  3.235456E-15
7759.53308784981  3.251914E-15
7762.30944276539  3.215202E-15
7765.08579768097  3.202317E-15
7767.86215259655  3.464134E-15
7770.63850751213  3.230227E-15
7773.41486242771  3.298619E-15
7776.19121734329  3.282490E-15
7778.96757225887  3.268081E-15
7781.74392717445  3.166906E-15
7784.52028209003  3.346600E-15
7787.29663700561  3.167549E-15
7790.07299192119  3.224843E-15
7792.84934683677  3.365185E-15
7795.62570175234  3.206268E-15
7798.40205666793  3.421206E-15
7801.1784115835  3.449479E-15
7803.95476649909  3.366564E-15
7806.73112141466  3.667056E-15
7809.50747633024  3.446138E-15
7812.28383124582  3.321406E-15
7815.0601861614  3.271493E-15
7817.83654107698  3.197199E-15
7820.61289599256  3.237329E-15
7823.38925090814  3.260544E-15
7826.16560582372  3.514056E-15
7828.9419607393  3.284211E-15
7831.71831565488  3.096262E-15
7834.49467057046  3.381753E-15
7837.27102548604  3.343978E-15
7840.04738040162  3.521807E-15
7842.8237353172  3.511295E-15
7845.60009023278  3.443610E-15
7848.37644514836  3.607860E-15
7851.15280006394  3.689809E-15
7853.92915497952  3.302092E-15
7856.7055098951  3.204213E-15
7859.48186481068  3.584300E-15
7862.25821972626  3.405666E-15
7865.03457464184  3.393757E-15
7867.81092955742  3.487640E-15
7870.587284473  3.098950E-15
7873.36363938858  3.257567E-15
7876.13999430416  3.227429E-15
7878.91634921974  3.358431E-15
7881.69270413532  3.502644E-15
7884.4690590509  3.273866E-15
7887.24541396648  3.352334E-15
7890.02176888206  3.242231E-15
7892.79812379764  3.177695E-15
7895.57447871321  3.303978E-15
7898.3508336288  3.001109E-15
7901.12718854437  3.157581E-15
7903.90354345995  3.264652E-15
7906.67989837553  2.887681E-15
7909.45625329111  3.020895E-15
7912.23260820669  3.258715E-15
7915.00896312227  3.140879E-15
7917.78531803785  3.120520E-15
7920.56167295343  3.306684E-15
7923.33802786901  3.423903E-15
7926.11438278459  2.887621E-15
7928.89073770017  2.926655E-15
7931.66709261575  3.292680E-15
7934.44344753133  3.269858E-15
7937.21980244691  2.685594E-15
7939.99615736249  3.168296E-15
7942.77251227807  3.153221E-15
7945.54886719365  2.781037E-15
7948.32522210923  3.163075E-15
7951.10157702481  3.161835E-15
7953.87793194039  3.125328E-15
7956.65428685597  3.187189E-15
7959.43064177155  3.191009E-15
7962.20699668713  3.130951E-15
7964.98335160271  2.848817E-15
7967.75970651829  2.826495E-15
7970.53606143387  3.038324E-15
7973.31241634945  3.242491E-15
7976.08877126503  3.084617E-15
7978.86512618061  3.056813E-15
7981.64148109619  3.164865E-15
7984.41783601176  3.045820E-15
7987.19419092735  2.834517E-15
7989.97054584292  2.888099E-15
7992.74690075851  3.088216E-15
7995.52325567408  3.099707E-15
7998.29961058966  2.896965E-15
8001.07596550524  2.921903E-15
8003.85232042082  2.975322E-15
8006.6286753364  2.941060E-15
8009.40503025198  3.082865E-15
8012.18138516756  3.227350E-15
8014.95774008314  3.336867E-15
8017.73409499872  3.252400E-15
8020.5104499143  2.919678E-15
8023.28680482988  2.858323E-15
8026.06315974546  2.938726E-15
8028.83951466104  3.174783E-15
8031.61586957662  3.296720E-15
8034.3922244922  3.377370E-15
8037.16857940778  2.975322E-15
8039.94493432336  3.223029E-15
8042.72128923894  3.300615E-15
8045.49764415452  2.869283E-15
8048.2739990701  2.873330E-15
8051.05035398568  2.883041E-15
8053.82670890126  3.177289E-15
8056.60306381684  3.065742E-15
8059.37941873242  3.056992E-15
8062.155773648  2.882945E-15
8064.93212856357  2.791101E-15
8067.70848347916  3.006812E-15
8070.48483839474  3.044222E-15
8073.26119331031  3.030929E-15
8076.03754822589  2.938799E-15
8078.81390314148  3.267097E-15
8081.59025805706  2.858659E-15
8084.36661297263  2.617206E-15
8087.14296788822  3.198483E-15
8089.91932280379  3.133376E-15
8092.69567771937  2.918334E-15
8095.47203263495  2.857320E-15
8098.24838755053  3.032027E-15
8101.02474246611  3.133076E-15
8103.80109738169  3.123249E-15
8106.57745229727  2.871840E-15
8109.35380721285  2.855073E-15
8112.13016212843  2.960279E-15
8114.90651704401  3.049659E-15
8117.68287195959  3.074967E-15
8120.45922687517  3.028272E-15
8123.23558179075  3.042767E-15
8126.01193670633  3.051432E-15
8128.78829162191  2.929755E-15
8131.56464653749  2.641542E-15
8134.34100145307  2.742144E-15
8137.11735636865  2.850585E-15
8139.89371128423  2.773573E-15
8142.67006619981  3.058587E-15
8145.44642111539  2.773730E-15
8148.22277603097  2.440395E-15
8150.99913094655  2.557165E-15
8153.77548586213  2.837158E-15
8156.55184077771  2.812192E-15
8159.32819569329  2.785758E-15
8162.10455060886  2.548540E-15
8164.88090552445  2.514852E-15
8167.65726044003  2.594179E-15
8170.43361535561  2.610329E-15
8173.20997027118  2.768849E-15
8175.98632518676  2.699305E-15
8178.76268010234  2.554955E-15
8181.53903501792  2.779429E-15
8184.3153899335  2.827793E-15
8187.09174484908  2.689864E-15
8189.86809976466  2.968905E-15
8192.64445468024  2.740136E-15
8195.42080959582  2.982603E-15
8198.1971645114  2.638249E-15
8200.97351942698  2.526201E-15
8203.74987434256  2.654194E-15
8206.52622925814  2.823788E-15
8209.30258417372  2.828579E-15
8212.0789390893  2.995966E-15
8214.85529400488  2.860503E-15
8217.63164892046  2.780323E-15
8220.40800383604  2.893760E-15
8223.18435875162  2.817007E-15
8225.9607136672  2.724135E-15
8228.73706858278  2.718093E-15
8231.51342349836  2.444598E-15
8234.28977841394  2.365641E-15
8237.06613332952  2.978130E-15
8239.8424882451  2.886387E-15
8242.61884316068  3.096300E-15
8245.39519807626  2.940403E-15
8248.17155299184  3.194415E-15
8250.94790790742  3.008596E-15
8253.724262823  2.878299E-15
8256.50061773858  3.030501E-15
8259.27697265415  3.027817E-15
8262.05332756974  3.002281E-15
8264.82968248532  3.019276E-15
8267.60603740089  2.970187E-15
8270.38239231647  2.907726E-15
8273.15874723205  3.029874E-15
8275.93510214764  2.803980E-15
8278.71145706321  2.896944E-15
8281.48781197879  3.185774E-15
8284.26416689437  2.731373E-15
8287.04052180995  3.007721E-15
8289.81687672553  2.969515E-15
8292.59323164111  2.458637E-15
8295.36958655669  2.500576E-15
8298.14594147227  2.897474E-15
8300.92229638785  2.545529E-15
8303.69865130343  2.628643E-15
8306.47500621901  3.019777E-15
8309.25136113459  2.641730E-15
8312.02771605017  2.486739E-15
8314.80407096575  2.545442E-15
8317.58042588133  2.805923E-15
8320.35678079691  2.709915E-15
8323.13313571249  2.758825E-15
8325.90949062807  2.853180E-15
8328.68584554365  2.819630E-15
8331.46220045923  3.037289E-15
8334.23855537481  3.074401E-15
8337.01491029039  2.861937E-15
8339.79126520597  2.962642E-15
8342.56762012155  3.334306E-15
8345.34397503712  2.817082E-15
8348.12032995271  2.916783E-15
8350.89668486829  2.884142E-15
8353.67303978387  2.958889E-15
8356.44939469944  2.881911E-15
8359.22574961502  2.715969E-15
8362.00210453061  2.563519E-15
8364.77845944619  2.825820E-15
8367.55481436176  2.966528E-15
8370.33116927734  2.617322E-15
8373.10752419292  2.757031E-15
8375.8838791085  2.980083E-15
8378.66023402408  3.029619E-15
8381.43658893966  2.958302E-15
8384.21294385524  2.606589E-15
8386.98929877082  2.555526E-15
8389.7656536864  2.710776E-15
8392.54200860198  2.729205E-15
8395.31836351756  2.629045E-15
8398.09471843314  2.683069E-15
8400.87107334872  3.118274E-15
8403.6474282643  2.746142E-15
8406.42378317988  2.964072E-15
8409.20013809546  3.066885E-15
8411.97649301104  3.144130E-15
8414.75284792662  2.827577E-15
8417.5292028422  2.796258E-15
8420.30555775778  2.918282E-15
8423.08191267336  3.074752E-15
8425.85826758894  3.016262E-15
8428.63462250452  2.553105E-15
8431.4109774201  2.466697E-15
8434.18733233568  2.628535E-15
8436.96368725126  2.566380E-15
8439.74004216684  2.801157E-15
8442.51639708242  2.943654E-15
8445.292751998  2.812719E-15
8448.06910691358  3.108725E-15
8450.84546182916  3.134833E-15
8453.62181674473  2.818243E-15
8456.39817166031  2.635478E-15
8459.1745265759  2.585156E-15
8461.95088149147  2.558250E-15
8464.72723640705  2.820018E-15
8467.50359132263  2.905674E-15
8470.27994623821  2.753484E-15
8473.05630115379  2.811501E-15
8475.83265606937  2.379944E-15
8478.60901098495  2.348264E-15
8481.38536590053  2.746228E-15
8484.16172081611  2.765530E-15
8486.93807573169  2.791858E-15
8489.71443064727  2.729075E-15
8492.49078556285  2.589628E-15
8495.26714047843  2.618973E-15
8498.04349539401  2.526753E-15
8500.81985030959  2.819545E-15
8503.59620522517  2.639288E-15
8506.37256014075  2.850935E-15
8509.14891505633  2.961317E-15
8511.92526997191  3.115562E-15
8514.70162488749  2.658739E-15
8517.47797980307  2.478201E-15
8520.25433471865  2.335045E-15
8523.03068963423  2.449463E-15
8525.80704454981  2.690589E-15
8528.58339946539  2.735911E-15
8531.35975438097  2.721215E-15
8534.13610929655  2.823833E-15
8536.91246421213  2.861147E-15
8539.6888191277  2.739331E-15
8542.46517404328  2.637084E-15
8545.24152895887  2.628379E-15
8548.01788387445  2.538427E-15
8550.79423879002  2.497292E-15
8553.5705937056  2.778359E-15
8556.34694862118  2.625785E-15
8559.12330353676  2.427643E-15
8561.89965845234  2.487563E-15
8564.67601336792  2.566255E-15
8567.4523682835  2.662373E-15
8570.22872319908  2.678050E-15
8573.00507811466  2.611260E-15
8575.78143303024  2.535446E-15
8578.55778794582  2.869417E-15
8581.3341428614  2.820840E-15
8584.11049777698  2.582200E-15
8586.88685269256  2.749409E-15
8589.66320760814  2.533192E-15
8592.43956252372  2.317386E-15
8595.2159174393  2.785451E-15
8597.99227235488  2.838925E-15
8600.76862727046  2.656328E-15
8603.54498218604  2.895401E-15
8606.32133710162  2.603178E-15
8609.0976920172  2.480863E-15
8611.87404693278  2.761441E-15
8614.65040184836  2.849618E-15
8617.42675676394  2.541746E-15
8620.20311167952  2.595513E-15
8622.97946659509  2.519639E-15
8625.75582151068  2.607350E-15
8628.53217642626  2.339581E-15
8631.30853134184  2.424508E-15
8634.08488625742  2.421563E-15
8636.861241173  2.716775E-15
8639.63759608857  2.816100E-15
8642.41395100416  2.535698E-15
8645.19030591974  2.475489E-15
8647.96666083531  2.514421E-15
8650.74301575089  2.434067E-15
8653.51937066647  2.434582E-15
8656.29572558205  2.561298E-15
8659.07208049763  2.372785E-15
8661.84843541321  2.661899E-15
8664.62479032879  2.477065E-15
8667.40114524437  2.606701E-15
8670.17750015995  2.359266E-15
8672.95385507553  2.349662E-15
8675.73020999111  2.445307E-15
8678.50656490669  2.372597E-15
8681.28291982227  2.160024E-15
8684.05927473785  2.421832E-15
8686.83562965343  2.845133E-15
8689.61198456901  2.743856E-15
8692.38833948459  2.430642E-15
8695.16469440017  2.782563E-15
8697.94104931575  2.750639E-15
8700.71740423133  2.237223E-15
8703.49375914691  2.467921E-15
8706.27011406249  2.526186E-15
8709.04646897807  2.168826E-15
8711.82282389365  2.304906E-15
8714.59917880923  2.712817E-15
8717.37553372481  2.716945E-15
8720.15188864039  2.419866E-15
8722.92824355597  2.342146E-15
8725.70459847155  2.355346E-15
8728.48095338713  2.492264E-15
8731.25730830271  2.431487E-15
8734.03366321828  2.358901E-15
8736.81001813386  2.354554E-15
8739.58637304945  2.688547E-15
8742.36272796502  2.649710E-15
8745.1390828806  2.397443E-15
8747.91543779618  2.360817E-15
8750.69179271176  2.522543E-15
8753.46814762734  2.337704E-15
8756.24450254292  2.324940E-15
8759.0208574585  2.706445E-15
8761.79721237408  2.508078E-15
8764.57356728966  2.350518E-15
8767.34992220524  2.255305E-15
8770.12627712082  2.844420E-15
8772.9026320364  2.694735E-15
8775.67898695198  2.489444E-15
8778.45534186756  2.515919E-15
8781.23169678314  2.463588E-15
8784.00805169872  2.225638E-15
8786.7844066143  2.186160E-15
8789.56076152988  2.621210E-15
8792.33711644546  2.689965E-15
8795.11347136104  2.331377E-15
8797.88982627662  1.915159E-15
8800.6661811922  2.077895E-15
8803.44253610778  2.345161E-15
8806.21889102336  2.323693E-15
8808.99524593894  2.296420E-15
8811.77160085452  2.310995E-15
8814.5479557701  2.306134E-15
8817.32431068567  2.107377E-15
8820.10066560126  2.119059E-15
8822.87702051683  2.250674E-15
8825.65337543242  2.122834E-15
8828.429730348  2.276732E-15
8831.20608526358  2.240341E-15
