3861.5307863759  1.211822E-14
3864.30714129148  1.269823E-14
3867.08349620706  1.317038E-14
3869.85985112264  1.136317E-14
3872.63620603822  1.255549E-14
3875.4125609538  1.066963E-14
3878.18891586938  1.006471E-14
3880.96527078496  1.133527E-14
3883.74162570054  9.836074E-15
3886.51798061612  9.232080E-15
3889.2943355317  8.304772E-15
3892.07069044728  9.992230E-15
3894.84704536286  7.917734E-15
3897.62340027844  1.071582E-14
3900.39975519402  1.041056E-14
3903.1761101096  1.201174E-14
3905.95246502518  1.244694E-14
3908.72881994076  1.035740E-14
3911.50517485634  1.379714E-14
3914.28152977192  1.004563E-14
3917.0578846875  9.917722E-15
3919.83423960308  1.123537E-14
3922.61059451866  1.069650E-14
3925.38694943424  9.494458E-15
3928.16330434982  8.469869E-15
3930.9396592654  9.653877E-15
3933.71601418098  9.201132E-15
3936.49236909656  9.714267E-15
3939.26872401214  1.108142E-14
3942.04507892772  1.035845E-14
3944.82143384329  9.863058E-15
3947.59778875887  9.976586E-15
3950.37414367445  1.145350E-14
3953.15049859003  8.963731E-15
3955.92685350561  8.489362E-15
3958.70320842119  8.064134E-15
3961.47956333677  8.660177E-15
3964.25591825235  1.010591E-14
3967.03227316793  8.877347E-15
3969.80862808351  9.084429E-15
3972.58498299909  7.603756E-15
3975.36133791467  8.613404E-15
3978.13769283025  1.049730E-14
3980.91404774583  9.599939E-15
3983.69040266141  9.754795E-15
3986.46675757699  1.032508E-14
3989.24311249257  1.052168E-14
3992.01946740815  1.044028E-14
3994.79582232373  1.015924E-14
3997.57217723931  1.024062E-14
4000.34853215489  1.049961E-14
4003.12488707047  9.820580E-15
4005.90124198605  8.879684E-15
4008.67759690163  1.058962E-14
4011.45395181721  9.510316E-15
4014.23030673279  8.994207E-15
4017.00666164837  9.525402E-15
4019.78301656395  8.400503E-15
4022.55937147953  8.847365E-15
4025.33572639511  8.259331E-15
4028.11208131069  9.114883E-15
4030.88843622627  8.947549E-15
4033.66479114185  9.079959E-15
4036.44114605743  9.006454E-15
4039.21750097301  1.034103E-14
4041.99385588858  9.825199E-15
4044.77021080416  9.320337E-15
4047.54656571974  9.843056E-15
4050.32292063532  9.711971E-15
4053.0992755509  9.017076E-15
4055.87563046648  9.812909E-15
4058.65198538206  1.044102E-14
4061.42834029764  1.043885E-14
4064.20469521322  8.768808E-15
4066.9810501288  9.397442E-15
4069.75740504438  1.036786E-14
4072.53375995996  9.612119E-15
4075.31011487554  9.238631E-15
4078.08646979112  1.005442E-14
4080.8628247067  9.806331E-15
4083.63917962228  9.747686E-15
4086.41553453786  1.108068E-14
4089.19188945344  1.053595E-14
4091.96824436902  9.160160E-15
4094.7445992846  8.821772E-15
4097.52095420018  9.345571E-15
4100.29730911576  9.032327E-15
4103.07366403134  8.359405E-15
4105.85001894692  8.196765E-15
4108.6263738625  7.977797E-15
4111.40272877808  9.318900E-15
4114.17908369366  9.220399E-15
4116.95543860924  9.007290E-15
4119.73179352482  9.666396E-15
4122.5081484404  9.592397E-15
4125.28450335598  9.326216E-15
4128.06085827156  1.036234E-14
4130.83721318714  9.937404E-15
4133.61356810271  9.555131E-15
4136.38992301829  8.777426E-15
4139.16627793387  9.642847E-15
4141.94263284945  9.471031E-15
4144.71898776503  1.022305E-14
4147.49534268061  1.005391E-14
4150.27169759619  9.821926E-15
4153.04805251177  8.925092E-15
4155.82440742735  9.649019E-15
4158.60076234293  1.007348E-14
4161.37711725851  9.977670E-15
4164.15347217409  1.017170E-14
4166.92982708967  9.271655E-15
4169.70618200525  1.092502E-14
4172.48253692083  1.114046E-14
4175.25889183641  9.207061E-15
4178.03524675199  1.005127E-14
4180.81160166757  8.699454E-15
4183.58795658315  8.407664E-15
4186.36431149873  9.329655E-15
4189.14066641431  9.689875E-15
4191.91702132989  1.048652E-14
4194.69337624547  1.090767E-14
4197.46973116105  8.712731E-15
4200.24608607663  9.736426E-15
4203.02244099221  9.584257E-15
4205.79879590779  1.033293E-14
4208.57515082337  1.033828E-14
4211.35150573895  9.230427E-15
4214.12786065453  1.014536E-14
4216.90421557011  9.381108E-15
4219.68057048569  9.463731E-15
4222.45692540127  1.121812E-14
4225.23328031684  1.026958E-14
4228.00963523242  9.486985E-15
4230.785990148  1.040036E-14
4233.56234506358  1.081258E-14
4236.33869997916  9.562850E-15
4239.11505489474  1.072518E-14
4241.89140981032  1.008585E-14
4244.6677647259  8.753726E-15
4247.44411964148  9.014478E-15
4250.22047455706  9.800358E-15
4252.99682947264  1.039828E-14
4255.77318438822  9.931366E-15
4258.5495393038  9.141062E-15
4261.32589421938  9.100423E-15
4264.10224913496  9.527926E-15
4266.87860405054  9.589529E-15
4269.65495896612  8.878233E-15
4272.4313138817  8.535903E-15
4275.20766879728  9.563950E-15
4277.98402371286  1.017599E-14
4280.76037862844  9.528084E-15
4283.53673354402  9.750643E-15
4286.3130884596  9.702525E-15
4289.08944337518  9.660106E-15
4291.86579829076  9.745025E-15
4294.64215320634  9.447084E-15
4297.41850812192  9.375918E-15
4300.1948630375  9.114385E-15
4302.97121795308  9.974557E-15
4305.74757286866  9.888103E-15
4308.52392778424  9.274595E-15
4311.30028269982  9.475090E-15
4314.0766376154  8.892696E-15
4316.85299253098  9.312448E-15
4319.62934744656  9.212784E-15
4322.40570236213  9.037582E-15
4325.18205727771  8.573562E-15
4327.95841219329  9.280150E-15
4330.73476710887  8.716903E-15
4333.51112202445  8.211596E-15
4336.28747694003  8.103689E-15
4339.06383185561  8.570292E-15
4341.84018677119  8.691907E-15
4344.61654168677  8.538667E-15
4347.39289660235  8.336423E-15
4350.16925151793  8.690256E-15
4352.94560643351  7.971086E-15
4355.72196134909  8.534073E-15
4358.49831626467  9.001382E-15
4361.27467118025  9.047402E-15
4364.05102609583  9.766304E-15
4366.82738101141  9.043268E-15
4369.60373592699  8.931114E-15
4372.38009084257  9.505184E-15
4375.15644575815  9.724579E-15
4377.93280067373  9.377894E-15
4380.70915558931  1.033470E-14
4383.48551050489  9.198660E-15
4386.26186542047  9.528463E-15
4389.03822033605  9.759176E-15
4391.81457525163  9.555361E-15
4394.59093016721  9.339172E-15
4397.36728508279  9.543164E-15
4400.14363999837  9.719108E-15
4402.91999491395  8.771263E-15
4405.69634982953  9.218352E-15
4408.47270474511  9.151617E-15
4411.24905966069  9.626200E-15
4414.02541457626  9.360504E-15
4416.80176949185  9.408553E-15
4419.57812440742  9.584456E-15
4422.354479323  9.617782E-15
4425.13083423858  9.682639E-15
4427.90718915416  9.865477E-15
4430.68354406974  9.976524E-15
4433.45989898532  1.002650E-14
4436.2362539009  9.117981E-15
4439.01260881648  9.658914E-15
4441.78896373206  9.389022E-15
4444.56531864764  8.981017E-15
4447.34167356322  1.017418E-14
4450.1180284788  9.940124E-15
4452.89438339438  9.003262E-15
4455.67073830996  9.150167E-15
4458.44709322554  9.818910E-15
4461.22344814112  9.802096E-15
4463.9998030567  9.219830E-15
4466.77615797228  8.341994E-15
4469.55251288786  8.237303E-15
4472.32886780344  8.644842E-15
4475.10522271902  8.319778E-15
4477.8815776346  8.239628E-15
4480.65793255018  9.376525E-15
4483.43428746576  9.865165E-15
4486.21064238134  9.763475E-15
4488.98699729692  9.413981E-15
4491.7633522125  9.738580E-15
4494.53970712808  9.717449E-15
4497.31606204366  9.321282E-15
4500.09241695924  8.319901E-15
4502.86877187482  8.828690E-15
4505.64512679039  9.949008E-15
4508.42148170598  1.012388E-14
4511.19783662155  9.553362E-15
4513.97419153713  9.300606E-15
4516.75054645271  9.600367E-15
4519.52690136829  9.259087E-15
4522.30325628387  9.527833E-15
4525.07961119945  9.561666E-15
4527.85596611503  9.969422E-15
4530.63232103061  9.773313E-15
4533.40867594619  9.630029E-15
4536.18503086177  9.180904E-15
4538.96138577735  1.021433E-14
4541.73774069293  9.533036E-15
4544.51409560851  1.021805E-14
4547.29045052409  1.002139E-14
4550.06680543967  9.979745E-15
4552.84316035525  1.002556E-14
4555.61951527083  9.307672E-15
4558.39587018641  9.601345E-15
4561.17222510199  9.548823E-15
4563.94858001757  9.615715E-15
4566.72493493315  1.002107E-14
4569.50128984873  9.314003E-15
4572.27764476431  8.745478E-15
4575.05399967989  9.407843E-15
4577.83035459547  9.136056E-15
4580.60670951105  9.688820E-15
4583.38306442663  9.441372E-15
4586.15941934221  9.624404E-15
4588.93577425779  9.606772E-15
4591.71212917337  9.452856E-15
4594.48848408895  9.087288E-15
4597.26483900453  9.279612E-15
4600.0411939201  9.711500E-15
4602.81754883568  1.054805E-14
4605.59390375127  1.002638E-14
4608.37025866684  9.171895E-15
4611.14661358242  9.527954E-15
4613.922968498  9.613061E-15
4616.69932341358  9.768258E-15
4619.47567832916  9.678076E-15
4622.25203324474  9.891070E-15
4625.02838816032  9.892875E-15
4627.8047430759  9.909199E-15
4630.58109799148  9.913353E-15
4633.35745290706  9.812735E-15
4636.13380782264  9.757624E-15
4638.91016273822  1.009712E-14
4641.6865176538  9.795960E-15
4644.46287256938  1.079123E-14
4647.23922748496  1.010648E-14
4650.01558240054  1.034650E-14
4652.79193731612  1.013358E-14
4655.5682922317  9.350132E-15
4658.34464714728  9.899779E-15
4661.12100206286  1.042804E-14
4663.89735697844  1.041402E-14
4666.67371189402  1.097964E-14
4669.4500668096  1.010527E-14
4672.22642172518  1.060273E-14
4675.00277664076  1.053465E-14
4677.77913155634  9.842933E-15
4680.55548647192  9.842535E-15
4683.3318413875  9.723748E-15
4686.10819630308  1.042108E-14
4688.88455121866  1.043787E-14
4691.66090613424  1.031844E-14
4694.43726104982  1.030671E-14
4697.21361596539  1.054627E-14
4699.98997088097  1.026999E-14
4702.76632579655  1.000573E-14
4705.54268071213  1.004582E-14
4708.31903562771  9.721963E-15
4711.09539054329  9.308779E-15
4713.87174545887  8.921679E-15
4716.64810037445  9.221370E-15
4719.42445529003  9.216725E-15
4722.20081020561  9.807408E-15
4724.97716512119  9.723536E-15
4727.75352003677  9.310571E-15
4730.52987495235  9.957775E-15
4733.30622986793  9.680880E-15
4736.08258478351  9.468894E-15
4738.85893969909  1.001649E-14
4741.63529461467  9.830110E-15
4744.41164953025  9.022798E-15
4747.18800444583  9.429461E-15
4749.96435936141  1.026164E-14
4752.74071427699  9.833122E-15
4755.51706919257  9.331464E-15
4758.29342410815  9.541731E-15
4761.06977902373  9.734054E-15
4763.84613393931  9.493068E-15
4766.62248885489  8.815434E-15
4769.39884377047  9.193328E-15
4772.17519868605  9.408031E-15
4774.95155360163  9.837401E-15
4777.72790851721  9.352784E-15
4780.50426343279  9.786905E-15
4783.28061834837  9.886254E-15
4786.05697326394  9.260998E-15
4788.83332817953  9.382008E-15
4791.6096830951  9.566561E-15
4794.38603801068  9.429228E-15
4797.16239292626  9.031101E-15
4799.93874784184  9.210096E-15
4802.71510275742  9.927707E-15
4805.491457673  1.002642E-14
4808.26781258858  9.791132E-15
4811.04416750416  9.393723E-15
4813.82052241974  9.867498E-15
4816.59687733532  9.440071E-15
4819.3732322509  9.496421E-15
4822.14958716648  9.324012E-15
4824.92594208206  9.628013E-15
4827.70229699764  9.462197E-15
4830.47865191322  9.271120E-15
4833.2550068288  9.828103E-15
4836.03136174438  9.167831E-15
4838.80771665996  9.044640E-15
4841.58407157554  9.081664E-15
4844.36042649112  9.595443E-15
4847.1367814067  9.210348E-15
4849.91313632228  8.764396E-15
4852.68949123786  9.109581E-15
4855.46584615344  9.358917E-15
4858.24220106902  9.159575E-15
4861.0185559846  8.776469E-15
4863.79491090018  8.392801E-15
4866.57126581576  9.705365E-15
4869.34762073134  1.006587E-14
4872.12397564692  9.946245E-15
4874.9003305625  9.594913E-15
4877.67668547807  9.412973E-15
4880.45304039366  9.638299E-15
4883.22939530923  9.023276E-15
4886.00575022481  9.400341E-15
4888.7821051404  9.023301E-15
4891.55846005597  9.028956E-15
4894.33481497155  9.054531E-15
4897.11116988713  9.308761E-15
4899.88752480271  9.494360E-15
4902.66387971829  9.570299E-15
4905.44023463387  9.280277E-15
4908.21658954945  9.626936E-15
4910.99294446503  9.421226E-15
4913.76929938061  9.240902E-15
4916.54565429619  9.019571E-15
4919.32200921177  8.753038E-15
4922.09836412735  9.178237E-15
4924.87471904293  9.265192E-15
4927.65107395851  9.319466E-15
4930.42742887409  9.258522E-15
4933.20378378967  9.183707E-15
4935.98013870525  9.385289E-15
4938.75649362083  8.642276E-15
4941.53284853641  8.927209E-15
4944.30920345199  9.846552E-15
4947.08555836757  9.941050E-15
4949.86191328315  9.422875E-15
4952.63826819873  9.354723E-15
4955.41462311431  9.275040E-15
4958.19097802989  8.906715E-15
4960.96733294547  8.881387E-15
4963.74368786104  8.905847E-15
4966.52004277663  9.284220E-15
4969.29639769221  9.414879E-15
4972.07275260778  8.954079E-15
4974.84910752337  9.365875E-15
4977.62546243894  9.850682E-15
4980.40181735452  8.561353E-15
4983.1781722701  8.945213E-15
4985.95452718569  9.533211E-15
4988.73088210126  9.389569E-15
4991.50723701684  9.412650E-15
4994.28359193242  9.006936E-15
4997.059946848  9.502570E-15
4999.83630176358  9.159556E-15
5002.61265667916  9.386040E-15
5005.38901159474  9.244722E-15
5008.16536651032  9.249463E-15
5010.9417214259  8.911334E-15
5013.71807634148  8.886423E-15
5016.49443125706  9.024890E-15
5019.27078617264  8.999786E-15
5022.04714108822  9.276270E-15
5024.8234960038  8.797883E-15
5027.59985091938  8.956237E-15
5030.37620583496  9.015357E-15
5033.15256075054  8.506317E-15
5035.92891566612  8.560633E-15
5038.7052705817  8.876527E-15
5041.48162549728  8.729689E-15
5044.25798041286  9.596475E-15
5047.03433532844  8.979245E-15
5049.81069024402  8.874512E-15
5052.5870451596  8.947721E-15
5055.36340007518  8.790475E-15
5058.13975499076  9.082750E-15
5060.91610990634  9.151526E-15
5063.69246482192  9.028082E-15
5066.4688197375  9.280784E-15
5069.24517465307  9.123908E-15
5072.02152956866  9.552306E-15
5074.79788448423  9.607097E-15
5077.57423939981  9.115974E-15
5080.3505943154  9.279315E-15
5083.12694923098  9.081570E-15
5085.90330414655  9.268998E-15
5088.67965906213  9.364051E-15
5091.45601397771  9.038264E-15
5094.23236889329  9.335180E-15
5097.00872380887  9.244634E-15
5099.78507872445  9.033034E-15
5102.56143364003  9.132959E-15
5105.33778855561  9.073598E-15
5108.11414347119  8.979268E-15
5110.89049838677  9.404260E-15
5113.66685330235  9.385787E-15
5116.44320821793  8.930245E-15
5119.21956313351  9.139144E-15
5121.99591804909  9.216854E-15
5124.77227296467  9.566381E-15
5127.54862788025  9.133555E-15
5130.32498279583  9.400274E-15
5133.10133771141  9.059543E-15
5135.87769262699  9.197503E-15
5138.65404754257  9.255806E-15
5141.43040245815  9.071548E-15
5144.20675737373  9.230347E-15
5146.98311228931  9.363066E-15
5149.75946720489  9.264019E-15
5152.53582212047  8.761449E-15
5155.31217703605  9.239523E-15
5158.08853195163  9.757099E-15
5160.86488686721  9.632775E-15
5163.64124178279  9.145984E-15
5166.41759669837  8.380981E-15
5169.19395161395  8.493604E-15
5171.97030652952  9.029669E-15
5174.74666144511  8.868421E-15
5177.52301636068  8.939282E-15
5180.29937127626  8.927084E-15
5183.07572619184  8.907581E-15
5185.85208110742  9.047864E-15
5188.628436023  8.205937E-15
5191.40479093858  8.971931E-15
5194.18114585416  9.051071E-15
5196.95750076974  8.563363E-15
5199.73385568532  9.504375E-15
5202.5102106009  8.897185E-15
5205.28656551648  9.012274E-15
5208.06292043206  8.855120E-15
5210.83927534764  8.754601E-15
5213.61563026322  8.887094E-15
5216.3919851788  8.861807E-15
5219.16834009438  8.950545E-15
5221.94469500996  9.733001E-15
5224.72104992554  9.044805E-15
5227.49740484112  8.746128E-15
5230.2737597567  8.887883E-15
5233.05011467228  9.107650E-15
5235.82646958786  9.779615E-15
5238.60282450344  9.073268E-15
5241.37917941902  8.942070E-15
5244.1555343346  8.531418E-15
5246.93188925018  9.016055E-15
5249.70824416576  8.742039E-15
5252.48459908134  8.419291E-15
5255.26095399692  9.088136E-15
5258.0373089125  9.071957E-15
5260.81366382808  8.828411E-15
5263.59001874365  8.052946E-15
5266.36637365923  8.114822E-15
5269.14272857481  8.543698E-15
5271.91908349039  9.084263E-15
5274.69543840597  8.841389E-15
5277.47179332155  8.440540E-15
5280.24814823713  8.808727E-15
5283.02450315271  8.102883E-15
5285.80085806829  8.038118E-15
5288.57721298387  8.714012E-15
5291.35356789945  8.283118E-15
5294.12992281503  8.727384E-15
5296.90627773061  8.606089E-15
5299.68263264619  8.642442E-15
5302.45898756177  8.743431E-15
5305.23534247735  8.727190E-15
5308.01169739293  8.584842E-15
5310.78805230851  8.534720E-15
5313.56440722409  9.090864E-15
5316.34076213967  8.653981E-15
5319.11711705525  8.326318E-15
5321.89347197083  8.184287E-15
5324.66982688641  8.779239E-15
5327.44618180199  8.469118E-15
5330.22253671757  8.348408E-15
5332.99889163315  8.222090E-15
5335.77524654873  8.235634E-15
5338.55160146431  8.330738E-15
5341.32795637989  8.427139E-15
5344.10431129547  8.414125E-15
5346.88066621105  8.879313E-15
5349.65702112662  8.496577E-15
5352.43337604221  8.401225E-15
5355.20973095778  8.535615E-15
5357.98608587337  8.037096E-15
5360.76244078894  8.181649E-15
5363.53879570452  8.641432E-15
5366.3151506201  8.333902E-15
5369.09150553568  8.531152E-15
5371.86786045126  8.769124E-15
5374.64421536684  8.451259E-15
5377.42057028242  8.258230E-15
5380.196925198  8.200362E-15
5382.97328011358  7.863207E-15
5385.74963502916  8.399113E-15
5388.52598994474  8.499389E-15
5391.30234486032  8.161459E-15
5394.0786997759  8.525810E-15
5396.85505469148  8.601999E-15
5399.63140960706  8.365484E-15
5402.40776452264  7.940715E-15
5405.18411943822  8.279961E-15
5407.9604743538  8.784450E-15
5410.73682926938  8.231417E-15
5413.51318418496  7.891211E-15
5416.28953910054  8.568045E-15
5419.06589401612  8.500321E-15
5421.8422489317  8.550549E-15
5424.61860384728  8.505545E-15
5427.39495876286  8.399815E-15
5430.17131367844  8.168297E-15
5432.94766859402  8.379604E-15
5435.7240235096  8.259532E-15
5438.50037842518  8.507462E-15
5441.27673334076  8.421169E-15
5444.05308825634  7.934944E-15
5446.82944317192  8.038286E-15
5449.6057980875  8.635664E-15
5452.38215300308  8.122522E-15
5455.15850791866  8.456962E-15
5457.93486283423  8.267741E-15
5460.71121774981  7.606413E-15
5463.48757266539  7.993377E-15
5466.26392758097  8.252226E-15
5469.04028249655  8.235224E-15
5471.81663741213  8.463927E-15
5474.59299232771  8.584568E-15
5477.36934724329  8.147272E-15
5480.14570215887  7.781656E-15
5482.92205707445  7.573571E-15
5485.69841199003  8.059429E-15
5488.47476690561  7.847364E-15
5491.25112182119  8.245615E-15
5494.02747673677  8.410792E-15
5496.80383165235  8.357495E-15
5499.58018656793  8.131436E-15
5502.35654148351  7.867734E-15
5505.13289639909  7.703009E-15
5507.90925131467  8.042943E-15
5510.68560623025  8.386366E-15
5513.46196114583  8.157328E-15
5516.23831606141  8.059167E-15
5519.01467097699  7.706832E-15
5521.79102589257  7.630276E-15
5524.56738080815  7.498479E-15
5527.34373572373  8.009420E-15
5530.12009063931  8.129753E-15
5532.89644555489  7.741353E-15
5535.67280047047  8.098750E-15
5538.44915538605  8.344654E-15
5541.22551030163  7.966198E-15
5544.0018652172  8.099257E-15
5546.77822013278  7.880756E-15
5549.55457504837  7.543392E-15
5552.33092996394  7.500870E-15
5555.10728487952  8.166778E-15
5557.8836397951  7.660101E-15
5560.65999471068  7.531199E-15
5563.43634962626  8.286248E-15
5566.21270454184  7.951485E-15
5568.98905945742  7.799804E-15
5571.765414373  8.004709E-15
5574.54176928858  7.569769E-15
5577.31812420416  7.230941E-15
5580.09447911974  7.774611E-15
5582.87083403532  7.978337E-15
5585.6471889509  8.057640E-15
5588.42354386648  8.459714E-15
5591.19989878206  8.246869E-15
5593.97625369764  7.831807E-15
5596.75260861322  7.743363E-15
5599.5289635288  7.452606E-15
5602.30531844438  7.677444E-15
5605.08167335996  7.614246E-15
5607.85802827554  7.917934E-15
5610.63438319112  8.376941E-15
5613.4107381067  7.875818E-15
5616.18709302228  7.563662E-15
5618.96344793786  7.808275E-15
5621.73980285344  7.962907E-15
5624.51615776902  7.883204E-15
5627.2925126846  7.885260E-15
5630.06886760018  7.688413E-15
5632.84522251576  7.771901E-15
5635.62157743134  7.629243E-15
5638.39793234691  8.001906E-15
5641.1742872625  7.509110E-15
5643.95064217807  7.504013E-15
5646.72699709365  7.921358E-15
5649.50335200923  7.746616E-15
5652.27970692482  7.629318E-15
5655.05606184039  7.761806E-15
5657.83241675597  7.429246E-15
5660.60877167155  7.498762E-15
5663.38512658713  7.733562E-15
5666.16148150271  7.504484E-15
5668.93783641829  7.626915E-15
5671.71419133387  7.894503E-15
5674.49054624945  7.887297E-15
5677.26690116503  7.533761E-15
5680.04325608061  7.699172E-15
5682.81961099619  7.337360E-15
5685.59596591177  7.427426E-15
5688.37232082735  7.564317E-15
5691.14867574293  7.729635E-15
5693.92503065851  7.540469E-15
5696.70138557409  7.338802E-15
5699.47774048967  7.598388E-15
5702.25409540525  7.528217E-15
5705.03045032083  7.470111E-15
5707.80680523641  7.574874E-15
5710.58316015199  7.458706E-15
5713.35951506757  7.362794E-15
5716.13586998315  7.025906E-15
5718.91222489873  7.387151E-15
5721.68857981431  7.312233E-15
5724.46493472989  7.253309E-15
5727.24128964546  7.264497E-15
5730.01764456105  7.071470E-15
5732.79399947663  7.493751E-15
5735.5703543922  7.223465E-15
5738.34670930778  7.210783E-15
5741.12306422336  7.697769E-15
5743.89941913894  7.753735E-15
5746.67577405452  7.271760E-15
5749.4521289701  7.546814E-15
5752.22848388568  7.354231E-15
5755.00483880126  7.017472E-15
5757.78119371684  6.974951E-15
5760.55754863242  7.444985E-15
5763.333903548  7.485080E-15
5766.11025846358  7.678813E-15
5768.88661337916  7.264479E-15
5771.66296829474  7.692518E-15
5774.43932321032  7.288973E-15
5777.2156781259  7.511849E-15
5779.99203304148  7.241275E-15
5782.76838795706  7.623222E-15
5785.54474287264  7.719709E-15
5788.32109778822  7.321560E-15
5791.0974527038  7.422893E-15
5793.87380761938  7.711742E-15
5796.65016253496  7.552463E-15
5799.42651745054  6.958781E-15
5802.20287236612  6.865088E-15
5804.9792272817  6.851251E-15
5807.75558219728  7.390759E-15
5810.53193711286  7.348162E-15
5813.30829202844  7.466302E-15
5816.08464694402  7.191057E-15
5818.8610018596  7.067909E-15
5821.63735677518  6.790659E-15
5824.41371169076  7.280711E-15
5827.19006660633  7.594560E-15
5829.96642152192  7.456656E-15
5832.74277643749  7.653933E-15
5835.51913135307  7.701523E-15
5838.29548626865  7.367933E-15
5841.07184118423  7.214561E-15
5843.84819609981  7.352920E-15
5846.62455101539  7.222270E-15
5849.40090593097  6.602836E-15
5852.17726084655  6.733624E-15
5854.95361576213  6.919908E-15
5857.72997067771  7.183667E-15
5860.50632559329  6.667180E-15
5863.28268050887  7.078742E-15
5866.05903542445  7.087779E-15
5868.83539034003  6.758648E-15
5871.61174525561  6.660050E-15
5874.38810017119  7.028232E-15
5877.16445508677  7.118082E-15
5879.94081000235  7.055263E-15
5882.71716491793  7.180485E-15
5885.49351983351  6.827069E-15
5888.26987474909  6.915484E-15
5891.04622966467  6.584799E-15
5893.82258458025  6.572716E-15
5896.59893949583  7.264104E-15
5899.37529441141  7.212953E-15
5902.15164932699  6.616062E-15
5904.92800424257  7.027632E-15
5907.70435915815  6.856305E-15
5910.48071407373  6.819342E-15
5913.25706898931  6.817108E-15
5916.03342390489  6.772279E-15
5918.80977882047  6.625631E-15
5921.58613373604  6.749883E-15
5924.36248865163  6.941529E-15
5927.1388435672  6.919834E-15
5929.91519848278  6.707156E-15
5932.69155339836  6.505828E-15
5935.46790831394  6.531650E-15
5938.24426322952  6.872046E-15
5941.0206181451  6.734759E-15
5943.79697306068  6.749909E-15
5946.57332797626  6.790470E-15
5949.34968289184  6.770458E-15
5952.12603780742  7.069616E-15
5954.902392723  6.662111E-15
5957.67874763858  6.722698E-15
5960.45510255416  6.927425E-15
5963.23145746974  6.953011E-15
5966.00781238532  6.687263E-15
5968.7841673009  6.601602E-15
5971.56052221648  6.740989E-15
5974.33687713206  6.533481E-15
5977.11323204764  6.691061E-15
5979.88958696322  6.715051E-15
5982.6659418788  6.519109E-15
5985.44229679438  6.651291E-15
5988.21865170996  6.774515E-15
5990.99500662554  6.793398E-15
5993.77136154112  6.980263E-15
5996.5477164567  6.788295E-15
5999.32407137228  6.351192E-15
6002.10042628786  6.602162E-15
6004.87678120344  6.618664E-15
6007.65313611902  6.391223E-15
6010.42949103459  6.694884E-15
6013.20584595018  6.709125E-15
6015.98220086575  6.580032E-15
6018.75855578134  6.640103E-15
6021.53491069691  6.608780E-15
6024.31126561249  6.811089E-15
6027.08762052807  6.956360E-15
6029.86397544365  6.921934E-15
6032.64033035923  6.819029E-15
6035.41668527481  6.661627E-15
6038.19304019039  6.796639E-15
6040.96939510597  6.557024E-15
6043.74575002155  6.359498E-15
6046.52210493713  6.561632E-15
6049.29845985271  6.967534E-15
6052.07481476829  6.695534E-15
6054.85116968387  6.754544E-15
6057.62752459945  6.639239E-15
6060.40387951503  6.566494E-15
6063.18023443061  6.590773E-15
6065.95658934619  6.606982E-15
6068.73294426177  6.317481E-15
6071.50929917735  6.604253E-15
6074.28565409293  6.382497E-15
6077.06200900851  6.254948E-15
6079.83836392409  6.911697E-15
6082.61471883967  6.758150E-15
6085.39107375525  6.509825E-15
6088.16742867083  6.277208E-15
6090.94378358641  6.405096E-15
6093.72013850199  6.492724E-15
6096.49649341757  6.690665E-15
6099.27284833315  6.708121E-15
6102.04920324873  6.585736E-15
6104.82555816431  6.509794E-15
6107.60191307989  6.566768E-15
6110.37826799546  6.579882E-15
6113.15462291105  6.637550E-15
6115.93097782662  6.552387E-15
6118.7073327422  6.620878E-15
6121.48368765778  6.470081E-15
6124.26004257336  6.578336E-15
6127.03639748894  6.848541E-15
6129.81275240452  6.145163E-15
6132.5891073201  6.162612E-15
6135.36546223568  6.532471E-15
6138.14181715126  6.550540E-15
6140.91817206684  6.430957E-15
6143.69452698242  6.422084E-15
6146.470881898  6.377766E-15
6149.24723681358  6.280052E-15
6152.02359172916  6.391950E-15
6154.79994664474  6.375364E-15
6157.57630156032  6.347167E-15
6160.3526564759  6.456347E-15
6163.12901139148  6.468547E-15
6165.90536630706  6.530533E-15
6168.68172122264  6.652312E-15
6171.45807613822  6.470702E-15
6174.2344310538  6.103780E-15
6177.01078596938  6.379063E-15
6179.78714088496  6.570389E-15
6182.56349580054  6.578630E-15
6185.33985071612  6.437846E-15
6188.1162056317  6.502028E-15
6190.89256054728  6.464798E-15
6193.66891546286  6.726936E-15
6196.44527037844  6.401910E-15
6199.22162529402  6.115536E-15
6201.9979802096  6.710319E-15
6204.77433512517  6.543091E-15
6207.55069004076  6.451758E-15
6210.32704495633  6.704374E-15
6213.10339987191  6.583432E-15
6215.87975478749  6.576813E-15
6218.65610970307  6.638964E-15
6221.43246461865  6.335504E-15
6224.20881953423  6.199003E-15
6226.98517444981  6.358501E-15
6229.76152936539  6.488487E-15
6232.53788428097  6.245746E-15
6235.31423919655  5.965020E-15
6238.09059411213  6.138435E-15
6240.86694902771  6.277859E-15
6243.64330394329  6.237566E-15
6246.41965885887  6.052756E-15
6249.19601377445  6.257023E-15
6251.97236869003  6.033832E-15
6254.74872360561  6.182052E-15
6257.52507852119  6.128179E-15
6260.30143343677  5.992828E-15
6263.07778835235  5.907833E-15
6265.85414326793  6.109039E-15
6268.63049818351  5.920125E-15
6271.40685309909  5.971423E-15
6274.18320801467  6.317937E-15
6276.95956293025  6.076394E-15
6279.73591784583  6.276465E-15
6282.51227276141  6.337643E-15
6285.28862767699  5.995626E-15
6288.06498259257  6.072075E-15
6290.84133750815  5.822698E-15
6293.61769242373  5.870333E-15
6296.39404733931  6.258467E-15
6299.17040225488  5.924901E-15
6301.94675717047  6.163935E-15
6304.72311208604  6.223921E-15
6307.49946700162  6.125716E-15
6310.2758219172  6.368254E-15
6313.05217683278  6.157891E-15
6315.82853174836  5.814915E-15
6318.60488666394  6.140432E-15
6321.38124157952  6.195965E-15
6324.1575964951  5.988995E-15
6326.93395141068  6.150676E-15
6329.71030632626  5.903729E-15
6332.48666124184  5.692703E-15
6335.26301615742  5.835675E-15
6338.039371073  5.859578E-15
6340.81572598858  5.880284E-15
6343.59208090416  6.045848E-15
6346.36843581974  6.153733E-15
6349.14479073532  5.929258E-15
6351.9211456509  5.857273E-15
6354.69750056648  5.862817E-15
6357.47385548206  5.926611E-15
6360.25021039764  6.084983E-15
6363.02656531322  5.911037E-15
6365.8029202288  6.206448E-15
6368.57927514438  6.107050E-15
6371.35563005996  6.005281E-15
6374.13198497554  5.867376E-15
6376.90833989111  6.312282E-15
6379.6846948067  6.088943E-15
6382.46104972228  5.925372E-15
6385.23740463786  6.120915E-15
6388.01375955344  6.038732E-15
6390.79011446902  6.092777E-15
6393.56646938459  5.860180E-15
6396.34282430017  5.937787E-15
6399.11917921575  5.929979E-15
6401.89553413133  5.820927E-15
6404.67188904691  6.142222E-15
6407.44824396249  6.056640E-15
6410.22459887807  6.181802E-15
6413.00095379365  5.998479E-15
6415.77730870923  5.812723E-15
6418.55366362481  5.968192E-15
6421.33001854039  5.838859E-15
6424.10637345597  5.796426E-15
6426.88272837155  5.675725E-15
6429.65908328713  5.671383E-15
6432.43543820271  5.551845E-15
6435.21179311829  5.765555E-15
6437.98814803387  5.976231E-15
6440.76450294945  5.623949E-15
6443.54085786503  5.774616E-15
6446.31721278061  5.998554E-15
6449.09356769619  6.005068E-15
6451.86992261177  6.082045E-15
6454.64627752735  5.869003E-15
6457.42263244293  5.707212E-15
6460.19898735851  5.781280E-15
6462.97534227409  5.919178E-15
6465.75169718967  5.775561E-15
6468.52805210525  5.685919E-15
6471.30440702083  5.904168E-15
6474.08076193641  5.602244E-15
6476.85711685199  5.516464E-15
6479.63347176757  5.522815E-15
6482.40982668315  5.666829E-15
6485.18618159872  5.897602E-15
6487.9625365143  5.838048E-15
6490.73889142988  5.909577E-15
6493.51524634546  6.135171E-15
6496.29160126104  5.959515E-15
6499.06795617662  5.951777E-15
6501.8443110922  6.061480E-15
6504.62066600778  5.693700E-15
6507.39702092336  5.654498E-15
6510.17337583894  5.408899E-15
6512.94973075452  5.481091E-15
6515.7260856701  5.647378E-15
6518.50244058568  5.647022E-15
6521.27879550126  5.606531E-15
6524.05515041684  6.009795E-15
6526.83150533242  5.765045E-15
6529.607860248  5.667865E-15
6532.38421516358  5.454968E-15
6535.16057007916  5.537596E-15
6537.93692499474  5.555728E-15
6540.71327991032  6.009774E-15
6543.4896348259  6.387757E-15
6546.26598974148  6.858276E-15
6549.04234465706  7.449241E-15
6551.81869957264  8.375464E-15
6554.59505448822  9.545567E-15
6557.3714094038  9.621770E-15
6560.14776431938  9.189041E-15
6562.92411923496  9.011312E-15
6565.70047415053  8.454312E-15
6568.47682906612  7.767489E-15
6571.25318398169  6.959847E-15
6574.02953889728  6.027407E-15
6576.80589381286  5.812778E-15
6579.58224872843  5.653141E-15
6582.35860364401  5.305649E-15
6585.13495855959  5.253643E-15
6587.91131347517  5.396145E-15
6590.68766839076  5.402942E-15
6593.46402330633  5.309413E-15
6596.24037822191  5.457722E-15
6599.01673313749  5.494404E-15
6601.79308805307  5.420755E-15
6604.56944296865  5.516751E-15
6607.34579788423  5.083801E-15
6610.12215279981  5.541182E-15
6612.89850771539  5.626480E-15
6615.67486263097  5.368029E-15
6618.45121754655  5.521685E-15
6621.22757246213  5.317333E-15
6624.00392737771  5.498092E-15
6626.78028229329  5.768051E-15
6629.55663720887  5.522958E-15
6632.33299212445  5.362287E-15
6635.10934704003  5.352361E-15
6637.88570195561  5.425282E-15
6640.66205687119  5.459775E-15
6643.43841178677  5.573772E-15
6646.21476670235  5.607154E-15
6648.99112161793  5.372748E-15
6651.76747653351  5.345456E-15
6654.54383144909  5.429570E-15
6657.32018636467  5.306762E-15
6660.09654128025  5.315846E-15
6662.87289619583  5.371238E-15
6665.64925111141  5.344613E-15
6668.42560602698  5.596589E-15
6671.20196094257  5.616832E-15
6673.97831585815  5.682063E-15
6676.75467077372  5.605280E-15
6679.5310256893  5.431492E-15
6682.30738060488  5.442105E-15
6685.08373552046  5.568752E-15
6687.86009043604  5.498779E-15
6690.63644535162  5.611700E-15
6693.4128002672  5.492728E-15
6696.18915518278  5.584879E-15
6698.96551009836  5.520049E-15
6701.74186501394  5.210624E-15
6704.51821992952  5.235400E-15
6707.2945748451  5.309017E-15
6710.07092976068  5.323891E-15
6712.84728467626  5.526343E-15
6715.62363959184  5.040117E-15
6718.39999450742  5.178251E-15
6721.176349423  5.477028E-15
6723.95270433858  5.324014E-15
6726.72905925416  5.154724E-15
6729.50541416974  5.210598E-15
6732.28176908532  5.236571E-15
6735.0581240009  5.250328E-15
6737.83447891648  5.251041E-15
6740.61083383206  5.024145E-15
6743.38718874764  5.000698E-15
6746.16354366322  5.212663E-15
6748.9398985788  5.503569E-15
6751.71625349438  5.246878E-15
6754.49260840996  5.267555E-15
6757.26896332554  5.393537E-15
6760.04531824112  5.002772E-15
6762.82167315669  5.338958E-15
6765.59802807227  5.544683E-15
6768.37438298785  5.362785E-15
6771.15073790343  4.820458E-15
6773.92709281901  5.234926E-15
6776.70344773459  5.365934E-15
6779.47980265018  4.972342E-15
6782.25615756575  5.075594E-15
6785.03251248133  5.197917E-15
6787.80886739691  5.437684E-15
6790.58522231249  5.220107E-15
6793.36157722807  5.052861E-15
6796.13793214365  5.235036E-15
6798.91428705923  5.218144E-15
6801.69064197481  5.286938E-15
6804.46699689039  5.107732E-15
6807.24335180597  5.048012E-15
6810.01970672155  5.278506E-15
6812.79606163713  5.211963E-15
6815.57241655271  5.206847E-15
6818.34877146829  5.397734E-15
6821.12512638387  5.404043E-15
6823.90148129945  5.261376E-15
6826.67783621503  4.979556E-15
6829.45419113061  4.876176E-15
6832.23054604619  5.337931E-15
6835.00690096177  5.240891E-15
6837.78325587735  5.063405E-15
6840.55961079293  5.320158E-15
6843.33596570851  5.362877E-15
6846.11232062409  5.019336E-15
6848.88867553967  5.558634E-15
6851.66503045524  5.427595E-15
6854.44138537082  5.180829E-15
6857.21774028641  5.554160E-15
6859.99409520199  5.541616E-15
6862.77045011756  5.475672E-15
6865.54680503314  5.416492E-15
6868.32315994872  5.448857E-15
6871.0995148643  5.411720E-15
6873.87586977988  5.485745E-15
6876.65222469546  5.495115E-15
6879.42857961104  5.130835E-15
6882.20493452662  5.308634E-15
6884.9812894422  5.407813E-15
6887.75764435778  5.337846E-15
6890.53399927336  5.400843E-15
6893.31035418894  5.212946E-15
6896.08670910452  5.423807E-15
6898.8630640201  5.437145E-15
6901.63941893568  5.228732E-15
6904.41577385126  5.126161E-15
6907.19212876684  4.914169E-15
6909.96848368242  5.110481E-15
6912.744838598  5.307439E-15
6915.52119351358  5.283861E-15
6918.29754842916  4.961087E-15
6921.07390334474  4.687331E-15
6923.85025826032  5.091004E-15
6926.6266131759  5.070855E-15
6929.40296809148  5.199575E-15
6932.17932300706  5.124767E-15
6934.95567792264  5.073906E-15
6937.73203283822  5.291252E-15
6940.5083877538  5.014436E-15
6943.28474266938  4.794452E-15
6946.06109758495  4.805231E-15
6948.83745250054  4.589870E-15
6951.61380741612  4.916415E-15
6954.39016233169  5.142298E-15
6957.16651724727  5.059083E-15
6959.94287216285  5.049066E-15
6962.71922707843  4.895872E-15
6965.49558199401  4.877159E-15
6968.27193690959  4.961974E-15
6971.04829182517  5.013087E-15
6973.82464674075  4.991242E-15
6976.60100165633  5.104392E-15
6979.37735657191  5.206906E-15
6982.15371148749  5.044279E-15
6984.93006640307  4.983257E-15
6987.70642131865  4.809794E-15
6990.48277623423  4.781973E-15
6993.25913114981  4.877246E-15
6996.03548606539  4.815974E-15
6998.81184098097  4.720070E-15
7001.58819589655  4.860875E-15
7004.36455081213  4.983442E-15
7007.14090572771  5.068609E-15
7009.91726064329  4.789002E-15
7012.69361555887  5.113018E-15
7015.46997047445  5.051777E-15
7018.24632539003  5.023703E-15
7021.02268030561  5.122884E-15
7023.79903522119  5.164019E-15
7026.57539013677  4.994678E-15
7029.35174505235  4.874095E-15
7032.12809996793  5.063429E-15
7034.90445488351  5.111901E-15
7037.68080979909  4.942911E-15
7040.45716471466  4.850028E-15
7043.23351963024  5.099644E-15
7046.00987454583  5.125352E-15
7048.7862294614  5.110774E-15
7051.56258437698  4.801068E-15
7054.33893929256  5.158129E-15
7057.11529420814  5.074681E-15
7059.89164912372  5.010981E-15
7062.6680040393  5.009856E-15
7065.44435895488  4.897561E-15
7068.22071387046  4.735149E-15
7070.99706878604  5.005791E-15
7073.77342370162  4.881708E-15
7076.5497786172  4.733735E-15
7079.32613353278  4.377466E-15
7082.10248844836  4.358644E-15
7084.87884336394  4.616349E-15
7087.65519827952  4.623334E-15
7090.4315531951  4.708006E-15
7093.20790811068  4.543816E-15
7095.98426302626  4.417054E-15
7098.76061794184  4.652591E-15
7101.53697285742  4.783725E-15
7104.313327773  4.999867E-15
7107.08968268858  4.925401E-15
7109.86603760416  4.651517E-15
7112.64239251974  4.798210E-15
7115.41874743532  4.742333E-15
7118.1951023509  4.777977E-15
7120.97145726648  4.720660E-15
7123.74781218206  4.593032E-15
7126.52416709764  4.477795E-15
7129.30052201322  4.826556E-15
7132.0768769288  4.982392E-15
7134.85323184437  4.623468E-15
7137.62958675996  4.297124E-15
7140.40594167553  4.672648E-15
7143.18229659112  4.726851E-15
7145.95865150669  4.517048E-15
7148.73500642227  4.747829E-15
7151.51136133785  4.827779E-15
7154.28771625343  4.732850E-15
7157.06407116901  4.824504E-15
7159.84042608459  4.818610E-15
7162.61678100017  4.667921E-15
7165.39313591575  4.583838E-15
7168.16949083133  4.531766E-15
7170.94584574691  4.603165E-15
7173.72220066249  4.545799E-15
7176.49855557807  4.210850E-15
7179.27491049365  4.257145E-15
7182.05126540923  4.154001E-15
7184.82762032481  4.203070E-15
7187.60397524039  3.937248E-15
7190.38033015597  3.914683E-15
7193.15668507155  3.960306E-15
7195.93303998713  4.340912E-15
7198.70939490271  4.122931E-15
7201.48574981829  4.251044E-15
7204.26210473387  4.291731E-15
7207.03845964945  4.131927E-15
7209.81481456503  4.180588E-15
7212.59116948061  4.337621E-15
7215.36752439619  4.367653E-15
7218.14387931177  4.241373E-15
7220.92023422735  4.354324E-15
7223.69658914293  4.455677E-15
7226.47294405851  4.176801E-15
7229.24929897409  4.076992E-15
7232.02565388966  4.390803E-15
7234.80200880524  4.596327E-15
7237.57836372083  4.576569E-15
7240.3547186364  4.523988E-15
7243.13107355198  4.280262E-15
7245.90742846756  4.215764E-15
7248.68378338314  4.288616E-15
7251.46013829872  4.536301E-15
7254.2364932143  4.212634E-15
7257.01284812988  4.438977E-15
7259.78920304546  4.388064E-15
7262.56555796104  4.337496E-15
7265.34191287662  4.392196E-15
7268.1182677922  4.511053E-15
7270.89462270778  4.310605E-15
7273.67097762336  4.207643E-15
7276.44733253894  4.271306E-15
7279.22368745452  4.031945E-15
7282.0000423701  4.160629E-15
7284.77639728568  4.312642E-15
7287.55275220126  4.158344E-15
7290.32910711684  3.996998E-15
7293.10546203242  3.970658E-15
7295.881816948  4.177122E-15
7298.65817186358  4.055478E-15
7301.43452677916  4.223437E-15
7304.21088169474  4.365546E-15
7306.98723661032  4.085516E-15
7309.7635915259  3.834753E-15
7312.53994644148  4.164950E-15
7315.31630135706  4.238206E-15
7318.09265627264  4.290438E-15
7320.86901118822  4.194584E-15
7323.6453661038  4.201567E-15
7326.42172101938  4.213797E-15
7329.19807593495  4.326233E-15
7331.97443085053  4.342880E-15
7334.75078576611  4.229025E-15
7337.52714068169  4.180704E-15
7340.30349559727  4.351348E-15
7343.07985051285  4.264822E-15
7345.85620542843  4.132877E-15
7348.63256034401  4.200324E-15
7351.40891525959  4.021493E-15
7354.18527017517  4.000836E-15
7356.96162509075  4.159298E-15
7359.73798000633  3.988814E-15
7362.51433492191  4.097297E-15
7365.29068983749  4.158271E-15
7368.06704475307  3.933291E-15
7370.84339966865  4.241899E-15
7373.61975458423  4.281830E-15
7376.39610949981  4.074948E-15
7379.17246441539  4.163737E-15
7381.94881933097  3.964564E-15
7384.72517424655  3.896786E-15
7387.50152916213  3.825959E-15
7390.27788407771  3.717795E-15
7393.05423899329  3.982079E-15
7395.83059390887  4.163453E-15
7398.60694882445  4.193926E-15
7401.38330374003  4.081852E-15
7404.15965865561  4.076780E-15
7406.93601357119  4.300277E-15
7409.71236848677  4.125873E-15
7412.48872340235  3.989621E-15
7415.26507831793  4.229095E-15
7418.04143323351  4.170571E-15
7420.81778814909  4.084232E-15
7423.59414306466  3.836591E-15
7426.37049798024  4.079024E-15
7429.14685289582  3.858238E-15
7431.9232078114  4.025485E-15
7434.69956272698  4.210560E-15
7437.47591764256  4.087080E-15
7440.25227255814  3.996120E-15
7443.02862747372  3.772884E-15
7445.8049823893  3.620437E-15
7448.58133730488  4.166389E-15
7451.35769222046  4.115468E-15
7454.13404713604  4.006623E-15
7456.91040205162  3.942151E-15
7459.6867569672  3.701273E-15
7462.46311188278  3.661477E-15
7465.23946679836  3.810866E-15
7468.01582171394  3.870235E-15
7470.79217662952  3.900217E-15
7473.5685315451  3.853769E-15
7476.34488646068  3.485922E-15
7479.12124137626  3.467753E-15
7481.89759629184  3.787314E-15
7484.67395120742  3.887922E-15
7487.450306123  3.747497E-15
7490.22666103858  3.547223E-15
7493.00301595416  3.923629E-15
7495.77937086974  3.703810E-15
7498.55572578532  3.845345E-15
7501.3320807009  3.928301E-15
7504.10843561648  3.725725E-15
7506.88479053206  3.990171E-15
7509.66114544764  4.153016E-15
7512.43750036321  3.893537E-15
7515.2138552788  3.950966E-15
7517.99021019437  4.206667E-15
7520.76656510995  4.052285E-15
7523.54292002553  3.809091E-15
7526.31927494111  3.787564E-15
7529.09562985669  3.965572E-15
7531.87198477227  3.945931E-15
7534.64833968785  3.769341E-15
7537.42469460343  4.143504E-15
7540.20104951901  3.873665E-15
7542.97740443459  4.310667E-15
7545.75375935017  4.009303E-15
7548.53011426575  4.054156E-15
7551.30646918133  4.258091E-15
7554.08282409691  4.151167E-15
7556.85917901249  4.064943E-15
7559.63553392807  3.992350E-15
7562.41188884365  3.724500E-15
7565.18824375923  4.132453E-15
7567.96459867481  3.939892E-15
7570.74095359039  3.636554E-15
7573.51730850597  3.816038E-15
7576.29366342155  3.858667E-15
7579.07001833713  3.541911E-15
7581.84637325271  3.648745E-15
7584.62272816829  3.969403E-15
7587.39908308387  3.778789E-15
7590.17543799945  3.902941E-15
7592.95179291503  3.897894E-15
7595.72814783061  3.852568E-15
7598.50450274619  3.869523E-15
7601.28085766177  3.787861E-15
7604.05721257735  4.186853E-15
7606.83356749292  3.738540E-15
7609.60992240851  4.086727E-15
7612.38627732408  3.589654E-15
7615.16263223967  3.564155E-15
7617.93898715524  4.112037E-15
7620.71534207082  3.925101E-15
7623.4916969864  3.798391E-15
7626.26805190198  3.698086E-15
7629.04440681756  3.708355E-15
7631.82076173314  3.984115E-15
7634.59711664872  3.971827E-15
7637.3734715643  3.894699E-15
7640.14982647988  3.828710E-15
7642.92618139546  3.790630E-15
7645.70253631104  3.816065E-15
7648.47889122662  3.501985E-15
7651.2552461422  3.479044E-15
7654.03160105778  3.425832E-15
7656.80795597336  3.535022E-15
7659.58431088894  3.416068E-15
7662.36066580452  3.429245E-15
7665.1370207201  3.632760E-15
7667.91337563568  3.457292E-15
7670.68973055126  3.384085E-15
7673.46608546684  3.404080E-15
7676.24244038242  3.362735E-15
7679.018795298  3.345522E-15
7681.79515021358  3.389819E-15
7684.57150512916  3.318840E-15
7687.34786004474  3.659215E-15
7690.12421496032  3.972618E-15
7692.9005698759  3.534317E-15
7695.67692479148  3.360291E-15
7698.45327970706  3.535890E-15
7701.22963462264  3.357525E-15
7704.00598953821  3.356797E-15
7706.78234445379  3.287977E-15
7709.55869936937  3.489144E-15
7712.33505428495  3.494435E-15
7715.11140920053  3.304860E-15
7717.88776411611  3.193016E-15
7720.66411903169  3.614483E-15
7723.44047394727  3.645050E-15
7726.21682886285  3.529292E-15
7728.99318377843  3.313970E-15
7731.76953869401  3.188013E-15
7734.54589360959  3.358059E-15
7737.32224852517  3.559666E-15
7740.09860344075  3.503159E-15
7742.87495835633  3.407073E-15
7745.65131327191  3.425915E-15
7748.42766818749  3.403653E-15
7751.20402310307  3.519268E-15
7753.98037801865  3.673859E-15
7756.75673293423  3.500115E-15
7759.53308784981  3.411920E-15
7762.30944276539  3.458719E-15
7765.08579768097  3.544676E-15
7767.86215259655  3.532880E-15
7770.63850751213  3.466913E-15
7773.41486242771  3.505803E-15
7776.19121734329  3.404393E-15
7778.96757225887  3.422416E-15
7781.74392717445  3.297214E-15
7784.52028209003  3.409055E-15
7787.29663700561  3.375926E-15
7790.07299192119  3.307378E-15
7792.84934683677  3.505088E-15
7795.62570175234  3.655363E-15
7798.40205666793  3.628271E-15
7801.1784115835  3.330102E-15
7803.95476649909  3.229857E-15
7806.73112141466  3.573086E-15
7809.50747633024  3.560126E-15
7812.28383124582  3.503342E-15
7815.0601861614  3.428062E-15
7817.83654107698  3.119126E-15
7820.61289599256  3.389185E-15
7823.38925090814  3.349149E-15
7826.16560582372  3.464839E-15
7828.9419607393  3.379748E-15
7831.71831565488  3.426592E-15
7834.49467057046  3.512967E-15
7837.27102548604  3.165295E-15
7840.04738040162  3.187534E-15
7842.8237353172  3.349839E-15
7845.60009023278  3.533556E-15
7848.37644514836  3.545488E-15
7851.15280006394  3.532683E-15
7853.92915497952  3.362721E-15
7856.7055098951  3.422832E-15
7859.48186481068  3.722631E-15
7862.25821972626  3.349078E-15
7865.03457464184  3.276836E-15
7867.81092955742  3.263000E-15
7870.587284473  3.097366E-15
7873.36363938858  3.501592E-15
7876.13999430416  3.676446E-15
7878.91634921974  3.306087E-15
7881.69270413532  3.574422E-15
7884.4690590509  3.532820E-15
7887.24541396648  3.095871E-15
7890.02176888206  2.972271E-15
7892.79812379764  3.247785E-15
7895.57447871321  3.321619E-15
7898.3508336288  3.274736E-15
7901.12718854437  3.311725E-15
7903.90354345995  3.182151E-15
7906.67989837553  3.119914E-15
7909.45625329111  3.308621E-15
7912.23260820669  3.327866E-15
7915.00896312227  3.136445E-15
7917.78531803785  3.014613E-15
7920.56167295343  3.053785E-15
7923.33802786901  3.210351E-15
7926.11438278459  3.248159E-15
7928.89073770017  3.215661E-15
7931.66709261575  3.281953E-15
7934.44344753133  3.573169E-15
7937.21980244691  3.107391E-15
7939.99615736249  3.089667E-15
7942.77251227807  3.276343E-15
7945.54886719365  2.991004E-15
7948.32522210923  3.092742E-15
7951.10157702481  3.210322E-15
7953.87793194039  3.151288E-15
7956.65428685597  3.156696E-15
7959.43064177155  3.187412E-15
7962.20699668713  3.433711E-15
7964.98335160271  3.371343E-15
7967.75970651829  3.036795E-15
7970.53606143387  3.235531E-15
7973.31241634945  3.177446E-15
7976.08877126503  3.067304E-15
7978.86512618061  3.203925E-15
7981.64148109619  3.351692E-15
7984.41783601176  2.943800E-15
7987.19419092735  3.095173E-15
7989.97054584292  3.127918E-15
7992.74690075851  3.151231E-15
7995.52325567408  3.222106E-15
7998.29961058966  3.462989E-15
8001.07596550524  2.830967E-15
8003.85232042082  2.683028E-15
8006.6286753364  3.480601E-15
8009.40503025198  3.432987E-15
8012.18138516756  3.074009E-15
8014.95774008314  3.140629E-15
8017.73409499872  3.184169E-15
8020.5104499143  3.327157E-15
8023.28680482988  3.286841E-15
8026.06315974546  3.324921E-15
8028.83951466104  3.378119E-15
8031.61586957662  3.236966E-15
8034.3922244922  3.008678E-15
8037.16857940778  2.959535E-15
8039.94493432336  3.167618E-15
8042.72128923894  3.149581E-15
8045.49764415452  3.297712E-15
8048.2739990701  3.096802E-15
8051.05035398568  3.147240E-15
8053.82670890126  3.261482E-15
8056.60306381684  3.097271E-15
8059.37941873242  3.102234E-15
8062.155773648  3.064672E-15
8064.93212856357  2.923711E-15
8067.70848347916  2.992751E-15
8070.48483839474  3.173470E-15
8073.26119331031  3.194128E-15
8076.03754822589  3.117805E-15
8078.81390314148  3.243530E-15
8081.59025805706  3.071158E-15
8084.36661297263  2.998133E-15
8087.14296788822  3.284142E-15
8089.91932280379  3.331351E-15
8092.69567771937  3.045011E-15
8095.47203263495  2.757360E-15
8098.24838755053  3.060593E-15
8101.02474246611  3.413444E-15
8103.80109738169  3.204110E-15
8106.57745229727  2.835430E-15
8109.35380721285  2.927543E-15
8112.13016212843  2.804566E-15
8114.90651704401  2.990532E-15
8117.68287195959  3.075921E-15
8120.45922687517  2.653115E-15
8123.23558179075  2.834112E-15
8126.01193670633  3.105723E-15
8128.78829162191  2.975390E-15
8131.56464653749  3.023580E-15
8134.34100145307  3.122442E-15
8137.11735636865  3.077530E-15
8139.89371128423  2.893278E-15
8142.67006619981  2.779833E-15
8145.44642111539  2.693850E-15
8148.22277603097  2.806335E-15
8150.99913094655  2.791960E-15
8153.77548586213  2.594156E-15
8156.55184077771  3.070063E-15
8159.32819569329  3.073619E-15
8162.10455060886  2.844428E-15
8164.88090552445  2.801293E-15
8167.65726044003  2.820308E-15
8170.43361535561  2.944324E-15
8173.20997027118  2.833802E-15
8175.98632518676  2.621794E-15
8178.76268010234  2.790519E-15
8181.53903501792  2.803026E-15
8184.3153899335  2.667845E-15
8187.09174484908  3.055420E-15
8189.86809976466  2.869907E-15
8192.64445468024  2.919000E-15
8195.42080959582  2.814174E-15
8198.1971645114  2.913361E-15
8200.97351942698  3.108230E-15
8203.74987434256  2.894426E-15
8206.52622925814  2.754571E-15
8209.30258417372  2.835908E-15
8212.0789390893  3.025425E-15
8214.85529400488  3.126360E-15
8217.63164892046  2.815862E-15
8220.40800383604  2.704653E-15
8223.18435875162  2.715587E-15
8225.9607136672  2.744369E-15
8228.73706858278  2.636391E-15
8231.51342349836  2.328983E-15
8234.28977841394  2.730994E-15
8237.06613332952  3.012345E-15
8239.8424882451  3.348976E-15
8242.61884316068  2.980763E-15
8245.39519807626  3.043297E-15
8248.17155299184  3.315178E-15
8250.94790790742  3.295342E-15
8253.724262823  2.904832E-15
8256.50061773858  2.956938E-15
8259.27697265415  3.072744E-15
8262.05332756974  2.960358E-15
8264.82968248532  2.948515E-15
8267.60603740089  2.916427E-15
8270.38239231647  2.818370E-15
8273.15874723205  2.904868E-15
8275.93510214764  3.094675E-15
8278.71145706321  3.141201E-15
8281.48781197879  2.994574E-15
8284.26416689437  2.954595E-15
8287.04052180995  3.098911E-15
8289.81687672553  3.039909E-15
8292.59323164111  3.024420E-15
8295.36958655669  3.019663E-15
8298.14594147227  3.244185E-15
8300.92229638785  2.953657E-15
8303.69865130343  2.845945E-15
8306.47500621901  2.930108E-15
8309.25136113459  2.787837E-15
8312.02771605017  2.998322E-15
8314.80407096575  3.034650E-15
8317.58042588133  2.772369E-15
8320.35678079691  2.745488E-15
8323.13313571249  2.926556E-15
8325.90949062807  3.000919E-15
8328.68584554365  2.815853E-15
8331.46220045923  2.996499E-15
8334.23855537481  3.284835E-15
8337.01491029039  3.129387E-15
8339.79126520597  3.216045E-15
8342.56762012155  2.809743E-15
8345.34397503712  2.922586E-15
8348.12032995271  3.384872E-15
8350.89668486829  3.169361E-15
8353.67303978387  3.129263E-15
8356.44939469944  3.419761E-15
8359.22574961502  2.821519E-15
8362.00210453061  2.955590E-15
8364.77845944619  3.036260E-15
8367.55481436176  3.027734E-15
8370.33116927734  2.918294E-15
8373.10752419292  2.675033E-15
8375.8838791085  2.879152E-15
8378.66023402408  2.960766E-15
8381.43658893966  2.932395E-15
8384.21294385524  3.164405E-15
8386.98929877082  3.116818E-15
8389.7656536864  2.878842E-15
8392.54200860198  2.743366E-15
8395.31836351756  3.025535E-15
8398.09471843314  2.995123E-15
8400.87107334872  2.705790E-15
8403.6474282643  2.992697E-15
8406.42378317988  3.417685E-15
8409.20013809546  3.013066E-15
8411.97649301104  2.752829E-15
8414.75284792662  2.689014E-15
8417.5292028422  2.833493E-15
8420.30555775778  3.035403E-15
8423.08191267336  2.863308E-15
8425.85826758894  2.868435E-15
8428.63462250452  2.903701E-15
8431.4109774201  2.905127E-15
8434.18733233568  2.972821E-15
8436.96368725126  2.988538E-15
8439.74004216684  2.987891E-15
8442.51639708242  2.703884E-15
8445.292751998  2.695493E-15
8448.06910691358  2.996836E-15
8450.84546182916  2.820921E-15
8453.62181674473  2.984811E-15
8456.39817166031  2.923029E-15
8459.1745265759  2.528848E-15
8461.95088149147  3.057658E-15
8464.72723640705  3.133715E-15
8467.50359132263  2.975609E-15
8470.27994623821  2.710913E-15
8473.05630115379  2.740566E-15
8475.83265606937  2.714642E-15
8478.60901098495  2.645754E-15
8481.38536590053  2.815852E-15
8484.16172081611  2.797345E-15
8486.93807573169  2.756925E-15
8489.71443064727  2.882601E-15
8492.49078556285  2.775809E-15
8495.26714047843  2.896013E-15
8498.04349539401  3.140568E-15
8500.81985030959  2.975867E-15
8503.59620522517  3.136798E-15
8506.37256014075  2.860713E-15
8509.14891505633  2.954995E-15
8511.92526997191  2.842961E-15
8514.70162488749  2.705479E-15
8517.47797980307  2.621435E-15
8520.25433471865  2.979544E-15
8523.03068963423  2.911324E-15
8525.80704454981  2.541109E-15
8528.58339946539  2.570583E-15
8531.35975438097  3.002312E-15
8534.13610929655  2.917255E-15
8536.91246421213  2.463089E-15
8539.6888191277  2.683003E-15
8542.46517404328  3.072993E-15
8545.24152895887  2.952295E-15
8548.01788387445  2.774845E-15
8550.79423879002  2.677875E-15
8553.5705937056  2.824086E-15
8556.34694862118  2.663614E-15
8559.12330353676  2.261901E-15
8561.89965845234  2.500008E-15
8564.67601336792  2.845903E-15
8567.4523682835  2.789193E-15
8570.22872319908  2.742649E-15
8573.00507811466  2.707757E-15
8575.78143303024  2.489538E-15
8578.55778794582  2.697366E-15
8581.3341428614  2.721676E-15
8584.11049777698  2.775205E-15
8586.88685269256  2.755097E-15
8589.66320760814  2.755967E-15
8592.43956252372  2.817134E-15
8595.2159174393  2.752863E-15
8597.99227235488  2.718865E-15
8600.76862727046  2.612650E-15
8603.54498218604  2.830216E-15
8606.32133710162  2.828103E-15
8609.0976920172  2.456284E-15
8611.87404693278  2.201790E-15
8614.65040184836  2.385839E-15
8617.42675676394  2.803377E-15
8620.20311167952  2.715328E-15
8622.97946659509  2.661032E-15
8625.75582151068  2.609190E-15
8628.53217642626  2.831149E-15
8631.30853134184  2.784731E-15
8634.08488625742  2.819078E-15
8636.861241173  2.693163E-15
8639.63759608857  2.704202E-15
8642.41395100416  2.604682E-15
8645.19030591974  2.391052E-15
8647.96666083531  2.583003E-15
8650.74301575089  2.678921E-15
8653.51937066647  2.603623E-15
8656.29572558205  2.651008E-15
8659.07208049763  2.794037E-15
8661.84843541321  2.761943E-15
8664.62479032879  2.668673E-15
8667.40114524437  2.560607E-15
8670.17750015995  2.610886E-15
8672.95385507553  2.159234E-15
8675.73020999111  2.409316E-15
8678.50656490669  2.690654E-15
8681.28291982227  2.264869E-15
8684.05927473785  2.579732E-15
8686.83562965343  2.802172E-15
8689.61198456901  2.452475E-15
8692.38833948459  2.656872E-15
8695.16469440017  2.777799E-15
8697.94104931575  2.679466E-15
8700.71740423133  2.674666E-15
8703.49375914691  2.612682E-15
8706.27011406249  2.655635E-15
8709.04646897807  2.522148E-15
8711.82282389365  2.616495E-15
8714.59917880923  2.327308E-15
8717.37553372481  2.291045E-15
8720.15188864039  2.706137E-15
8722.92824355597  2.761889E-15
8725.70459847155  2.467432E-15
8728.48095338713  2.414613E-15
8731.25730830271  2.414293E-15
8734.03366321828  2.550608E-15
8736.81001813386  2.763486E-15
8739.58637304945  2.627110E-15
8742.36272796502  2.606609E-15
8745.1390828806  2.554170E-15
8747.91543779618  2.525113E-15
8750.69179271176  2.716807E-15
8753.46814762734  2.551149E-15
8756.24450254292  2.491095E-15
8759.0208574585  2.889315E-15
8761.79721237408  2.682627E-15
8764.57356728966  2.376059E-15
8767.34992220524  2.563077E-15
8770.12627712082  2.482003E-15
8772.9026320364  2.572867E-15
8775.67898695198  2.545664E-15
8778.45534186756  2.312337E-15
8781.23169678314  2.259167E-15
8784.00805169872  2.326355E-15
8786.7844066143  2.099385E-15
8789.56076152988  2.398508E-15
8792.33711644546  2.616184E-15
8795.11347136104  2.587510E-15
8797.88982627662  2.303723E-15
8800.6661811922  2.399988E-15
8803.44253610778  2.611049E-15
8806.21889102336  2.492248E-15
8808.99524593894  2.297446E-15
8811.77160085452  2.107432E-15
8814.5479557701  2.299391E-15
8817.32431068567  2.629285E-15
8820.10066560126  2.446736E-15
8822.87702051683  2.300450E-15
8825.65337543242  2.209712E-15
8828.429730348  2.035771E-15
8831.20608526358  2.151239E-15
