3861.5307863759  9.568188E-15
3864.30714129148  1.214235E-14
3867.08349620706  1.351657E-14
3869.85985112264  1.108250E-14
3872.63620603822  1.130792E-14
3875.4125609538  1.084763E-14
3878.18891586938  1.283621E-14
3880.96527078496  1.052531E-14
3883.74162570054  1.010953E-14
3886.51798061612  1.129295E-14
3889.2943355317  1.073091E-14
3892.07069044728  8.827894E-15
3894.84704536286  9.352389E-15
3897.62340027844  1.120492E-14
3900.39975519402  8.351102E-15
3903.1761101096  8.952565E-15
3905.95246502518  1.150843E-14
3908.72881994076  1.032605E-14
3911.50517485634  8.355816E-15
3914.28152977192  8.970195E-15
3917.0578846875  8.644493E-15
3919.83423960308  8.452349E-15
3922.61059451866  9.940983E-15
3925.38694943424  7.849276E-15
3928.16330434982  7.816031E-15
3930.9396592654  9.151214E-15
3933.71601418098  9.832393E-15
3936.49236909656  9.330417E-15
3939.26872401214  9.877925E-15
3942.04507892772  9.917127E-15
3944.82143384329  7.750882E-15
3947.59778875887  7.880756E-15
3950.37414367445  8.187412E-15
3953.15049859003  8.570331E-15
3955.92685350561  8.503893E-15
3958.70320842119  7.286343E-15
3961.47956333677  7.977099E-15
3964.25591825235  8.633209E-15
3967.03227316793  8.393177E-15
3969.80862808351  9.076242E-15
3972.58498299909  9.169924E-15
3975.36133791467  8.323371E-15
3978.13769283025  9.059986E-15
3980.91404774583  7.657479E-15
3983.69040266141  8.324424E-15
3986.46675757699  8.236525E-15
3989.24311249257  9.231548E-15
3992.01946740815  8.188270E-15
3994.79582232373  7.448662E-15
3997.57217723931  8.371455E-15
4000.34853215489  8.596374E-15
4003.12488707047  8.489659E-15
4005.90124198605  8.847667E-15
4008.67759690163  8.187055E-15
4011.45395181721  8.006847E-15
4014.23030673279  8.875049E-15
4017.00666164837  8.991229E-15
4019.78301656395  9.354575E-15
4022.55937147953  7.356335E-15
4025.33572639511  6.689420E-15
4028.11208131069  8.092710E-15
4030.88843622627  7.910013E-15
4033.66479114185  7.958022E-15
4036.44114605743  8.111141E-15
4039.21750097301  8.383568E-15
4041.99385588858  7.888070E-15
4044.77021080416  9.715188E-15
4047.54656571974  8.248641E-15
4050.32292063532  8.962372E-15
4053.0992755509  9.763166E-15
4055.87563046648  1.004611E-14
4058.65198538206  8.824675E-15
4061.42834029764  9.813458E-15
4064.20469521322  9.259436E-15
4066.9810501288  8.234604E-15
4069.75740504438  8.896279E-15
4072.53375995996  1.017579E-14
4075.31011487554  9.455102E-15
4078.08646979112  8.466565E-15
4080.8628247067  9.785024E-15
4083.63917962228  9.396960E-15
4086.41553453786  9.335962E-15
4089.19188945344  9.055642E-15
4091.96824436902  8.021272E-15
4094.7445992846  8.519451E-15
4097.52095420018  8.957410E-15
4100.29730911576  8.771004E-15
4103.07366403134  9.286259E-15
4105.85001894692  7.494682E-15
4108.6263738625  7.141359E-15
4111.40272877808  7.500341E-15
4114.17908369366  7.603268E-15
4116.95543860924  7.931725E-15
4119.73179352482  7.907266E-15
4122.5081484404  8.318960E-15
4125.28450335598  8.395708E-15
4128.06085827156  9.650818E-15
4130.83721318714  8.348823E-15
4133.61356810271  7.617099E-15
4136.38992301829  9.382114E-15
4139.16627793387  9.502234E-15
4141.94263284945  8.217472E-15
4144.71898776503  8.342622E-15
4147.49534268061  8.841260E-15
4150.27169759619  8.537951E-15
4153.04805251177  9.166265E-15
4155.82440742735  8.434213E-15
4158.60076234293  8.781244E-15
4161.37711725851  8.906197E-15
4164.15347217409  9.633602E-15
4166.92982708967  8.579318E-15
4169.70618200525  8.706791E-15
4172.48253692083  8.881316E-15
4175.25889183641  9.238788E-15
4178.03524675199  9.071614E-15
4180.81160166757  9.008365E-15
4183.58795658315  8.959598E-15
4186.36431149873  9.539404E-15
4189.14066641431  1.002774E-14
4191.91702132989  8.967334E-15
4194.69337624547  9.499039E-15
4197.46973116105  9.452667E-15
4200.24608607663  9.241880E-15
4203.02244099221  9.234436E-15
4205.79879590779  9.000292E-15
4208.57515082337  9.146597E-15
4211.35150573895  9.442755E-15
4214.12786065453  9.154736E-15
4216.90421557011  9.326980E-15
4219.68057048569  8.908011E-15
4222.45692540127  9.310125E-15
4225.23328031684  8.997443E-15
4228.00963523242  8.439177E-15
4230.785990148  8.831895E-15
4233.56234506358  8.833046E-15
4236.33869997916  8.527827E-15
4239.11505489474  8.332962E-15
4241.89140981032  9.066492E-15
4244.6677647259  8.182874E-15
4247.44411964148  8.170332E-15
4250.22047455706  8.842893E-15
4252.99682947264  9.176291E-15
4255.77318438822  7.737448E-15
4258.5495393038  8.273136E-15
4261.32589421938  8.471605E-15
4264.10224913496  8.855556E-15
4266.87860405054  8.608169E-15
4269.65495896612  8.734989E-15
4272.4313138817  8.603229E-15
4275.20766879728  8.542880E-15
4277.98402371286  8.543724E-15
4280.76037862844  9.092903E-15
4283.53673354402  8.744356E-15
4286.3130884596  8.628731E-15
4289.08944337518  8.443413E-15
4291.86579829076  7.932758E-15
4294.64215320634  8.588067E-15
4297.41850812192  8.713694E-15
4300.1948630375  8.526916E-15
4302.97121795308  9.033119E-15
4305.74757286866  9.034231E-15
4308.52392778424  8.311847E-15
4311.30028269982  8.719727E-15
4314.0766376154  9.205198E-15
4316.85299253098  8.984170E-15
4319.62934744656  8.049062E-15
4322.40570236213  8.078567E-15
4325.18205727771  8.521598E-15
4327.95841219329  8.492565E-15
4330.73476710887  7.738492E-15
4333.51112202445  8.191935E-15
4336.28747694003  9.330973E-15
4339.06383185561  8.692433E-15
4341.84018677119  7.956027E-15
4344.61654168677  8.156514E-15
4347.39289660235  7.689219E-15
4350.16925151793  7.034502E-15
4352.94560643351  7.213511E-15
4355.72196134909  8.238393E-15
4358.49831626467  7.845367E-15
4361.27467118025  8.069845E-15
4364.05102609583  8.847633E-15
4366.82738101141  7.820770E-15
4369.60373592699  7.845602E-15
4372.38009084257  8.139676E-15
4375.15644575815  8.358281E-15
4377.93280067373  8.523132E-15
4380.70915558931  8.473497E-15
4383.48551050489  8.321447E-15
4386.26186542047  8.379244E-15
4389.03822033605  8.526622E-15
4391.81457525163  8.262863E-15
4394.59093016721  7.669719E-15
4397.36728508279  8.417990E-15
4400.14363999837  8.839165E-15
4402.91999491395  8.678563E-15
4405.69634982953  9.267600E-15
4408.47270474511  9.377604E-15
4411.24905966069  7.908786E-15
4414.02541457626  8.823653E-15
4416.80176949185  9.246401E-15
4419.57812440742  8.622795E-15
4422.354479323  8.106343E-15
4425.13083423858  8.751258E-15
4427.90718915416  9.033392E-15
4430.68354406974  8.887414E-15
4433.45989898532  8.515943E-15
4436.2362539009  8.355958E-15
4439.01260881648  7.966249E-15
4441.78896373206  7.693535E-15
4444.56531864764  7.761410E-15
4447.34167356322  8.556476E-15
4450.1180284788  8.767459E-15
4452.89438339438  8.630369E-15
4455.67073830996  8.146113E-15
4458.44709322554  8.577016E-15
4461.22344814112  8.094054E-15
4463.9998030567  8.161760E-15
4466.77615797228  8.346867E-15
4469.55251288786  8.430609E-15
4472.32886780344  8.440605E-15
4475.10522271902  8.087205E-15
4477.8815776346  8.285976E-15
4480.65793255018  8.245802E-15
4483.43428746576  8.047879E-15
4486.21064238134  7.804948E-15
4488.98699729692  7.602176E-15
4491.7633522125  8.365464E-15
4494.53970712808  8.965986E-15
4497.31606204366  8.843362E-15
4500.09241695924  9.030538E-15
4502.86877187482  8.442079E-15
4505.64512679039  7.810124E-15
4508.42148170598  8.734598E-15
4511.19783662155  8.493529E-15
4513.97419153713  8.558948E-15
4516.75054645271  8.657640E-15
4519.52690136829  8.223319E-15
4522.30325628387  8.011531E-15
4525.07961119945  8.914330E-15
4527.85596611503  8.568980E-15
4530.63232103061  7.619376E-15
4533.40867594619  8.899334E-15
4536.18503086177  8.342357E-15
4538.96138577735  8.348263E-15
4541.73774069293  8.402258E-15
4544.51409560851  8.687418E-15
4547.29045052409  8.886128E-15
4550.06680543967  8.587471E-15
4552.84316035525  8.763842E-15
4555.61951527083  8.302980E-15
4558.39587018641  8.589543E-15
4561.17222510199  8.409344E-15
4563.94858001757  8.676787E-15
4566.72493493315  8.412956E-15
4569.50128984873  9.267169E-15
4572.27764476431  7.752464E-15
4575.05399967989  8.787769E-15
4577.83035459547  8.757464E-15
4580.60670951105  8.807432E-15
4583.38306442663  8.229089E-15
4586.15941934221  8.272864E-15
4588.93577425779  7.949440E-15
4591.71212917337  8.065246E-15
4594.48848408895  8.484153E-15
4597.26483900453  8.444464E-15
4600.0411939201  8.172602E-15
4602.81754883568  8.007703E-15
4605.59390375127  8.458782E-15
4608.37025866684  7.938195E-15
4611.14661358242  8.996323E-15
4613.922968498  8.719726E-15
4616.69932341358  8.679880E-15
4619.47567832916  8.323178E-15
4622.25203324474  8.554629E-15
4625.02838816032  8.385908E-15
4627.8047430759  8.506002E-15
4630.58109799148  8.799962E-15
4633.35745290706  8.880167E-15
4636.13380782264  9.455533E-15
4638.91016273822  9.200413E-15
4641.6865176538  8.907326E-15
4644.46287256938  8.072713E-15
4647.23922748496  8.930122E-15
4650.01558240054  9.266211E-15
4652.79193731612  8.300271E-15
4655.5682922317  9.563370E-15
4658.34464714728  9.407858E-15
4661.12100206286  8.941902E-15
4663.89735697844  9.182915E-15
4666.67371189402  8.491955E-15
4669.4500668096  8.463128E-15
4672.22642172518  8.928481E-15
4675.00277664076  8.917511E-15
4677.77913155634  8.226776E-15
4680.55548647192  9.009723E-15
4683.3318413875  9.055120E-15
4686.10819630308  8.770643E-15
4688.88455121866  8.370518E-15
4691.66090613424  8.465762E-15
4694.43726104982  8.593108E-15
4697.21361596539  8.835872E-15
4699.98997088097  8.590529E-15
4702.76632579655  8.684039E-15
4705.54268071213  8.543036E-15
4708.31903562771  8.575102E-15
4711.09539054329  8.426982E-15
4713.87174545887  8.034500E-15
4716.64810037445  7.985150E-15
4719.42445529003  8.259315E-15
4722.20081020561  8.080240E-15
4724.97716512119  8.744521E-15
4727.75352003677  8.560499E-15
4730.52987495235  8.244455E-15
4733.30622986793  8.268555E-15
4736.08258478351  8.352052E-15
4738.85893969909  8.293702E-15
4741.63529461467  8.663023E-15
4744.41164953025  8.572543E-15
4747.18800444583  8.784655E-15
4749.96435936141  8.440808E-15
4752.74071427699  7.865122E-15
4755.51706919257  8.135065E-15
4758.29342410815  8.642183E-15
4761.06977902373  8.447727E-15
4763.84613393931  8.216349E-15
4766.62248885489  7.921937E-15
4769.39884377047  8.047864E-15
4772.17519868605  8.644789E-15
4774.95155360163  8.392978E-15
4777.72790851721  7.986957E-15
4780.50426343279  8.432502E-15
4783.28061834837  8.537107E-15
4786.05697326394  8.181564E-15
4788.83332817953  7.659730E-15
4791.6096830951  7.499743E-15
4794.38603801068  7.901929E-15
4797.16239292626  8.146228E-15
4799.93874784184  7.940252E-15
4802.71510275742  8.591304E-15
4805.491457673  7.961766E-15
4808.26781258858  7.543792E-15
4811.04416750416  7.868991E-15
4813.82052241974  8.118079E-15
4816.59687733532  8.310046E-15
4819.3732322509  7.934374E-15
4822.14958716648  7.629177E-15
4824.92594208206  8.366127E-15
4827.70229699764  8.228639E-15
4830.47865191322  8.138553E-15
4833.2550068288  7.543636E-15
4836.03136174438  7.855279E-15
4838.80771665996  7.503056E-15
4841.58407157554  7.696495E-15
4844.36042649112  7.927764E-15
4847.1367814067  8.119172E-15
4849.91313632228  7.856219E-15
4852.68949123786  8.251762E-15
4855.46584615344  8.249285E-15
4858.24220106902  8.276496E-15
4861.0185559846  8.522098E-15
4863.79491090018  8.502846E-15
4866.57126581576  8.091491E-15
4869.34762073134  8.005463E-15
4872.12397564692  7.358230E-15
4874.9003305625  7.391787E-15
4877.67668547807  7.288137E-15
4880.45304039366  6.868328E-15
4883.22939530923  7.374509E-15
4886.00575022481  7.767312E-15
4888.7821051404  7.297922E-15
4891.55846005597  7.589977E-15
4894.33481497155  7.642073E-15
4897.11116988713  7.945731E-15
4899.88752480271  8.392215E-15
4902.66387971829  8.131951E-15
4905.44023463387  8.062402E-15
4908.21658954945  8.207626E-15
4910.99294446503  8.510191E-15
4913.76929938061  8.149868E-15
4916.54565429619  7.816241E-15
4919.32200921177  7.760326E-15
4922.09836412735  8.060676E-15
4924.87471904293  7.669833E-15
4927.65107395851  7.461813E-15
4930.42742887409  7.164289E-15
4933.20378378967  7.811392E-15
4935.98013870525  7.373255E-15
4938.75649362083  7.436548E-15
4941.53284853641  8.023372E-15
4944.30920345199  7.981964E-15
4947.08555836757  7.761159E-15
4949.86191328315  7.448606E-15
4952.63826819873  7.711671E-15
4955.41462311431  7.932312E-15
4958.19097802989  7.744127E-15
4960.96733294547  7.591281E-15
4963.74368786104  7.280928E-15
4966.52004277663  7.823203E-15
4969.29639769221  7.675193E-15
4972.07275260778  7.823875E-15
4974.84910752337  7.304807E-15
4977.62546243894  7.762109E-15
4980.40181735452  7.551718E-15
4983.1781722701  6.954486E-15
4985.95452718569  7.813743E-15
4988.73088210126  8.152248E-15
4991.50723701684  7.967826E-15
4994.28359193242  7.535704E-15
4997.059946848  7.364668E-15
4999.83630176358  7.201276E-15
5002.61265667916  8.406846E-15
5005.38901159474  7.839216E-15
5008.16536651032  7.545851E-15
5010.9417214259  7.352570E-15
5013.71807634148  7.873908E-15
5016.49443125706  7.846746E-15
5019.27078617264  7.667795E-15
5022.04714108822  7.473736E-15
5024.8234960038  7.646247E-15
5027.59985091938  7.707576E-15
5030.37620583496  7.519610E-15
5033.15256075054  7.478748E-15
5035.92891566612  7.248175E-15
5038.7052705817  7.603545E-15
5041.48162549728  8.034490E-15
5044.25798041286  7.693317E-15
5047.03433532844  7.845892E-15
5049.81069024402  7.645230E-15
5052.5870451596  8.128570E-15
5055.36340007518  7.312487E-15
5058.13975499076  7.424788E-15
5060.91610990634  7.958248E-15
5063.69246482192  8.340229E-15
5066.4688197375  7.632970E-15
5069.24517465307  8.052044E-15
5072.02152956866  7.324917E-15
5074.79788448423  7.515733E-15
5077.57423939981  7.922846E-15
5080.3505943154  7.905889E-15
5083.12694923098  7.809213E-15
5085.90330414655  7.194493E-15
5088.67965906213  7.614915E-15
5091.45601397771  7.961773E-15
5094.23236889329  7.925703E-15
5097.00872380887  7.758048E-15
5099.78507872445  8.137477E-15
5102.56143364003  8.105846E-15
5105.33778855561  7.925241E-15
5108.11414347119  8.165012E-15
5110.89049838677  7.612140E-15
5113.66685330235  7.928885E-15
5116.44320821793  7.775811E-15
5119.21956313351  7.832659E-15
5121.99591804909  8.030909E-15
5124.77227296467  7.933680E-15
5127.54862788025  7.860295E-15
5130.32498279583  7.584585E-15
5133.10133771141  7.436019E-15
5135.87769262699  7.805121E-15
5138.65404754257  7.907874E-15
5141.43040245815  7.609315E-15
5144.20675737373  7.785232E-15
5146.98311228931  7.861794E-15
5149.75946720489  7.747604E-15
5152.53582212047  7.682355E-15
5155.31217703605  7.814088E-15
5158.08853195163  7.106864E-15
5160.86488686721  7.157776E-15
5163.64124178279  7.673840E-15
5166.41759669837  7.636275E-15
5169.19395161395  7.516903E-15
5171.97030652952  7.509265E-15
5174.74666144511  7.391553E-15
5177.52301636068  7.296439E-15
5180.29937127626  7.679578E-15
5183.07572619184  7.790230E-15
5185.85208110742  7.733496E-15
5188.628436023  7.208034E-15
5191.40479093858  7.337380E-15
5194.18114585416  7.958910E-15
5196.95750076974  7.577371E-15
5199.73385568532  7.475112E-15
5202.5102106009  7.005536E-15
5205.28656551648  7.186839E-15
5208.06292043206  7.294411E-15
5210.83927534764  7.684855E-15
5213.61563026322  7.585888E-15
5216.3919851788  7.514507E-15
5219.16834009438  7.907423E-15
5221.94469500996  8.135755E-15
5224.72104992554  7.809671E-15
5227.49740484112  7.618824E-15
5230.2737597567  6.919772E-15
5233.05011467228  7.096950E-15
5235.82646958786  7.061533E-15
5238.60282450344  7.178287E-15
5241.37917941902  7.342874E-15
5244.1555343346  7.787105E-15
5246.93188925018  7.546423E-15
5249.70824416576  7.359533E-15
5252.48459908134  7.434656E-15
5255.26095399692  7.383199E-15
5258.0373089125  7.080074E-15
5260.81366382808  7.366496E-15
5263.59001874365  7.531900E-15
5266.36637365923  7.386554E-15
5269.14272857481  7.616189E-15
5271.91908349039  7.581728E-15
5274.69543840597  7.147954E-15
5277.47179332155  6.966865E-15
5280.24814823713  7.256912E-15
5283.02450315271  7.249112E-15
5285.80085806829  7.372670E-15
5288.57721298387  7.425180E-15
5291.35356789945  7.261176E-15
5294.12992281503  7.349812E-15
5296.90627773061  7.849248E-15
5299.68263264619  7.440831E-15
5302.45898756177  7.409616E-15
5305.23534247735  7.505417E-15
5308.01169739293  6.903112E-15
5310.78805230851  6.976609E-15
5313.56440722409  7.242001E-15
5316.34076213967  6.875230E-15
5319.11711705525  6.697625E-15
5321.89347197083  7.270988E-15
5324.66982688641  6.838672E-15
5327.44618180199  6.709213E-15
5330.22253671757  6.780156E-15
5332.99889163315  7.175517E-15
5335.77524654873  7.106414E-15
5338.55160146431  6.872497E-15
5341.32795637989  7.405534E-15
5344.10431129547  7.150093E-15
5346.88066621105  7.012760E-15
5349.65702112662  6.983460E-15
5352.43337604221  6.755817E-15
5355.20973095778  7.137868E-15
5357.98608587337  7.423205E-15
5360.76244078894  6.909300E-15
5363.53879570452  6.964399E-15
5366.3151506201  7.004917E-15
5369.09150553568  6.987355E-15
5371.86786045126  6.936378E-15
5374.64421536684  7.084039E-15
5377.42057028242  7.075542E-15
5380.196925198  6.783012E-15
5382.97328011358  6.924994E-15
5385.74963502916  7.012444E-15
5388.52598994474  7.225308E-15
5391.30234486032  7.095091E-15
5394.0786997759  7.240581E-15
5396.85505469148  7.272570E-15
5399.63140960706  7.016911E-15
5402.40776452264  7.315453E-15
5405.18411943822  7.075811E-15
5407.9604743538  6.764157E-15
5410.73682926938  6.941201E-15
5413.51318418496  6.540877E-15
5416.28953910054  6.888340E-15
5419.06589401612  6.829498E-15
5421.8422489317  6.549496E-15
5424.61860384728  6.502737E-15
5427.39495876286  6.421319E-15
5430.17131367844  6.810562E-15
5432.94766859402  6.835122E-15
5435.7240235096  6.938911E-15
5438.50037842518  6.949687E-15
5441.27673334076  6.904963E-15
5444.05308825634  6.421656E-15
5446.82944317192  7.253449E-15
5449.6057980875  6.860952E-15
5452.38215300308  6.812189E-15
5455.15850791866  7.505561E-15
5457.93486283423  7.122530E-15
5460.71121774981  6.914421E-15
5463.48757266539  7.036315E-15
5466.26392758097  6.591476E-15
5469.04028249655  6.497211E-15
5471.81663741213  6.782467E-15
5474.59299232771  7.087524E-15
5477.36934724329  6.510961E-15
5480.14570215887  6.510632E-15
5482.92205707445  6.785085E-15
5485.69841199003  6.804319E-15
5488.47476690561  6.936628E-15
5491.25112182119  7.076363E-15
5494.02747673677  6.907313E-15
5496.80383165235  6.327856E-15
5499.58018656793  6.609754E-15
5502.35654148351  6.653501E-15
5505.13289639909  6.947381E-15
5507.90925131467  7.001659E-15
5510.68560623025  6.605973E-15
5513.46196114583  7.011865E-15
5516.23831606141  6.869895E-15
5519.01467097699  6.944243E-15
5521.79102589257  6.290551E-15
5524.56738080815  6.651858E-15
5527.34373572373  6.667045E-15
5530.12009063931  6.179016E-15
5532.89644555489  6.413955E-15
5535.67280047047  6.677890E-15
5538.44915538605  6.834719E-15
5541.22551030163  6.744908E-15
5544.0018652172  6.895094E-15
5546.77822013278  6.810859E-15
5549.55457504837  6.168692E-15
5552.33092996394  6.543567E-15
5555.10728487952  6.523696E-15
5557.8836397951  6.363527E-15
5560.65999471068  6.539334E-15
5563.43634962626  6.377313E-15
5566.21270454184  6.509626E-15
5568.98905945742  6.830998E-15
5571.765414373  6.597296E-15
5574.54176928858  6.328802E-15
5577.31812420416  6.571447E-15
5580.09447911974  6.544429E-15
5582.87083403532  6.494243E-15
5585.6471889509  6.408628E-15
5588.42354386648  6.488485E-15
5591.19989878206  6.986874E-15
5593.97625369764  6.559305E-15
5596.75260861322  6.268150E-15
5599.5289635288  6.736647E-15
5602.30531844438  6.492181E-15
5605.08167335996  6.432527E-15
5607.85802827554  6.576475E-15
5610.63438319112  6.412983E-15
5613.4107381067  6.913041E-15
5616.18709302228  6.633918E-15
5618.96344793786  6.220034E-15
5621.73980285344  6.349342E-15
5624.51615776902  6.316149E-15
5627.2925126846  6.262412E-15
5630.06886760018  6.697514E-15
5632.84522251576  6.668012E-15
5635.62157743134  6.538625E-15
5638.39793234691  6.885306E-15
5641.1742872625  6.744732E-15
5643.95064217807  6.203159E-15
5646.72699709365  6.270255E-15
5649.50335200923  6.320114E-15
5652.27970692482  6.269566E-15
5655.05606184039  5.848248E-15
5657.83241675597  6.219727E-15
5660.60877167155  6.235798E-15
5663.38512658713  6.297976E-15
5666.16148150271  6.400827E-15
5668.93783641829  6.718577E-15
5671.71419133387  6.279074E-15
5674.49054624945  6.301356E-15
5677.26690116503  6.563937E-15
5680.04325608061  6.464055E-15
5682.81961099619  6.409773E-15
5685.59596591177  6.428268E-15
5688.37232082735  6.388930E-15
5691.14867574293  6.219859E-15
5693.92503065851  6.572017E-15
5696.70138557409  6.453436E-15
5699.47774048967  6.247503E-15
5702.25409540525  6.290245E-15
5705.03045032083  6.561599E-15
5707.80680523641  6.303415E-15
5710.58316015199  6.151167E-15
5713.35951506757  6.222012E-15
5716.13586998315  6.137118E-15
5718.91222489873  6.218757E-15
5721.68857981431  6.179349E-15
5724.46493472989  5.804416E-15
5727.24128964546  6.001934E-15
5730.01764456105  6.050477E-15
5732.79399947663  6.309228E-15
5735.5703543922  6.299162E-15
5738.34670930778  5.990575E-15
5741.12306422336  6.122387E-15
5743.89941913894  6.151599E-15
5746.67577405452  5.843991E-15
5749.4521289701  6.217391E-15
5752.22848388568  6.158379E-15
5755.00483880126  6.194393E-15
5757.78119371684  6.180269E-15
5760.55754863242  6.153519E-15
5763.333903548  6.341537E-15
5766.11025846358  6.276348E-15
5768.88661337916  6.247760E-15
5771.66296829474  6.105145E-15
5774.43932321032  5.976271E-15
5777.2156781259  6.108002E-15
5779.99203304148  6.133201E-15
5782.76838795706  6.316165E-15
5785.54474287264  6.389670E-15
5788.32109778822  6.105331E-15
5791.0974527038  6.042868E-15
5793.87380761938  6.068580E-15
5796.65016253496  6.237475E-15
5799.42651745054  6.163075E-15
5802.20287236612  6.034413E-15
5804.9792272817  6.480668E-15
5807.75558219728  6.409657E-15
5810.53193711286  6.605866E-15
5813.30829202844  6.078380E-15
5816.08464694402  6.516053E-15
5818.8610018596  6.476446E-15
5821.63735677518  6.163096E-15
5824.41371169076  6.189719E-15
5827.19006660633  6.155498E-15
5829.96642152192  6.055297E-15
5832.74277643749  6.075737E-15
5835.51913135307  6.263170E-15
5838.29548626865  6.326702E-15
5841.07184118423  6.436142E-15
5843.84819609981  5.921284E-15
5846.62455101539  6.077618E-15
5849.40090593097  5.783541E-15
5852.17726084655  6.076314E-15
5854.95361576213  6.240151E-15
5857.72997067771  6.007667E-15
5860.50632559329  5.977786E-15
5863.28268050887  5.932557E-15
5866.05903542445  5.841001E-15
5868.83539034003  6.252693E-15
5871.61174525561  6.071685E-15
5874.38810017119  6.030424E-15
5877.16445508677  6.360688E-15
5879.94081000235  6.245396E-15
5882.71716491793  5.704583E-15
5885.49351983351  5.541497E-15
5888.26987474909  5.772661E-15
5891.04622966467  5.702806E-15
5893.82258458025  5.739451E-15
5896.59893949583  6.167501E-15
5899.37529441141  6.004467E-15
5902.15164932699  5.729063E-15
5904.92800424257  6.061478E-15
5907.70435915815  5.675768E-15
5910.48071407373  5.413413E-15
5913.25706898931  5.587610E-15
5916.03342390489  5.831648E-15
5918.80977882047  5.819401E-15
5921.58613373604  5.528775E-15
5924.36248865163  5.517301E-15
5927.1388435672  5.656384E-15
5929.91519848278  5.489848E-15
5932.69155339836  5.705914E-15
5935.46790831394  5.593060E-15
5938.24426322952  5.538106E-15
5941.0206181451  5.621977E-15
5943.79697306068  5.726118E-15
5946.57332797626  5.484835E-15
5949.34968289184  5.473360E-15
5952.12603780742  5.545093E-15
5954.902392723  5.509464E-15
5957.67874763858  5.766111E-15
5960.45510255416  5.914970E-15
5963.23145746974  5.561600E-15
5966.00781238532  5.608297E-15
5968.7841673009  5.498972E-15
5971.56052221648  5.229142E-15
5974.33687713206  5.560140E-15
5977.11323204764  5.089502E-15
5979.88958696322  5.130494E-15
5982.6659418788  5.542014E-15
5985.44229679438  5.460810E-15
5988.21865170996  5.684400E-15
5990.99500662554  5.573764E-15
5993.77136154112  5.719139E-15
5996.5477164567  5.868089E-15
5999.32407137228  5.587151E-15
6002.10042628786  5.547191E-15
6004.87678120344  5.543936E-15
6007.65313611902  5.492841E-15
6010.42949103459  5.535149E-15
6013.20584595018  5.763211E-15
6015.98220086575  5.791985E-15
6018.75855578134  5.582025E-15
6021.53491069691  5.629584E-15
6024.31126561249  5.595330E-15
6027.08762052807  5.554793E-15
6029.86397544365  5.733660E-15
6032.64033035923  5.678759E-15
6035.41668527481  5.408044E-15
6038.19304019039  5.319498E-15
6040.96939510597  5.697218E-15
6043.74575002155  5.640571E-15
6046.52210493713  5.465446E-15
6049.29845985271  5.533848E-15
6052.07481476829  5.620423E-15
6054.85116968387  5.857930E-15
6057.62752459945  5.843054E-15
6060.40387951503  5.354986E-15
6063.18023443061  5.173656E-15
6065.95658934619  5.118366E-15
6068.73294426177  5.678704E-15
6071.50929917735  5.635632E-15
6074.28565409293  5.494221E-15
6077.06200900851  5.326812E-15
6079.83836392409  5.318328E-15
6082.61471883967  5.533379E-15
6085.39107375525  5.745056E-15
6088.16742867083  5.712045E-15
6090.94378358641  5.243041E-15
6093.72013850199  5.387159E-15
6096.49649341757  5.327783E-15
6099.27284833315  5.340815E-15
6102.04920324873  5.238632E-15
6104.82555816431  5.288544E-15
6107.60191307989  5.128896E-15
6110.37826799546  5.396533E-15
6113.15462291105  5.553525E-15
6115.93097782662  5.330915E-15
6118.7073327422  5.418474E-15
6121.48368765778  6.063919E-15
6124.26004257336  5.663776E-15
6127.03639748894  5.554795E-15
6129.81275240452  5.184179E-15
6132.5891073201  5.557204E-15
6135.36546223568  5.631196E-15
6138.14181715126  5.413280E-15
6140.91817206684  5.791802E-15
6143.69452698242  5.521712E-15
6146.470881898  5.310479E-15
6149.24723681358  5.095926E-15
6152.02359172916  5.547790E-15
6154.79994664474  5.366139E-15
6157.57630156032  5.312537E-15
6160.3526564759  5.300004E-15
6163.12901139148  5.338229E-15
6165.90536630706  5.308901E-15
6168.68172122264  5.155450E-15
6171.45807613822  5.210250E-15
6174.2344310538  5.315105E-15
6177.01078596938  5.196460E-15
6179.78714088496  5.220938E-15
6182.56349580054  5.407038E-15
6185.33985071612  5.371177E-15
6188.1162056317  5.126391E-15
6190.89256054728  5.050862E-15
6193.66891546286  5.433684E-15
6196.44527037844  5.614976E-15
6199.22162529402  5.358845E-15
6201.9979802096  5.158701E-15
6204.77433512517  5.159444E-15
6207.55069004076  5.437124E-15
6210.32704495633  5.398386E-15
6213.10339987191  5.342841E-15
6215.87975478749  5.456065E-15
6218.65610970307  5.271045E-15
6221.43246461865  5.251647E-15
6224.20881953423  5.311662E-15
6226.98517444981  5.593101E-15
6229.76152936539  5.382348E-15
6232.53788428097  5.359421E-15
6235.31423919655  5.103390E-15
6238.09059411213  5.182963E-15
6240.86694902771  5.120707E-15
6243.64330394329  4.875058E-15
6246.41965885887  5.146225E-15
6249.19601377445  5.268311E-15
6251.97236869003  5.294454E-15
6254.74872360561  5.346214E-15
6257.52507852119  5.406503E-15
6260.30143343677  5.595776E-15
6263.07778835235  5.148615E-15
6265.85414326793  5.068628E-15
6268.63049818351  4.976239E-15
6271.40685309909  5.243191E-15
6274.18320801467  5.077375E-15
6276.95956293025  4.928239E-15
6279.73591784583  4.803890E-15
6282.51227276141  4.890796E-15
6285.28862767699  5.125174E-15
6288.06498259257  5.050893E-15
6290.84133750815  4.767456E-15
6293.61769242373  4.978395E-15
6296.39404733931  5.049647E-15
6299.17040225488  5.186703E-15
6301.94675717047  4.948188E-15
6304.72311208604  5.035196E-15
6307.49946700162  4.742110E-15
6310.2758219172  4.936073E-15
6313.05217683278  5.497811E-15
6315.82853174836  5.332963E-15
6318.60488666394  4.922961E-15
6321.38124157952  5.001978E-15
6324.1575964951  4.912313E-15
6326.93395141068  5.022512E-15
6329.71030632626  5.010736E-15
6332.48666124184  5.118406E-15
6335.26301615742  5.366104E-15
6338.039371073  5.145009E-15
6340.81572598858  5.015628E-15
6343.59208090416  5.104261E-15
6346.36843581974  5.035473E-15
6349.14479073532  5.276373E-15
6351.9211456509  5.071542E-15
6354.69750056648  4.744304E-15
6357.47385548206  5.356595E-15
6360.25021039764  5.199042E-15
6363.02656531322  5.178561E-15
6365.8029202288  5.007848E-15
6368.57927514438  5.053962E-15
6371.35563005996  5.204726E-15
6374.13198497554  5.009442E-15
6376.90833989111  4.789181E-15
6379.6846948067  5.090302E-15
6382.46104972228  4.985684E-15
6385.23740463786  4.866416E-15
6388.01375955344  5.259042E-15
6390.79011446902  5.160865E-15
6393.56646938459  5.065241E-15
6396.34282430017  5.083929E-15
6399.11917921575  5.178184E-15
6401.89553413133  4.915004E-15
6404.67188904691  4.813176E-15
6407.44824396249  5.055746E-15
6410.22459887807  4.973856E-15
6413.00095379365  4.510693E-15
6415.77730870923  4.342096E-15
6418.55366362481  4.942621E-15
6421.33001854039  5.133865E-15
6424.10637345597  5.068822E-15
6426.88272837155  5.260264E-15
6429.65908328713  4.712737E-15
6432.43543820271  4.501620E-15
6435.21179311829  4.940708E-15
6437.98814803387  5.532186E-15
6440.76450294945  5.088194E-15
6443.54085786503  4.772857E-15
6446.31721278061  4.935345E-15
6449.09356769619  5.082791E-15
6451.86992261177  5.281950E-15
6454.64627752735  5.009135E-15
6457.42263244293  4.591193E-15
6460.19898735851  4.635979E-15
6462.97534227409  4.631340E-15
6465.75169718967  4.733671E-15
6468.52805210525  5.102322E-15
6471.30440702083  4.952374E-15
6474.08076193641  4.761020E-15
6476.85711685199  4.681952E-15
6479.63347176757  4.812646E-15
6482.40982668315  4.659552E-15
6485.18618159872  4.770855E-15
6487.9625365143  4.772838E-15
6490.73889142988  4.616632E-15
6493.51524634546  5.077257E-15
6496.29160126104  4.811347E-15
6499.06795617662  4.951377E-15
6501.8443110922  4.548470E-15
6504.62066600778  4.298511E-15
6507.39702092336  4.264558E-15
6510.17337583894  4.733015E-15
6512.94973075452  4.976219E-15
6515.7260856701  4.453117E-15
6518.50244058568  4.493990E-15
6521.27879550126  4.794932E-15
6524.05515041684  4.704350E-15
6526.83150533242  4.740960E-15
6529.607860248  4.548187E-15
6532.38421516358  4.478972E-15
6535.16057007916  4.793857E-15
6537.93692499474  4.834339E-15
6540.71327991032  5.170882E-15
6543.4896348259  5.501929E-15
6546.26598974148  5.767735E-15
6549.04234465706  6.377390E-15
6551.81869957264  7.156758E-15
6554.59505448822  7.918165E-15
6557.3714094038  8.306341E-15
6560.14776431938  8.560366E-15
6562.92411923496  8.280414E-15
6565.70047415053  7.641358E-15
6568.47682906612  7.010645E-15
6571.25318398169  5.864416E-15
6574.02953889728  5.472232E-15
6576.80589381286  5.023179E-15
6579.58224872843  4.813648E-15
6582.35860364401  4.598939E-15
6585.13495855959  4.442085E-15
6587.91131347517  4.294767E-15
6590.68766839076  4.715391E-15
6593.46402330633  4.582642E-15
6596.24037822191  4.518907E-15
6599.01673313749  4.692255E-15
6601.79308805307  4.875561E-15
6604.56944296865  4.145781E-15
6607.34579788423  4.025038E-15
6610.12215279981  4.339999E-15
6612.89850771539  4.366005E-15
6615.67486263097  4.369012E-15
6618.45121754655  4.437175E-15
6621.22757246213  4.486911E-15
6624.00392737771  4.648007E-15
6626.78028229329  4.487015E-15
6629.55663720887  4.161126E-15
6632.33299212445  4.489546E-15
6635.10934704003  4.331949E-15
6637.88570195561  4.303752E-15
6640.66205687119  4.361761E-15
6643.43841178677  4.186818E-15
6646.21476670235  4.353771E-15
6648.99112161793  4.547417E-15
6651.76747653351  4.495649E-15
6654.54383144909  4.345473E-15
6657.32018636467  4.428179E-15
6660.09654128025  4.585038E-15
6662.87289619583  4.578454E-15
6665.64925111141  4.578200E-15
6668.42560602698  4.474427E-15
6671.20196094257  4.349167E-15
6673.97831585815  4.577285E-15
6676.75467077372  5.209979E-15
6679.5310256893  4.705518E-15
6682.30738060488  4.708826E-15
6685.08373552046  4.527352E-15
6687.86009043604  4.322030E-15
6690.63644535162  4.351884E-15
6693.4128002672  4.170863E-15
6696.18915518278  4.411296E-15
6698.96551009836  4.314038E-15
6701.74186501394  4.590404E-15
6704.51821992952  4.248583E-15
6707.2945748451  4.109820E-15
6710.07092976068  4.411281E-15
6712.84728467626  4.527626E-15
6715.62363959184  4.264437E-15
6718.39999450742  4.449136E-15
6721.176349423  4.515307E-15
6723.95270433858  4.521898E-15
6726.72905925416  4.332710E-15
6729.50541416974  4.237259E-15
6732.28176908532  4.522247E-15
6735.0581240009  4.464183E-15
6737.83447891648  4.144827E-15
6740.61083383206  4.082547E-15
6743.38718874764  4.261287E-15
6746.16354366322  4.222843E-15
6748.9398985788  4.170507E-15
6751.71625349438  4.431540E-15
6754.49260840996  4.469707E-15
6757.26896332554  3.958132E-15
6760.04531824112  4.353255E-15
6762.82167315669  4.653460E-15
6765.59802807227  4.444652E-15
6768.37438298785  4.568122E-15
6771.15073790343  4.513170E-15
6773.92709281901  4.335904E-15
6776.70344773459  4.431631E-15
6779.47980265018  4.466484E-15
6782.25615756575  4.130067E-15
6785.03251248133  3.795402E-15
6787.80886739691  3.946170E-15
6790.58522231249  4.469402E-15
6793.36157722807  4.328750E-15
6796.13793214365  4.295261E-15
6798.91428705923  4.461653E-15
6801.69064197481  4.413742E-15
6804.46699689039  4.115051E-15
6807.24335180597  4.147925E-15
6810.01970672155  4.392864E-15
6812.79606163713  4.473970E-15
6815.57241655271  4.319072E-15
6818.34877146829  4.327770E-15
6821.12512638387  4.481030E-15
6823.90148129945  4.144317E-15
6826.67783621503  4.182985E-15
6829.45419113061  4.132603E-15
6832.23054604619  3.942876E-15
6835.00690096177  4.177511E-15
6837.78325587735  4.076132E-15
6840.55961079293  4.163386E-15
6843.33596570851  3.996680E-15
6846.11232062409  4.125376E-15
6848.88867553967  4.208488E-15
6851.66503045524  4.038538E-15
6854.44138537082  4.263071E-15
6857.21774028641  4.325317E-15
6859.99409520199  4.251223E-15
6862.77045011756  4.076292E-15
6865.54680503314  4.311296E-15
6868.32315994872  3.926394E-15
6871.0995148643  3.739322E-15
6873.87586977988  4.360113E-15
6876.65222469546  4.583743E-15
6879.42857961104  4.232639E-15
6882.20493452662  4.264864E-15
6884.9812894422  4.360364E-15
6887.75764435778  4.297578E-15
6890.53399927336  4.292821E-15
6893.31035418894  4.212875E-15
6896.08670910452  4.045899E-15
6898.8630640201  3.966848E-15
6901.63941893568  4.380415E-15
6904.41577385126  4.524519E-15
6907.19212876684  4.485128E-15
6909.96848368242  4.265290E-15
6912.744838598  4.232518E-15
6915.52119351358  4.333781E-15
6918.29754842916  4.251868E-15
6921.07390334474  4.253795E-15
6923.85025826032  4.336508E-15
6926.6266131759  4.136830E-15
6929.40296809148  4.214035E-15
6932.17932300706  4.236671E-15
6934.95567792264  4.164874E-15
6937.73203283822  4.166232E-15
6940.5083877538  4.132153E-15
6943.28474266938  4.648685E-15
6946.06109758495  4.556656E-15
6948.83745250054  4.142835E-15
6951.61380741612  4.381770E-15
6954.39016233169  4.540789E-15
6957.16651724727  4.289081E-15
6959.94287216285  4.386721E-15
6962.71922707843  4.305911E-15
6965.49558199401  4.000244E-15
6968.27193690959  4.015018E-15
6971.04829182517  3.845259E-15
6973.82464674075  4.017337E-15
6976.60100165633  4.079835E-15
6979.37735657191  4.155300E-15
6982.15371148749  4.606490E-15
6984.93006640307  4.116498E-15
6987.70642131865  4.204265E-15
6990.48277623423  4.301455E-15
6993.25913114981  4.047258E-15
6996.03548606539  4.143566E-15
6998.81184098097  4.027962E-15
7001.58819589655  4.042948E-15
7004.36455081213  3.922947E-15
7007.14090572771  3.879796E-15
7009.91726064329  3.843519E-15
7012.69361555887  3.871149E-15
7015.46997047445  3.942849E-15
7018.24632539003  4.073528E-15
7021.02268030561  4.266682E-15
7023.79903522119  3.908331E-15
7026.57539013677  3.931232E-15
7029.35174505235  4.187074E-15
7032.12809996793  4.032840E-15
7034.90445488351  4.128585E-15
7037.68080979909  4.049943E-15
7040.45716471466  3.940838E-15
7043.23351963024  4.078248E-15
7046.00987454583  4.099026E-15
7048.7862294614  4.139229E-15
7051.56258437698  4.406846E-15
7054.33893929256  4.160486E-15
7057.11529420814  4.231955E-15
7059.89164912372  4.549505E-15
7062.6680040393  4.220934E-15
7065.44435895488  4.371414E-15
7068.22071387046  4.308132E-15
7070.99706878604  4.388105E-15
7073.77342370162  4.399589E-15
7076.5497786172  4.253781E-15
7079.32613353278  4.008272E-15
7082.10248844836  3.864335E-15
7084.87884336394  3.912516E-15
7087.65519827952  4.143407E-15
7090.4315531951  4.116967E-15
7093.20790811068  4.075422E-15
7095.98426302626  3.958206E-15
7098.76061794184  3.909358E-15
7101.53697285742  4.225431E-15
7104.313327773  4.013854E-15
7107.08968268858  3.821135E-15
7109.86603760416  4.042101E-15
7112.64239251974  3.791784E-15
7115.41874743532  4.030610E-15
7118.1951023509  3.957621E-15
7120.97145726648  3.748621E-15
7123.74781218206  4.109969E-15
7126.52416709764  3.936898E-15
7129.30052201322  4.095457E-15
7132.0768769288  3.799126E-15
7134.85323184437  4.126698E-15
7137.62958675996  4.070801E-15
7140.40594167553  3.952095E-15
7143.18229659112  3.658251E-15
7145.95865150669  3.759518E-15
7148.73500642227  3.931073E-15
7151.51136133785  4.087119E-15
7154.28771625343  4.006841E-15
7157.06407116901  3.922116E-15
7159.84042608459  3.673537E-15
7162.61678100017  3.385105E-15
7165.39313591575  3.487843E-15
7168.16949083133  3.488429E-15
7170.94584574691  3.410705E-15
7173.72220066249  3.559224E-15
7176.49855557807  3.617411E-15
7179.27491049365  3.212827E-15
7182.05126540923  3.651492E-15
7184.82762032481  3.655640E-15
7187.60397524039  3.561209E-15
7190.38033015597  3.479150E-15
7193.15668507155  3.377888E-15
7195.93303998713  3.562884E-15
7198.70939490271  3.646177E-15
7201.48574981829  3.907535E-15
7204.26210473387  3.901969E-15
7207.03845964945  3.692830E-15
7209.81481456503  3.501005E-15
7212.59116948061  3.821609E-15
7215.36752439619  3.832567E-15
7218.14387931177  3.717056E-15
7220.92023422735  3.718360E-15
7223.69658914293  3.666475E-15
7226.47294405851  3.612643E-15
7229.24929897409  3.355540E-15
7232.02565388966  3.305378E-15
7234.80200880524  3.568240E-15
7237.57836372083  3.571351E-15
7240.3547186364  3.600052E-15
7243.13107355198  3.754045E-15
7245.90742846756  3.786875E-15
7248.68378338314  3.839906E-15
7251.46013829872  3.752427E-15
7254.2364932143  3.717149E-15
7257.01284812988  3.600310E-15
7259.78920304546  3.782651E-15
7262.56555796104  3.846292E-15
7265.34191287662  3.962559E-15
7268.1182677922  3.646744E-15
7270.89462270778  3.585729E-15
7273.67097762336  3.539447E-15
7276.44733253894  3.547449E-15
7279.22368745452  3.408521E-15
7282.0000423701  3.339490E-15
7284.77639728568  3.565907E-15
7287.55275220126  3.579388E-15
7290.32910711684  3.356056E-15
7293.10546203242  3.399478E-15
7295.881816948  3.536373E-15
7298.65817186358  3.386218E-15
7301.43452677916  3.462615E-15
7304.21088169474  3.596598E-15
7306.98723661032  3.643425E-15
7309.7635915259  3.725955E-15
7312.53994644148  3.369394E-15
7315.31630135706  3.376287E-15
7318.09265627264  3.446778E-15
7320.86901118822  3.199688E-15
7323.6453661038  3.167237E-15
7326.42172101938  3.276240E-15
7329.19807593495  3.578607E-15
7331.97443085053  3.810971E-15
7334.75078576611  3.517807E-15
7337.52714068169  3.512631E-15
7340.30349559727  3.512458E-15
7343.07985051285  3.269871E-15
7345.85620542843  3.171975E-15
7348.63256034401  3.253307E-15
7351.40891525959  3.492983E-15
7354.18527017517  3.733723E-15
7356.96162509075  3.733708E-15
7359.73798000633  3.593170E-15
7362.51433492191  3.629849E-15
7365.29068983749  3.533444E-15
7368.06704475307  3.522512E-15
7370.84339966865  3.640440E-15
7373.61975458423  3.445882E-15
7376.39610949981  3.580781E-15
7379.17246441539  3.675096E-15
7381.94881933097  3.487896E-15
7384.72517424655  3.378482E-15
7387.50152916213  3.480644E-15
7390.27788407771  3.479094E-15
7393.05423899329  3.411394E-15
7395.83059390887  3.513707E-15
7398.60694882445  3.542332E-15
7401.38330374003  3.481689E-15
7404.15965865561  3.526264E-15
7406.93601357119  3.463679E-15
7409.71236848677  3.503683E-15
7412.48872340235  3.636197E-15
7415.26507831793  3.437509E-15
7418.04143323351  3.438108E-15
7420.81778814909  3.590981E-15
7423.59414306466  3.418210E-15
7426.37049798024  3.329726E-15
7429.14685289582  3.476392E-15
7431.9232078114  3.516143E-15
7434.69956272698  3.456766E-15
7437.47591764256  3.626215E-15
7440.25227255814  3.384376E-15
7443.02862747372  3.603548E-15
7445.8049823893  3.264194E-15
7448.58133730488  3.326664E-15
7451.35769222046  3.368040E-15
7454.13404713604  3.342941E-15
7456.91040205162  3.319833E-15
7459.6867569672  3.269757E-15
7462.46311188278  3.371634E-15
7465.23946679836  3.381282E-15
7468.01582171394  3.430709E-15
7470.79217662952  3.424107E-15
7473.5685315451  3.145388E-15
7476.34488646068  3.264429E-15
7479.12124137626  3.490478E-15
7481.89759629184  3.338445E-15
7484.67395120742  3.049088E-15
7487.450306123  3.097580E-15
7490.22666103858  3.121579E-15
7493.00301595416  3.251925E-15
7495.77937086974  2.955823E-15
7498.55572578532  3.481125E-15
7501.3320807009  3.736320E-15
7504.10843561648  3.405639E-15
7506.88479053206  2.998026E-15
7509.66114544764  3.191066E-15
7512.43750036321  3.407730E-15
7515.2138552788  3.337284E-15
7517.99021019437  3.264242E-15
7520.76656510995  3.216844E-15
7523.54292002553  3.581050E-15
7526.31927494111  3.646814E-15
7529.09562985669  3.238924E-15
7531.87198477227  3.489592E-15
7534.64833968785  3.429842E-15
7537.42469460343  3.172515E-15
7540.20104951901  3.335341E-15
7542.97740443459  3.494455E-15
7545.75375935017  3.337630E-15
7548.53011426575  3.432107E-15
7551.30646918133  3.872428E-15
7554.08282409691  3.542672E-15
7556.85917901249  3.379276E-15
7559.63553392807  3.530606E-15
7562.41188884365  3.667586E-15
7565.18824375923  3.234984E-15
7567.96459867481  3.145564E-15
7570.74095359039  3.233495E-15
7573.51730850597  3.065671E-15
7576.29366342155  3.303481E-15
7579.07001833713  3.339041E-15
7581.84637325271  3.017812E-15
7584.62272816829  3.015262E-15
7587.39908308387  3.171630E-15
7590.17543799945  3.285661E-15
7592.95179291503  2.905989E-15
7595.72814783061  3.139927E-15
7598.50450274619  3.029887E-15
7601.28085766177  2.908254E-15
7604.05721257735  2.560730E-15
7606.83356749292  2.607732E-15
7609.60992240851  2.952960E-15
7612.38627732408  3.300471E-15
7615.16263223967  3.000138E-15
7617.93898715524  3.232016E-15
7620.71534207082  3.261321E-15
7623.4916969864  3.333320E-15
7626.26805190198  3.202426E-15
7629.04440681756  3.364428E-15
7631.82076173314  3.344230E-15
7634.59711664872  2.778524E-15
7637.3734715643  2.937337E-15
7640.14982647988  3.297348E-15
7642.92618139546  3.016065E-15
7645.70253631104  2.923472E-15
7648.47889122662  3.183793E-15
7651.2552461422  3.186970E-15
7654.03160105778  3.083153E-15
7656.80795597336  3.247237E-15
7659.58431088894  3.066517E-15
7662.36066580452  3.144034E-15
7665.1370207201  2.705318E-15
7667.91337563568  2.867541E-15
7670.68973055126  2.856448E-15
7673.46608546684  2.653344E-15
7676.24244038242  2.940464E-15
7679.018795298  3.291396E-15
7681.79515021358  3.251824E-15
7684.57150512916  3.014204E-15
7687.34786004474  2.910797E-15
7690.12421496032  3.125645E-15
7692.9005698759  3.232123E-15
7695.67692479148  3.204081E-15
7698.45327970706  3.173381E-15
7701.22963462264  2.982017E-15
7704.00598953821  3.084514E-15
7706.78234445379  2.878791E-15
7709.55869936937  2.833231E-15
7712.33505428495  3.090266E-15
7715.11140920053  2.979857E-15
7717.88776411611  3.115567E-15
7720.66411903169  3.086202E-15
7723.44047394727  2.698501E-15
7726.21682886285  2.712920E-15
7728.99318377843  2.955865E-15
7731.76953869401  3.250247E-15
7734.54589360959  2.923273E-15
7737.32224852517  3.011311E-15
7740.09860344075  3.196527E-15
7742.87495835633  2.988621E-15
7745.65131327191  3.098436E-15
7748.42766818749  3.154560E-15
7751.20402310307  2.917062E-15
7753.98037801865  2.871664E-15
7756.75673293423  2.965873E-15
7759.53308784981  3.095138E-15
7762.30944276539  3.173068E-15
7765.08579768097  3.202273E-15
7767.86215259655  2.736997E-15
7770.63850751213  2.925785E-15
7773.41486242771  3.105434E-15
7776.19121734329  2.877193E-15
7778.96757225887  2.904868E-15
7781.74392717445  2.750841E-15
7784.52028209003  2.978940E-15
7787.29663700561  3.003002E-15
7790.07299192119  2.921774E-15
7792.84934683677  3.025504E-15
7795.62570175234  3.021646E-15
7798.40205666793  3.139526E-15
7801.1784115835  3.273841E-15
7803.95476649909  3.062352E-15
7806.73112141466  2.937544E-15
7809.50747633024  3.052590E-15
7812.28383124582  3.079193E-15
7815.0601861614  3.103973E-15
7817.83654107698  3.124433E-15
7820.61289599256  2.834661E-15
7823.38925090814  3.021021E-15
7826.16560582372  3.242040E-15
7828.9419607393  3.345038E-15
7831.71831565488  2.998512E-15
7834.49467057046  3.180541E-15
7837.27102548604  3.061560E-15
7840.04738040162  3.082512E-15
7842.8237353172  2.995359E-15
7845.60009023278  3.070437E-15
7848.37644514836  2.831234E-15
7851.15280006394  2.805084E-15
7853.92915497952  3.133939E-15
7856.7055098951  3.236843E-15
7859.48186481068  3.233089E-15
7862.25821972626  2.991923E-15
7865.03457464184  3.006353E-15
7867.81092955742  2.932883E-15
7870.587284473  2.876310E-15
7873.36363938858  3.100936E-15
7876.13999430416  3.007150E-15
7878.91634921974  2.811542E-15
7881.69270413532  2.930664E-15
7884.4690590509  2.996502E-15
7887.24541396648  3.053835E-15
7890.02176888206  2.830835E-15
7892.79812379764  2.726249E-15
7895.57447871321  2.665026E-15
7898.3508336288  2.718114E-15
7901.12718854437  2.717078E-15
7903.90354345995  2.676880E-15
7906.67989837553  2.837238E-15
7909.45625329111  2.790732E-15
7912.23260820669  2.750661E-15
7915.00896312227  2.905394E-15
7917.78531803785  2.686706E-15
7920.56167295343  2.686739E-15
7923.33802786901  2.698959E-15
7926.11438278459  2.675012E-15
7928.89073770017  2.831623E-15
7931.66709261575  3.034764E-15
7934.44344753133  2.942190E-15
7937.21980244691  2.766309E-15
7939.99615736249  2.787673E-15
7942.77251227807  2.695345E-15
7945.54886719365  2.628086E-15
7948.32522210923  2.720228E-15
7951.10157702481  2.636602E-15
7953.87793194039  2.627374E-15
7956.65428685597  2.595703E-15
7959.43064177155  2.525537E-15
7962.20699668713  2.760059E-15
7964.98335160271  2.756908E-15
7967.75970651829  2.607446E-15
7970.53606143387  2.859652E-15
7973.31241634945  2.684194E-15
7976.08877126503  2.529441E-15
7978.86512618061  2.705250E-15
7981.64148109619  2.659829E-15
7984.41783601176  2.950301E-15
7987.19419092735  2.993307E-15
7989.97054584292  2.764034E-15
7992.74690075851  2.744790E-15
7995.52325567408  2.482398E-15
7998.29961058966  2.592530E-15
8001.07596550524  2.543660E-15
8003.85232042082  2.722689E-15
8006.6286753364  2.805167E-15
8009.40503025198  2.625581E-15
8012.18138516756  2.519556E-15
8014.95774008314  2.732837E-15
8017.73409499872  2.829727E-15
8020.5104499143  2.486669E-15
8023.28680482988  2.580895E-15
8026.06315974546  2.771989E-15
8028.83951466104  2.729572E-15
8031.61586957662  2.704698E-15
8034.3922244922  2.897586E-15
8037.16857940778  2.675671E-15
8039.94493432336  2.449579E-15
8042.72128923894  2.868783E-15
8045.49764415452  2.640078E-15
8048.2739990701  2.473734E-15
8051.05035398568  2.653368E-15
8053.82670890126  2.679992E-15
8056.60306381684  2.448535E-15
8059.37941873242  2.510540E-15
8062.155773648  2.754670E-15
8064.93212856357  2.652409E-15
8067.70848347916  2.503044E-15
8070.48483839474  2.629184E-15
8073.26119331031  2.787160E-15
8076.03754822589  2.755016E-15
8078.81390314148  2.635624E-15
8081.59025805706  2.687074E-15
8084.36661297263  2.487082E-15
8087.14296788822  2.625167E-15
8089.91932280379  2.838808E-15
8092.69567771937  2.693263E-15
8095.47203263495  2.518791E-15
8098.24838755053  2.758486E-15
8101.02474246611  2.923821E-15
8103.80109738169  2.707131E-15
8106.57745229727  2.484419E-15
8109.35380721285  2.730785E-15
8112.13016212843  2.559511E-15
8114.90651704401  2.757703E-15
8117.68287195959  2.870913E-15
8120.45922687517  2.416779E-15
8123.23558179075  2.508547E-15
8126.01193670633  2.700530E-15
8128.78829162191  2.789685E-15
8131.56464653749  2.713148E-15
8134.34100145307  2.502965E-15
8137.11735636865  2.444884E-15
8139.89371128423  2.473714E-15
8142.67006619981  2.326074E-15
8145.44642111539  2.214709E-15
8148.22277603097  2.113203E-15
8150.99913094655  2.478310E-15
8153.77548586213  2.371926E-15
8156.55184077771  2.276040E-15
8159.32819569329  2.382957E-15
8162.10455060886  2.383185E-15
8164.88090552445  2.563586E-15
8167.65726044003  2.621364E-15
8170.43361535561  2.084931E-15
8173.20997027118  2.050758E-15
8175.98632518676  2.530656E-15
8178.76268010234  2.606655E-15
8181.53903501792  2.627982E-15
8184.3153899335  2.274604E-15
8187.09174484908  2.561146E-15
8189.86809976466  2.815765E-15
8192.64445468024  2.241681E-15
8195.42080959582  2.375533E-15
8198.1971645114  2.553473E-15
8200.97351942698  2.539796E-15
8203.74987434256  2.689318E-15
8206.52622925814  2.654346E-15
8209.30258417372  2.685927E-15
8212.0789390893  2.913538E-15
8214.85529400488  2.684367E-15
8217.63164892046  2.551347E-15
8220.40800383604  2.686877E-15
8223.18435875162  2.692113E-15
8225.9607136672  2.334442E-15
8228.73706858278  2.047209E-15
8231.51342349836  2.388892E-15
8234.28977841394  2.412890E-15
8237.06613332952  2.315843E-15
8239.8424882451  2.558618E-15
8242.61884316068  2.268872E-15
8245.39519807626  2.733757E-15
8248.17155299184  2.713731E-15
8250.94790790742  2.963765E-15
8253.724262823  2.885685E-15
8256.50061773858  2.895054E-15
8259.27697265415  2.747193E-15
8262.05332756974  2.714017E-15
8264.82968248532  2.593373E-15
8267.60603740089  2.626135E-15
8270.38239231647  2.552089E-15
8273.15874723205  2.598479E-15
8275.93510214764  2.695469E-15
8278.71145706321  2.514494E-15
8281.48781197879  2.533251E-15
8284.26416689437  2.728814E-15
8287.04052180995  2.837954E-15
8289.81687672553  2.676132E-15
8292.59323164111  2.500948E-15
8295.36958655669  2.600898E-15
8298.14594147227  2.812979E-15
8300.92229638785  2.529667E-15
8303.69865130343  2.611844E-15
8306.47500621901  2.535584E-15
8309.25136113459  2.507139E-15
8312.02771605017  2.609757E-15
8314.80407096575  2.554591E-15
8317.58042588133  2.654200E-15
8320.35678079691  2.592881E-15
8323.13313571249  2.659950E-15
8325.90949062807  2.821471E-15
8328.68584554365  2.529870E-15
8331.46220045923  2.426209E-15
8334.23855537481  2.633387E-15
8337.01491029039  2.436515E-15
8339.79126520597  2.267306E-15
8342.56762012155  2.334686E-15
8345.34397503712  2.456599E-15
8348.12032995271  2.651353E-15
8350.89668486829  2.724770E-15
8353.67303978387  2.315369E-15
8356.44939469944  2.567720E-15
8359.22574961502  2.283410E-15
8362.00210453061  2.592692E-15
8364.77845944619  2.484142E-15
8367.55481436176  2.405687E-15
8370.33116927734  2.491696E-15
8373.10752419292  2.579176E-15
8375.8838791085  2.480466E-15
8378.66023402408  2.452218E-15
8381.43658893966  2.613525E-15
8384.21294385524  2.704251E-15
8386.98929877082  2.606725E-15
8389.7656536864  2.263579E-15
8392.54200860198  2.323217E-15
8395.31836351756  2.589569E-15
8398.09471843314  2.452062E-15
8400.87107334872  2.778637E-15
8403.6474282643  2.926709E-15
8406.42378317988  2.641381E-15
8409.20013809546  2.762117E-15
8411.97649301104  2.620204E-15
8414.75284792662  2.524373E-15
8417.5292028422  2.279103E-15
8420.30555775778  2.327798E-15
8423.08191267336  2.271862E-15
8425.85826758894  2.507195E-15
8428.63462250452  2.563080E-15
8431.4109774201  2.447088E-15
8434.18733233568  2.561417E-15
8436.96368725126  2.354397E-15
8439.74004216684  2.352835E-15
8442.51639708242  2.736735E-15
8445.292751998  2.658280E-15
8448.06910691358  2.599682E-15
8450.84546182916  2.627720E-15
8453.62181674473  2.453351E-15
8456.39817166031  2.218182E-15
8459.1745265759  2.330017E-15
8461.95088149147  2.595724E-15
8464.72723640705  2.222237E-15
8467.50359132263  2.440848E-15
8470.27994623821  2.408129E-15
8473.05630115379  2.406745E-15
8475.83265606937  2.425282E-15
8478.60901098495  2.473177E-15
8481.38536590053  2.507775E-15
8484.16172081611  2.511622E-15
8486.93807573169  2.583969E-15
8489.71443064727  2.651064E-15
8492.49078556285  2.654059E-15
8495.26714047843  2.707293E-15
8498.04349539401  2.883738E-15
8500.81985030959  2.532923E-15
8503.59620522517  2.263772E-15
8506.37256014075  2.627717E-15
8509.14891505633  2.558339E-15
8511.92526997191  2.271144E-15
8514.70162488749  2.479367E-15
8517.47797980307  2.399029E-15
8520.25433471865  2.341356E-15
8523.03068963423  2.173236E-15
8525.80704454981  2.455185E-15
8528.58339946539  2.610597E-15
8531.35975438097  2.560027E-15
8534.13610929655  2.664899E-15
8536.91246421213  2.424225E-15
8539.6888191277  2.320528E-15
8542.46517404328  2.510372E-15
8545.24152895887  2.366965E-15
8548.01788387445  2.392267E-15
8550.79423879002  2.625998E-15
8553.5705937056  2.758634E-15
8556.34694862118  2.132612E-15
8559.12330353676  1.957601E-15
8561.89965845234  2.467038E-15
8564.67601336792  2.484239E-15
8567.4523682835  2.419552E-15
8570.22872319908  2.240925E-15
8573.00507811466  2.197366E-15
8575.78143303024  2.122245E-15
8578.55778794582  2.377685E-15
8581.3341428614  2.483172E-15
8584.11049777698  2.168761E-15
8586.88685269256  2.367703E-15
8589.66320760814  2.561679E-15
8592.43956252372  2.525651E-15
8595.2159174393  2.595647E-15
8597.99227235488  2.104491E-15
8600.76862727046  1.806452E-15
8603.54498218604  2.165136E-15
8606.32133710162  2.149286E-15
8609.0976920172  2.117823E-15
8611.87404693278  2.150233E-15
8614.65040184836  2.534689E-15
8617.42675676394  2.471426E-15
8620.20311167952  2.306899E-15
8622.97946659509  1.614264E-15
8625.75582151068  1.998014E-15
8628.53217642626  2.505810E-15
8631.30853134184  2.341597E-15
8634.08488625742  2.154929E-15
8636.861241173  2.479480E-15
8639.63759608857  2.350750E-15
8642.41395100416  2.325147E-15
8645.19030591974  2.297325E-15
8647.96666083531  2.173957E-15
8650.74301575089  2.400297E-15
8653.51937066647  2.036874E-15
8656.29572558205  2.207446E-15
8659.07208049763  2.683923E-15
8661.84843541321  2.420963E-15
8664.62479032879  2.326419E-15
8667.40114524437  2.569112E-15
8670.17750015995  2.279567E-15
8672.95385507553  2.392780E-15
8675.73020999111  2.056221E-15
8678.50656490669  2.342768E-15
8681.28291982227  2.321127E-15
8684.05927473785  2.114006E-15
8686.83562965343  2.197169E-15
8689.61198456901  2.195999E-15
8692.38833948459  2.069513E-15
8695.16469440017  2.209103E-15
8697.94104931575  2.252983E-15
8700.71740423133  2.201067E-15
8703.49375914691  2.294523E-15
8706.27011406249  2.198124E-15
8709.04646897807  2.148189E-15
8711.82282389365  2.161013E-15
8714.59917880923  2.153882E-15
8717.37553372481  2.056304E-15
8720.15188864039  2.078262E-15
8722.92824355597  2.291897E-15
8725.70459847155  2.305586E-15
8728.48095338713  2.147138E-15
8731.25730830271  2.137640E-15
8734.03366321828  2.129899E-15
8736.81001813386  2.427008E-15
8739.58637304945  2.276318E-15
8742.36272796502  2.140003E-15
8745.1390828806  2.215369E-15
8747.91543779618  2.204057E-15
8750.69179271176  2.195440E-15
8753.46814762734  1.891698E-15
8756.24450254292  1.950038E-15
8759.0208574585  2.545710E-15
8761.79721237408  2.411031E-15
8764.57356728966  2.237971E-15
8767.34992220524  2.276091E-15
8770.12627712082  2.049327E-15
8772.9026320364  2.161588E-15
8775.67898695198  2.424026E-15
8778.45534186756  2.199292E-15
8781.23169678314  2.350866E-15
8784.00805169872  2.381900E-15
8786.7844066143  2.458439E-15
8789.56076152988  2.047015E-15
8792.33711644546  1.895509E-15
8795.11347136104  2.073682E-15
8797.88982627662  2.224197E-15
8800.6661811922  2.219383E-15
8803.44253610778  1.990429E-15
8806.21889102336  1.975017E-15
8808.99524593894  2.091304E-15
8811.77160085452  2.115205E-15
8814.5479557701  1.997768E-15
8817.32431068567  1.758132E-15
8820.10066560126  1.926588E-15
8822.87702051683  1.784608E-15
8825.65337543242  2.022698E-15
8828.429730348  2.044316E-15
8831.20608526358  1.925629E-15
