3861.5307863759  1.097346E-14
3864.30714129148  1.140394E-14
3867.08349620706  1.341364E-14
3869.85985112264  1.130378E-14
3872.63620603822  7.502471E-15
3875.4125609538  7.026613E-15
3878.18891586938  1.197893E-14
3880.96527078496  1.041606E-14
3883.74162570054  7.923637E-15
3886.51798061612  1.006583E-14
3889.2943355317  9.820591E-15
3892.07069044728  1.070850E-14
3894.84704536286  1.193524E-14
3897.62340027844  7.902645E-15
3900.39975519402  1.027390E-14
3903.1761101096  9.331121E-15
3905.95246502518  8.513431E-15
3908.72881994076  8.048084E-15
3911.50517485634  1.094774E-14
3914.28152977192  1.078854E-14
3917.0578846875  9.294982E-15
3919.83423960308  8.130274E-15
3922.61059451866  9.007961E-15
3925.38694943424  7.364012E-15
3928.16330434982  6.010070E-15
3930.9396592654  7.451862E-15
3933.71601418098  7.638568E-15
3936.49236909656  6.977987E-15
3939.26872401214  7.370970E-15
3942.04507892772  8.203679E-15
3944.82143384329  7.348254E-15
3947.59778875887  7.063826E-15
3950.37414367445  7.660490E-15
3953.15049859003  8.651145E-15
3955.92685350561  8.493132E-15
3958.70320842119  7.187350E-15
3961.47956333677  8.317437E-15
3964.25591825235  7.361872E-15
3967.03227316793  7.035183E-15
3969.80862808351  7.231239E-15
3972.58498299909  7.213525E-15
3975.36133791467  6.645694E-15
3978.13769283025  7.400550E-15
3980.91404774583  7.936947E-15
3983.69040266141  8.332739E-15
3986.46675757699  8.984476E-15
3989.24311249257  8.594178E-15
3992.01946740815  9.113980E-15
3994.79582232373  8.110368E-15
3997.57217723931  7.996178E-15
4000.34853215489  8.126625E-15
4003.12488707047  7.256183E-15
4005.90124198605  7.837128E-15
4008.67759690163  7.944426E-15
4011.45395181721  6.458362E-15
4014.23030673279  7.846677E-15
4017.00666164837  8.240840E-15
4019.78301656395  7.231858E-15
4022.55937147953  8.559732E-15
4025.33572639511  8.347382E-15
4028.11208131069  8.499075E-15
4030.88843622627  8.098979E-15
4033.66479114185  8.584373E-15
4036.44114605743  7.909340E-15
4039.21750097301  9.360360E-15
4041.99385588858  8.839356E-15
4044.77021080416  9.636086E-15
4047.54656571974  8.533639E-15
4050.32292063532  7.285813E-15
4053.0992755509  8.192593E-15
4055.87563046648  7.433199E-15
4058.65198538206  8.803855E-15
4061.42834029764  8.800367E-15
4064.20469521322  9.488144E-15
4066.9810501288  7.736212E-15
4069.75740504438  7.798217E-15
4072.53375995996  7.649538E-15
4075.31011487554  8.216244E-15
4078.08646979112  8.846205E-15
4080.8628247067  8.427200E-15
4083.63917962228  8.615956E-15
4086.41553453786  8.639091E-15
4089.19188945344  8.728833E-15
4091.96824436902  7.483833E-15
4094.7445992846  8.076236E-15
4097.52095420018  7.822994E-15
4100.29730911576  6.928167E-15
4103.07366403134  6.018890E-15
4105.85001894692  7.539068E-15
4108.6263738625  6.964433E-15
4111.40272877808  6.313251E-15
4114.17908369366  7.756206E-15
4116.95543860924  7.453636E-15
4119.73179352482  7.109353E-15
4122.5081484404  7.557170E-15
4125.28450335598  8.251308E-15
4128.06085827156  8.757778E-15
4130.83721318714  8.681527E-15
4133.61356810271  8.906983E-15
4136.38992301829  7.933643E-15
4139.16627793387  9.568735E-15
4141.94263284945  8.313246E-15
4144.71898776503  8.307680E-15
4147.49534268061  7.264689E-15
4150.27169759619  8.011939E-15
4153.04805251177  8.757310E-15
4155.82440742735  8.172577E-15
4158.60076234293  8.654458E-15
4161.37711725851  8.375225E-15
4164.15347217409  7.702387E-15
4166.92982708967  7.159212E-15
4169.70618200525  7.364331E-15
4172.48253692083  8.928632E-15
4175.25889183641  8.683464E-15
4178.03524675199  8.148869E-15
4180.81160166757  8.809628E-15
4183.58795658315  8.949313E-15
4186.36431149873  8.280905E-15
4189.14066641431  8.477273E-15
4191.91702132989  8.851048E-15
4194.69337624547  8.077184E-15
4197.46973116105  8.521622E-15
4200.24608607663  8.685389E-15
4203.02244099221  8.689685E-15
4205.79879590779  9.413639E-15
4208.57515082337  8.485949E-15
4211.35150573895  7.904439E-15
4214.12786065453  9.084879E-15
4216.90421557011  8.960273E-15
4219.68057048569  8.085579E-15
4222.45692540127  8.056277E-15
4225.23328031684  8.983149E-15
4228.00963523242  8.878675E-15
4230.785990148  8.376749E-15
4233.56234506358  8.256435E-15
4236.33869997916  8.181003E-15
4239.11505489474  7.599223E-15
4241.89140981032  8.125384E-15
4244.6677647259  8.379616E-15
4247.44411964148  8.743173E-15
4250.22047455706  8.754570E-15
4252.99682947264  8.198323E-15
4255.77318438822  8.591865E-15
4258.5495393038  7.669182E-15
4261.32589421938  7.743961E-15
4264.10224913496  8.199203E-15
4266.87860405054  8.504364E-15
4269.65495896612  7.917938E-15
4272.4313138817  8.456799E-15
4275.20766879728  8.150383E-15
4277.98402371286  7.756800E-15
4280.76037862844  7.918410E-15
4283.53673354402  7.640580E-15
4286.3130884596  7.584751E-15
4289.08944337518  8.027441E-15
4291.86579829076  7.558999E-15
4294.64215320634  8.145177E-15
4297.41850812192  8.113637E-15
4300.1948630375  8.465977E-15
4302.97121795308  8.364635E-15
4305.74757286866  7.708451E-15
4308.52392778424  7.537822E-15
4311.30028269982  7.886238E-15
4314.0766376154  7.721329E-15
4316.85299253098  7.145063E-15
4319.62934744656  7.805219E-15
4322.40570236213  7.909400E-15
4325.18205727771  7.759588E-15
4327.95841219329  7.803710E-15
4330.73476710887  7.930287E-15
4333.51112202445  7.629375E-15
4336.28747694003  7.378908E-15
4339.06383185561  7.299722E-15
4341.84018677119  7.991339E-15
4344.61654168677  7.178839E-15
4347.39289660235  7.016972E-15
4350.16925151793  6.841819E-15
4352.94560643351  7.075209E-15
4355.72196134909  6.512052E-15
4358.49831626467  6.923084E-15
4361.27467118025  7.404578E-15
4364.05102609583  8.846739E-15
4366.82738101141  8.700262E-15
4369.60373592699  6.742020E-15
4372.38009084257  7.531405E-15
4375.15644575815  8.245596E-15
4377.93280067373  7.980021E-15
4380.70915558931  8.418312E-15
4383.48551050489  8.574227E-15
4386.26186542047  7.624597E-15
4389.03822033605  7.965689E-15
4391.81457525163  8.614572E-15
4394.59093016721  8.049313E-15
4397.36728508279  7.407136E-15
4400.14363999837  8.397586E-15
4402.91999491395  7.702902E-15
4405.69634982953  7.400607E-15
4408.47270474511  8.312444E-15
4411.24905966069  8.095489E-15
4414.02541457626  8.242148E-15
4416.80176949185  8.081796E-15
4419.57812440742  8.203056E-15
4422.354479323  8.185180E-15
4425.13083423858  7.945561E-15
4427.90718915416  7.592866E-15
4430.68354406974  8.015934E-15
4433.45989898532  7.746580E-15
4436.2362539009  7.644368E-15
4439.01260881648  8.127429E-15
4441.78896373206  7.278255E-15
4444.56531864764  7.379623E-15
4447.34167356322  8.091364E-15
4450.1180284788  8.467071E-15
4452.89438339438  8.231802E-15
4455.67073830996  7.867876E-15
4458.44709322554  7.398237E-15
4461.22344814112  7.540704E-15
4463.9998030567  8.243240E-15
4466.77615797228  7.091827E-15
4469.55251288786  7.985276E-15
4472.32886780344  8.771676E-15
4475.10522271902  8.289047E-15
4477.8815776346  7.749825E-15
4480.65793255018  7.689319E-15
4483.43428746576  7.913315E-15
4486.21064238134  7.389459E-15
4488.98699729692  7.209769E-15
4491.7633522125  7.930758E-15
4494.53970712808  7.915741E-15
4497.31606204366  7.598095E-15
4500.09241695924  7.873446E-15
4502.86877187482  8.291290E-15
4505.64512679039  8.380504E-15
4508.42148170598  7.953274E-15
4511.19783662155  8.284788E-15
4513.97419153713  8.348812E-15
4516.75054645271  7.760693E-15
4519.52690136829  8.395614E-15
4522.30325628387  8.378807E-15
4525.07961119945  7.983434E-15
4527.85596611503  8.126149E-15
4530.63232103061  8.021561E-15
4533.40867594619  7.708465E-15
4536.18503086177  8.156339E-15
4538.96138577735  7.877583E-15
4541.73774069293  7.892925E-15
4544.51409560851  8.519761E-15
4547.29045052409  8.100415E-15
4550.06680543967  7.761930E-15
4552.84316035525  7.862603E-15
4555.61951527083  7.447037E-15
4558.39587018641  8.681230E-15
4561.17222510199  8.430737E-15
4563.94858001757  8.512843E-15
4566.72493493315  7.966904E-15
4569.50128984873  7.928272E-15
4572.27764476431  6.743341E-15
4575.05399967989  8.458011E-15
4577.83035459547  7.985496E-15
4580.60670951105  7.851668E-15
4583.38306442663  7.762172E-15
4586.15941934221  8.423717E-15
4588.93577425779  8.439327E-15
4591.71212917337  8.556077E-15
4594.48848408895  7.988686E-15
4597.26483900453  8.335493E-15
4600.0411939201  8.511828E-15
4602.81754883568  7.739749E-15
4605.59390375127  8.321136E-15
4608.37025866684  7.927029E-15
4611.14661358242  7.616173E-15
4613.922968498  8.008633E-15
4616.69932341358  8.494352E-15
4619.47567832916  8.502244E-15
4622.25203324474  8.255319E-15
4625.02838816032  8.329501E-15
4627.8047430759  7.963867E-15
4630.58109799148  8.116898E-15
4633.35745290706  8.448701E-15
4636.13380782264  8.792094E-15
4638.91016273822  8.374915E-15
4641.6865176538  8.469626E-15
4644.46287256938  8.394454E-15
4647.23922748496  8.302641E-15
4650.01558240054  8.636217E-15
4652.79193731612  9.301563E-15
4655.5682922317  8.558862E-15
4658.34464714728  8.459480E-15
4661.12100206286  8.604627E-15
4663.89735697844  8.327942E-15
4666.67371189402  8.146368E-15
4669.4500668096  8.394336E-15
4672.22642172518  8.748732E-15
4675.00277664076  9.092266E-15
4677.77913155634  8.319179E-15
4680.55548647192  8.514152E-15
4683.3318413875  8.638838E-15
4686.10819630308  9.416693E-15
4688.88455121866  8.653087E-15
4691.66090613424  8.532506E-15
4694.43726104982  8.855630E-15
4697.21361596539  8.383200E-15
4699.98997088097  8.315741E-15
4702.76632579655  8.582043E-15
4705.54268071213  7.991044E-15
4708.31903562771  8.019430E-15
4711.09539054329  8.149956E-15
4713.87174545887  8.213385E-15
4716.64810037445  7.654932E-15
4719.42445529003  7.048404E-15
4722.20081020561  7.819485E-15
4724.97716512119  7.837064E-15
4727.75352003677  8.024051E-15
4730.52987495235  8.693651E-15
4733.30622986793  8.585717E-15
4736.08258478351  8.043539E-15
4738.85893969909  8.443361E-15
4741.63529461467  7.621304E-15
4744.41164953025  7.973349E-15
4747.18800444583  7.698616E-15
4749.96435936141  7.539284E-15
4752.74071427699  7.547477E-15
4755.51706919257  8.112986E-15
4758.29342410815  8.311896E-15
4761.06977902373  8.290322E-15
4763.84613393931  8.205868E-15
4766.62248885489  8.338236E-15
4769.39884377047  8.536212E-15
4772.17519868605  7.286424E-15
4774.95155360163  8.236149E-15
4777.72790851721  8.052026E-15
4780.50426343279  7.680753E-15
4783.28061834837  7.811645E-15
4786.05697326394  7.879699E-15
4788.83332817953  8.585771E-15
4791.6096830951  8.046924E-15
4794.38603801068  7.523032E-15
4797.16239292626  8.012500E-15
4799.93874784184  7.825720E-15
4802.71510275742  7.901059E-15
4805.491457673  7.886794E-15
4808.26781258858  7.526166E-15
4811.04416750416  7.323409E-15
4813.82052241974  7.987217E-15
4816.59687733532  7.913711E-15
4819.3732322509  7.746097E-15
4822.14958716648  8.016263E-15
4824.92594208206  7.825266E-15
4827.70229699764  7.959364E-15
4830.47865191322  7.848761E-15
4833.2550068288  7.405817E-15
4836.03136174438  8.044499E-15
4838.80771665996  7.828908E-15
4841.58407157554  7.564836E-15
4844.36042649112  8.180361E-15
4847.1367814067  8.234937E-15
4849.91313632228  7.312318E-15
4852.68949123786  7.540133E-15
4855.46584615344  7.565558E-15
4858.24220106902  7.721887E-15
4861.0185559846  7.781423E-15
4863.79491090018  7.575124E-15
4866.57126581576  7.859206E-15
4869.34762073134  7.166866E-15
4872.12397564692  7.426324E-15
4874.9003305625  7.249981E-15
4877.67668547807  7.074545E-15
4880.45304039366  7.419857E-15
4883.22939530923  7.860572E-15
4886.00575022481  7.345601E-15
4888.7821051404  8.112011E-15
4891.55846005597  8.291639E-15
4894.33481497155  7.925897E-15
4897.11116988713  7.373230E-15
4899.88752480271  7.910472E-15
4902.66387971829  8.148534E-15
4905.44023463387  8.286176E-15
4908.21658954945  7.345257E-15
4910.99294446503  7.070511E-15
4913.76929938061  8.056169E-15
4916.54565429619  7.790205E-15
4919.32200921177  7.634317E-15
4922.09836412735  7.806883E-15
4924.87471904293  7.672580E-15
4927.65107395851  7.490398E-15
4930.42742887409  7.892428E-15
4933.20378378967  7.848955E-15
4935.98013870525  7.881451E-15
4938.75649362083  7.638220E-15
4941.53284853641  7.957252E-15
4944.30920345199  8.175581E-15
4947.08555836757  7.879701E-15
4949.86191328315  7.669450E-15
4952.63826819873  7.401594E-15
4955.41462311431  7.714801E-15
4958.19097802989  7.590278E-15
4960.96733294547  7.442170E-15
4963.74368786104  7.612327E-15
4966.52004277663  7.767403E-15
4969.29639769221  7.770374E-15
4972.07275260778  7.502373E-15
4974.84910752337  7.865382E-15
4977.62546243894  7.294461E-15
4980.40181735452  7.444734E-15
4983.1781722701  7.903976E-15
4985.95452718569  7.799536E-15
4988.73088210126  7.936456E-15
4991.50723701684  7.575725E-15
4994.28359193242  7.609279E-15
4997.059946848  7.903289E-15
4999.83630176358  8.161976E-15
5002.61265667916  7.784303E-15
5005.38901159474  7.320551E-15
5008.16536651032  7.525374E-15
5010.9417214259  7.515503E-15
5013.71807634148  7.329092E-15
5016.49443125706  7.424877E-15
5019.27078617264  7.530329E-15
5022.04714108822  7.777258E-15
5024.8234960038  7.754643E-15
5027.59985091938  7.545740E-15
5030.37620583496  7.891972E-15
5033.15256075054  7.639679E-15
5035.92891566612  7.348361E-15
5038.7052705817  7.667393E-15
5041.48162549728  7.459208E-15
5044.25798041286  6.993858E-15
5047.03433532844  7.391093E-15
5049.81069024402  7.671723E-15
5052.5870451596  7.802010E-15
5055.36340007518  7.498487E-15
5058.13975499076  7.417900E-15
5060.91610990634  7.968793E-15
5063.69246482192  7.775090E-15
5066.4688197375  7.434905E-15
5069.24517465307  7.639582E-15
5072.02152956866  7.570678E-15
5074.79788448423  7.873023E-15
5077.57423939981  7.419188E-15
5080.3505943154  7.698886E-15
5083.12694923098  7.996204E-15
5085.90330414655  8.013154E-15
5088.67965906213  7.845292E-15
5091.45601397771  7.933317E-15
5094.23236889329  7.746862E-15
5097.00872380887  7.359305E-15
5099.78507872445  7.213848E-15
5102.56143364003  7.578343E-15
5105.33778855561  7.648274E-15
5108.11414347119  7.495542E-15
5110.89049838677  8.086062E-15
5113.66685330235  7.754636E-15
5116.44320821793  7.406937E-15
5119.21956313351  7.994104E-15
5121.99591804909  8.210762E-15
5124.77227296467  7.684630E-15
5127.54862788025  7.446399E-15
5130.32498279583  8.234667E-15
5133.10133771141  7.811319E-15
5135.87769262699  7.774948E-15
5138.65404754257  7.498758E-15
5141.43040245815  7.408362E-15
5144.20675737373  7.985754E-15
5146.98311228931  7.761673E-15
5149.75946720489  7.791355E-15
5152.53582212047  7.390966E-15
5155.31217703605  7.131231E-15
5158.08853195163  7.525251E-15
5160.86488686721  8.020583E-15
5163.64124178279  7.576746E-15
5166.41759669837  7.378335E-15
5169.19395161395  7.252083E-15
5171.97030652952  7.288234E-15
5174.74666144511  7.403390E-15
5177.52301636068  7.392633E-15
5180.29937127626  7.771646E-15
5183.07572619184  7.816305E-15
5185.85208110742  7.704275E-15
5188.628436023  7.206240E-15
5191.40479093858  7.840784E-15
5194.18114585416  7.814645E-15
5196.95750076974  7.362756E-15
5199.73385568532  7.889638E-15
5202.5102106009  7.547749E-15
5205.28656551648  7.335224E-15
5208.06292043206  7.437780E-15
5210.83927534764  7.284526E-15
5213.61563026322  7.697058E-15
5216.3919851788  7.130617E-15
5219.16834009438  7.426950E-15
5221.94469500996  7.280928E-15
5224.72104992554  7.780825E-15
5227.49740484112  7.584915E-15
5230.2737597567  7.641365E-15
5233.05011467228  7.297575E-15
5235.82646958786  7.370765E-15
5238.60282450344  7.474270E-15
5241.37917941902  7.367263E-15
5244.1555343346  7.573992E-15
5246.93188925018  7.590178E-15
5249.70824416576  7.867372E-15
5252.48459908134  7.393454E-15
5255.26095399692  7.109929E-15
5258.0373089125  7.316454E-15
5260.81366382808  7.385259E-15
5263.59001874365  7.530252E-15
5266.36637365923  7.471146E-15
5269.14272857481  7.290904E-15
5271.91908349039  7.486674E-15
5274.69543840597  7.508179E-15
5277.47179332155  7.762733E-15
5280.24814823713  7.433887E-15
5283.02450315271  7.553847E-15
5285.80085806829  7.495401E-15
5288.57721298387  7.290243E-15
5291.35356789945  7.449360E-15
5294.12992281503  7.252964E-15
5296.90627773061  7.167122E-15
5299.68263264619  7.395711E-15
5302.45898756177  7.507185E-15
5305.23534247735  7.448759E-15
5308.01169739293  7.212089E-15
5310.78805230851  7.103491E-15
5313.56440722409  7.489414E-15
5316.34076213967  7.166446E-15
5319.11711705525  6.963330E-15
5321.89347197083  7.156260E-15
5324.66982688641  7.436811E-15
5327.44618180199  7.287871E-15
5330.22253671757  7.571702E-15
5332.99889163315  7.583946E-15
5335.77524654873  7.501932E-15
5338.55160146431  7.305125E-15
5341.32795637989  7.675544E-15
5344.10431129547  7.460660E-15
5346.88066621105  6.924026E-15
5349.65702112662  6.879289E-15
5352.43337604221  7.115669E-15
5355.20973095778  6.861419E-15
5357.98608587337  7.031995E-15
5360.76244078894  7.158994E-15
5363.53879570452  7.177498E-15
5366.3151506201  7.380834E-15
5369.09150553568  7.375655E-15
5371.86786045126  7.350058E-15
5374.64421536684  7.304555E-15
5377.42057028242  7.141844E-15
5380.196925198  7.034833E-15
5382.97328011358  7.383321E-15
5385.74963502916  6.975692E-15
5388.52598994474  7.125090E-15
5391.30234486032  7.683499E-15
5394.0786997759  7.084601E-15
5396.85505469148  6.832638E-15
5399.63140960706  7.213502E-15
5402.40776452264  7.356354E-15
5405.18411943822  6.384402E-15
5407.9604743538  6.267307E-15
5410.73682926938  6.769158E-15
5413.51318418496  6.906311E-15
5416.28953910054  7.030622E-15
5419.06589401612  6.450300E-15
5421.8422489317  6.425601E-15
5424.61860384728  6.948617E-15
5427.39495876286  6.887045E-15
5430.17131367844  7.053680E-15
5432.94766859402  7.125082E-15
5435.7240235096  7.031398E-15
5438.50037842518  6.979709E-15
5441.27673334076  6.844207E-15
5444.05308825634  6.803875E-15
5446.82944317192  7.404524E-15
5449.6057980875  6.383158E-15
5452.38215300308  7.005983E-15
5455.15850791866  7.334671E-15
5457.93486283423  7.027374E-15
5460.71121774981  6.711139E-15
5463.48757266539  6.930203E-15
5466.26392758097  6.928941E-15
5469.04028249655  6.762433E-15
5471.81663741213  6.658964E-15
5474.59299232771  7.088494E-15
5477.36934724329  6.969698E-15
5480.14570215887  6.720563E-15
5482.92205707445  6.903746E-15
5485.69841199003  6.727785E-15
5488.47476690561  6.595900E-15
5491.25112182119  6.696982E-15
5494.02747673677  7.048448E-15
5496.80383165235  6.934687E-15
5499.58018656793  6.668622E-15
5502.35654148351  6.805557E-15
5505.13289639909  6.464429E-15
5507.90925131467  6.714730E-15
5510.68560623025  6.891987E-15
5513.46196114583  7.023983E-15
5516.23831606141  6.737308E-15
5519.01467097699  6.609864E-15
5521.79102589257  6.871157E-15
5524.56738080815  6.682392E-15
5527.34373572373  6.782668E-15
5530.12009063931  6.466808E-15
5532.89644555489  6.362220E-15
5535.67280047047  6.421223E-15
5538.44915538605  6.329316E-15
5541.22551030163  6.441693E-15
5544.0018652172  6.424946E-15
5546.77822013278  6.552183E-15
5549.55457504837  6.756060E-15
5552.33092996394  6.819545E-15
5555.10728487952  6.317844E-15
5557.8836397951  6.445231E-15
5560.65999471068  6.820517E-15
5563.43634962626  6.968919E-15
5566.21270454184  7.080401E-15
5568.98905945742  6.643158E-15
5571.765414373  6.694995E-15
5574.54176928858  7.580003E-15
5577.31812420416  7.019539E-15
5580.09447911974  6.294929E-15
5582.87083403532  6.477983E-15
5585.6471889509  6.864976E-15
5588.42354386648  6.517062E-15
5591.19989878206  6.394906E-15
5593.97625369764  6.677525E-15
5596.75260861322  7.003504E-15
5599.5289635288  6.836191E-15
5602.30531844438  6.490855E-15
5605.08167335996  6.454344E-15
5607.85802827554  6.716380E-15
5610.63438319112  6.708515E-15
5613.4107381067  6.681797E-15
5616.18709302228  6.255236E-15
5618.96344793786  6.550054E-15
5621.73980285344  6.484539E-15
5624.51615776902  6.557139E-15
5627.2925126846  6.306720E-15
5630.06886760018  6.533303E-15
5632.84522251576  6.779653E-15
5635.62157743134  6.221557E-15
5638.39793234691  6.270063E-15
5641.1742872625  6.572624E-15
5643.95064217807  6.224546E-15
5646.72699709365  6.543339E-15
5649.50335200923  6.583439E-15
5652.27970692482  6.711515E-15
5655.05606184039  6.651544E-15
5657.83241675597  6.559321E-15
5660.60877167155  6.988772E-15
5663.38512658713  6.509543E-15
5666.16148150271  6.331981E-15
5668.93783641829  6.435918E-15
5671.71419133387  6.695394E-15
5674.49054624945  6.474378E-15
5677.26690116503  6.224593E-15
5680.04325608061  6.310364E-15
5682.81961099619  6.244688E-15
5685.59596591177  7.046952E-15
5688.37232082735  6.474064E-15
5691.14867574293  6.367120E-15
5693.92503065851  6.726286E-15
5696.70138557409  6.635993E-15
5699.47774048967  6.385493E-15
5702.25409540525  6.288929E-15
5705.03045032083  6.542044E-15
5707.80680523641  6.353483E-15
5710.58316015199  6.333182E-15
5713.35951506757  6.373291E-15
5716.13586998315  6.483964E-15
5718.91222489873  6.442753E-15
5721.68857981431  6.044706E-15
5724.46493472989  5.921068E-15
5727.24128964546  6.187170E-15
5730.01764456105  6.537308E-15
5732.79399947663  6.351630E-15
5735.5703543922  6.137943E-15
5738.34670930778  6.067474E-15
5741.12306422336  6.265638E-15
5743.89941913894  6.078985E-15
5746.67577405452  6.104979E-15
5749.4521289701  6.179748E-15
5752.22848388568  6.477907E-15
5755.00483880126  6.067912E-15
5757.78119371684  6.174699E-15
5760.55754863242  6.001317E-15
5763.333903548  6.311118E-15
5766.11025846358  6.365395E-15
5768.88661337916  6.259700E-15
5771.66296829474  6.316208E-15
5774.43932321032  6.145355E-15
5777.2156781259  5.972345E-15
5779.99203304148  6.405527E-15
5782.76838795706  6.683040E-15
5785.54474287264  6.129803E-15
5788.32109778822  6.324358E-15
5791.0974527038  6.174436E-15
5793.87380761938  6.283688E-15
5796.65016253496  5.931744E-15
5799.42651745054  6.087299E-15
5802.20287236612  6.156321E-15
5804.9792272817  6.389151E-15
5807.75558219728  6.115791E-15
5810.53193711286  6.162451E-15
5813.30829202844  6.185339E-15
5816.08464694402  6.137995E-15
5818.8610018596  6.173785E-15
5821.63735677518  6.415807E-15
5824.41371169076  6.136201E-15
5827.19006660633  6.026271E-15
5829.96642152192  6.222847E-15
5832.74277643749  6.013537E-15
5835.51913135307  6.154806E-15
5838.29548626865  6.000533E-15
5841.07184118423  6.358080E-15
5843.84819609981  5.967048E-15
5846.62455101539  5.954204E-15
5849.40090593097  6.463515E-15
5852.17726084655  6.038025E-15
5854.95361576213  5.761949E-15
5857.72997067771  5.537973E-15
5860.50632559329  6.027164E-15
5863.28268050887  6.495771E-15
5866.05903542445  6.332854E-15
5868.83539034003  6.013894E-15
5871.61174525561  6.352715E-15
5874.38810017119  6.471242E-15
5877.16445508677  5.821607E-15
5879.94081000235  6.013910E-15
5882.71716491793  6.186961E-15
5885.49351983351  5.582985E-15
5888.26987474909  5.670954E-15
5891.04622966467  5.596612E-15
5893.82258458025  5.653774E-15
5896.59893949583  5.986793E-15
5899.37529441141  5.936884E-15
5902.15164932699  5.911836E-15
5904.92800424257  6.021140E-15
5907.70435915815  6.080729E-15
5910.48071407373  5.970360E-15
5913.25706898931  5.708465E-15
5916.03342390489  5.713312E-15
5918.80977882047  5.703749E-15
5921.58613373604  5.560012E-15
5924.36248865163  5.553907E-15
5927.1388435672  5.449228E-15
5929.91519848278  5.920715E-15
5932.69155339836  5.912729E-15
5935.46790831394  5.826035E-15
5938.24426322952  5.927090E-15
5941.0206181451  5.700810E-15
5943.79697306068  5.776413E-15
5946.57332797626  5.824346E-15
5949.34968289184  6.074000E-15
5952.12603780742  5.833623E-15
5954.902392723  5.476647E-15
5957.67874763858  5.538571E-15
5960.45510255416  5.749186E-15
5963.23145746974  6.048331E-15
5966.00781238532  5.723407E-15
5968.7841673009  5.412130E-15
5971.56052221648  5.656953E-15
5974.33687713206  5.949437E-15
5977.11323204764  6.047946E-15
5979.88958696322  5.789570E-15
5982.6659418788  5.808864E-15
5985.44229679438  5.609393E-15
5988.21865170996  5.466314E-15
5990.99500662554  5.885865E-15
5993.77136154112  5.868857E-15
5996.5477164567  5.810320E-15
5999.32407137228  5.944664E-15
6002.10042628786  5.720420E-15
6004.87678120344  5.685509E-15
6007.65313611902  5.716207E-15
6010.42949103459  5.861943E-15
6013.20584595018  5.828173E-15
6015.98220086575  5.543690E-15
6018.75855578134  5.808269E-15
6021.53491069691  5.665037E-15
6024.31126561249  5.795181E-15
6027.08762052807  5.888291E-15
6029.86397544365  5.822295E-15
6032.64033035923  5.846207E-15
6035.41668527481  5.774201E-15
6038.19304019039  5.644272E-15
6040.96939510597  5.512239E-15
6043.74575002155  5.519251E-15
6046.52210493713  5.847380E-15
6049.29845985271  5.429239E-15
6052.07481476829  5.358094E-15
6054.85116968387  5.350047E-15
6057.62752459945  5.665773E-15
6060.40387951503  5.358641E-15
6063.18023443061  4.971906E-15
6065.95658934619  5.544353E-15
6068.73294426177  5.672123E-15
6071.50929917735  5.500782E-15
6074.28565409293  5.306744E-15
6077.06200900851  5.629395E-15
6079.83836392409  5.641078E-15
6082.61471883967  5.742934E-15
6085.39107375525  5.522639E-15
6088.16742867083  5.211632E-15
6090.94378358641  5.539222E-15
6093.72013850199  5.475843E-15
6096.49649341757  5.886518E-15
6099.27284833315  5.865741E-15
6102.04920324873  5.304171E-15
6104.82555816431  5.308809E-15
6107.60191307989  5.612611E-15
6110.37826799546  5.316916E-15
6113.15462291105  5.565189E-15
6115.93097782662  5.387116E-15
6118.7073327422  5.254047E-15
6121.48368765778  5.470381E-15
6124.26004257336  5.552290E-15
6127.03639748894  5.183636E-15
6129.81275240452  5.422460E-15
6132.5891073201  5.796510E-15
6135.36546223568  5.331090E-15
6138.14181715126  5.430400E-15
6140.91817206684  5.641776E-15
6143.69452698242  5.493541E-15
6146.470881898  5.346723E-15
6149.24723681358  5.304181E-15
6152.02359172916  5.311495E-15
6154.79994664474  5.353673E-15
6157.57630156032  5.667162E-15
6160.3526564759  5.695526E-15
6163.12901139148  5.428405E-15
6165.90536630706  5.236132E-15
6168.68172122264  5.219884E-15
6171.45807613822  5.277774E-15
6174.2344310538  5.362620E-15
6177.01078596938  5.274533E-15
6179.78714088496  5.290135E-15
6182.56349580054  5.359794E-15
6185.33985071612  5.421039E-15
6188.1162056317  5.596770E-15
6190.89256054728  5.480626E-15
6193.66891546286  5.358422E-15
6196.44527037844  5.581642E-15
6199.22162529402  5.668208E-15
6201.9979802096  5.633809E-15
6204.77433512517  5.218691E-15
6207.55069004076  5.071318E-15
6210.32704495633  5.305201E-15
6213.10339987191  5.168332E-15
6215.87975478749  5.375868E-15
6218.65610970307  5.515869E-15
6221.43246461865  5.345548E-15
6224.20881953423  5.382946E-15
6226.98517444981  5.595216E-15
6229.76152936539  5.263138E-15
6232.53788428097  5.210519E-15
6235.31423919655  5.221931E-15
6238.09059411213  5.282559E-15
6240.86694902771  5.155792E-15
6243.64330394329  5.115363E-15
6246.41965885887  5.348235E-15
6249.19601377445  5.389948E-15
6251.97236869003  5.526710E-15
6254.74872360561  5.350623E-15
6257.52507852119  5.257353E-15
6260.30143343677  5.345370E-15
6263.07778835235  5.185252E-15
6265.85414326793  5.126647E-15
6268.63049818351  5.116286E-15
6271.40685309909  5.280087E-15
6274.18320801467  5.102471E-15
6276.95956293025  5.187181E-15
6279.73591784583  5.328445E-15
6282.51227276141  5.118574E-15
6285.28862767699  5.151301E-15
6288.06498259257  4.993055E-15
6290.84133750815  5.244459E-15
6293.61769242373  5.536030E-15
6296.39404733931  5.346179E-15
6299.17040225488  5.055362E-15
6301.94675717047  5.115312E-15
6304.72311208604  5.511923E-15
6307.49946700162  5.351956E-15
6310.2758219172  5.049908E-15
6313.05217683278  5.209058E-15
6315.82853174836  5.639580E-15
6318.60488666394  5.532888E-15
6321.38124157952  5.111993E-15
6324.1575964951  4.994953E-15
6326.93395141068  5.025417E-15
6329.71030632626  4.910875E-15
6332.48666124184  5.112839E-15
6335.26301615742  5.290422E-15
6338.039371073  4.982559E-15
6340.81572598858  5.050431E-15
6343.59208090416  5.329252E-15
6346.36843581974  5.145064E-15
6349.14479073532  5.260743E-15
6351.9211456509  5.215939E-15
6354.69750056648  4.786601E-15
6357.47385548206  5.112139E-15
6360.25021039764  5.437902E-15
6363.02656531322  5.354214E-15
6365.8029202288  5.104624E-15
6368.57927514438  5.370108E-15
6371.35563005996  5.538103E-15
6374.13198497554  5.348484E-15
6376.90833989111  5.153882E-15
6379.6846948067  5.287468E-15
6382.46104972228  5.315517E-15
6385.23740463786  5.257396E-15
6388.01375955344  5.013841E-15
6390.79011446902  5.340951E-15
6393.56646938459  5.014775E-15
6396.34282430017  5.209967E-15
6399.11917921575  4.928502E-15
6401.89553413133  5.056443E-15
6404.67188904691  5.044173E-15
6407.44824396249  5.022921E-15
6410.22459887807  4.978564E-15
6413.00095379365  4.849716E-15
6415.77730870923  5.332877E-15
6418.55366362481  5.209345E-15
6421.33001854039  4.970815E-15
6424.10637345597  4.756669E-15
6426.88272837155  5.229616E-15
6429.65908328713  5.049373E-15
6432.43543820271  4.793746E-15
6435.21179311829  4.938138E-15
6437.98814803387  5.053579E-15
6440.76450294945  5.013850E-15
6443.54085786503  5.141811E-15
6446.31721278061  5.272764E-15
6449.09356769619  5.363895E-15
6451.86992261177  5.327692E-15
6454.64627752735  4.976008E-15
6457.42263244293  5.062698E-15
6460.19898735851  5.113100E-15
6462.97534227409  5.080894E-15
6465.75169718967  5.289877E-15
6468.52805210525  4.942861E-15
6471.30440702083  4.914166E-15
6474.08076193641  4.968625E-15
6476.85711685199  4.938164E-15
6479.63347176757  5.039635E-15
6482.40982668315  4.976248E-15
6485.18618159872  4.947303E-15
6487.9625365143  4.742177E-15
6490.73889142988  4.971119E-15
6493.51524634546  5.438005E-15
6496.29160126104  5.138715E-15
6499.06795617662  4.868324E-15
6501.8443110922  4.910525E-15
6504.62066600778  5.085172E-15
6507.39702092336  4.719047E-15
6510.17337583894  4.978145E-15
6512.94973075452  5.223242E-15
6515.7260856701  4.673934E-15
6518.50244058568  4.594959E-15
6521.27879550126  4.958285E-15
6524.05515041684  4.767772E-15
6526.83150533242  4.643489E-15
6529.607860248  4.902210E-15
6532.38421516358  5.065164E-15
6535.16057007916  4.995412E-15
6537.93692499474  5.045746E-15
6540.71327991032  5.040003E-15
6543.4896348259  5.114962E-15
6546.26598974148  5.553262E-15
6549.04234465706  6.117531E-15
6551.81869957264  6.956621E-15
6554.59505448822  7.842303E-15
6557.3714094038  8.242665E-15
6560.14776431938  8.471431E-15
6562.92411923496  8.417152E-15
6565.70047415053  7.840479E-15
6568.47682906612  7.192066E-15
6571.25318398169  6.228236E-15
6574.02953889728  5.322188E-15
6576.80589381286  5.136181E-15
6579.58224872843  4.960243E-15
6582.35860364401  5.007418E-15
6585.13495855959  4.737394E-15
6587.91131347517  4.549350E-15
6590.68766839076  4.753825E-15
6593.46402330633  4.398778E-15
6596.24037822191  4.825877E-15
6599.01673313749  4.838321E-15
6601.79308805307  4.754917E-15
6604.56944296865  4.586244E-15
6607.34579788423  4.735161E-15
6610.12215279981  4.949866E-15
6612.89850771539  4.532584E-15
6615.67486263097  4.303871E-15
6618.45121754655  4.811212E-15
6621.22757246213  4.774900E-15
6624.00392737771  4.910485E-15
6626.78028229329  4.810081E-15
6629.55663720887  4.733790E-15
6632.33299212445  4.691962E-15
6635.10934704003  4.447211E-15
6637.88570195561  4.626253E-15
6640.66205687119  4.702092E-15
6643.43841178677  4.700972E-15
6646.21476670235  4.731449E-15
6648.99112161793  4.385411E-15
6651.76747653351  4.155091E-15
6654.54383144909  4.390588E-15
6657.32018636467  4.700536E-15
6660.09654128025  4.807445E-15
6662.87289619583  4.860544E-15
6665.64925111141  4.692584E-15
6668.42560602698  4.670927E-15
6671.20196094257  4.953555E-15
6673.97831585815  4.857454E-15
6676.75467077372  4.522699E-15
6679.5310256893  4.646681E-15
6682.30738060488  4.600119E-15
6685.08373552046  4.712646E-15
6687.86009043604  4.790508E-15
6690.63644535162  4.464497E-15
6693.4128002672  4.656091E-15
6696.18915518278  4.479162E-15
6698.96551009836  4.778424E-15
6701.74186501394  4.792969E-15
6704.51821992952  4.585016E-15
6707.2945748451  4.564904E-15
6710.07092976068  4.419523E-15
6712.84728467626  4.536356E-15
6715.62363959184  4.300598E-15
6718.39999450742  4.419067E-15
6721.176349423  4.624974E-15
6723.95270433858  4.534760E-15
6726.72905925416  4.498509E-15
6729.50541416974  4.572780E-15
6732.28176908532  4.882485E-15
6735.0581240009  4.845178E-15
6737.83447891648  4.293690E-15
6740.61083383206  4.325696E-15
6743.38718874764  4.659422E-15
6746.16354366322  4.584294E-15
6748.9398985788  4.596243E-15
6751.71625349438  4.667150E-15
6754.49260840996  4.753242E-15
6757.26896332554  4.455640E-15
6760.04531824112  4.477118E-15
6762.82167315669  4.405781E-15
6765.59802807227  4.639606E-15
6768.37438298785  4.312839E-15
6771.15073790343  4.452150E-15
6773.92709281901  4.419247E-15
6776.70344773459  4.421176E-15
6779.47980265018  4.677347E-15
6782.25615756575  4.738656E-15
6785.03251248133  4.432772E-15
6787.80886739691  4.352039E-15
6790.58522231249  4.562906E-15
6793.36157722807  4.293424E-15
6796.13793214365  4.422491E-15
6798.91428705923  4.433057E-15
6801.69064197481  4.245217E-15
6804.46699689039  4.260378E-15
6807.24335180597  4.301188E-15
6810.01970672155  4.434583E-15
6812.79606163713  4.715626E-15
6815.57241655271  4.577710E-15
6818.34877146829  4.317529E-15
6821.12512638387  4.447122E-15
6823.90148129945  4.495973E-15
6826.67783621503  4.549300E-15
6829.45419113061  4.317000E-15
6832.23054604619  4.412528E-15
6835.00690096177  4.621729E-15
6837.78325587735  4.237017E-15
6840.55961079293  4.525457E-15
6843.33596570851  4.397206E-15
6846.11232062409  4.460154E-15
6848.88867553967  4.622528E-15
6851.66503045524  4.611634E-15
6854.44138537082  4.574507E-15
6857.21774028641  4.222868E-15
6859.99409520199  4.486049E-15
6862.77045011756  4.685137E-15
6865.54680503314  4.569984E-15
6868.32315994872  4.262576E-15
6871.0995148643  4.673543E-15
6873.87586977988  4.433694E-15
6876.65222469546  4.515205E-15
6879.42857961104  4.405708E-15
6882.20493452662  4.386596E-15
6884.9812894422  4.493522E-15
6887.75764435778  4.355595E-15
6890.53399927336  4.206289E-15
6893.31035418894  4.156922E-15
6896.08670910452  4.670222E-15
6898.8630640201  4.804959E-15
6901.63941893568  4.560130E-15
6904.41577385126  4.429754E-15
6907.19212876684  4.218611E-15
6909.96848368242  4.019550E-15
6912.744838598  4.130358E-15
6915.52119351358  4.094084E-15
6918.29754842916  4.536007E-15
6921.07390334474  4.802576E-15
6923.85025826032  4.337053E-15
6926.6266131759  4.296395E-15
6929.40296809148  4.556216E-15
6932.17932300706  4.735281E-15
6934.95567792264  4.306180E-15
6937.73203283822  4.532030E-15
6940.5083877538  4.317102E-15
6943.28474266938  4.464961E-15
6946.06109758495  4.450221E-15
6948.83745250054  4.469976E-15
6951.61380741612  4.413261E-15
6954.39016233169  4.367284E-15
6957.16651724727  4.579354E-15
6959.94287216285  4.461243E-15
6962.71922707843  4.454410E-15
6965.49558199401  4.655441E-15
6968.27193690959  4.379044E-15
6971.04829182517  4.235841E-15
6973.82464674075  4.311750E-15
6976.60100165633  4.194065E-15
6979.37735657191  4.179940E-15
6982.15371148749  3.901178E-15
6984.93006640307  4.369365E-15
6987.70642131865  4.408671E-15
6990.48277623423  4.314972E-15
6993.25913114981  4.241084E-15
6996.03548606539  4.445215E-15
6998.81184098097  4.579032E-15
7001.58819589655  4.415480E-15
7004.36455081213  4.402068E-15
7007.14090572771  4.167950E-15
7009.91726064329  4.152379E-15
7012.69361555887  4.207005E-15
7015.46997047445  4.319785E-15
7018.24632539003  4.195984E-15
7021.02268030561  4.254478E-15
7023.79903522119  4.293071E-15
7026.57539013677  4.274752E-15
7029.35174505235  4.153886E-15
7032.12809996793  4.085565E-15
7034.90445488351  4.327039E-15
7037.68080979909  4.226169E-15
7040.45716471466  4.222571E-15
7043.23351963024  4.374565E-15
7046.00987454583  4.135965E-15
7048.7862294614  4.193536E-15
7051.56258437698  4.427112E-15
7054.33893929256  4.169840E-15
7057.11529420814  4.232338E-15
7059.89164912372  4.379504E-15
7062.6680040393  4.550534E-15
7065.44435895488  4.105275E-15
7068.22071387046  3.998709E-15
7070.99706878604  4.125774E-15
7073.77342370162  4.319443E-15
7076.5497786172  4.333608E-15
7079.32613353278  4.021562E-15
7082.10248844836  4.137828E-15
7084.87884336394  4.251816E-15
7087.65519827952  4.152958E-15
7090.4315531951  4.350529E-15
7093.20790811068  4.323981E-15
7095.98426302626  3.874312E-15
7098.76061794184  3.963450E-15
7101.53697285742  4.279286E-15
7104.313327773  4.095171E-15
7107.08968268858  3.931485E-15
7109.86603760416  3.872682E-15
7112.64239251974  4.081811E-15
7115.41874743532  4.303898E-15
7118.1951023509  4.085312E-15
7120.97145726648  3.873665E-15
7123.74781218206  3.758985E-15
7126.52416709764  4.226868E-15
7129.30052201322  4.080918E-15
7132.0768769288  4.029259E-15
7134.85323184437  3.870060E-15
7137.62958675996  3.610583E-15
7140.40594167553  4.019954E-15
7143.18229659112  3.996891E-15
7145.95865150669  3.914372E-15
7148.73500642227  3.945747E-15
7151.51136133785  3.857164E-15
7154.28771625343  3.906708E-15
7157.06407116901  4.267085E-15
7159.84042608459  4.037490E-15
7162.61678100017  3.765649E-15
7165.39313591575  4.048592E-15
7168.16949083133  4.110717E-15
7170.94584574691  3.916685E-15
7173.72220066249  3.552550E-15
7176.49855557807  3.899013E-15
7179.27491049365  4.071689E-15
7182.05126540923  3.943668E-15
7184.82762032481  3.760121E-15
7187.60397524039  3.828915E-15
7190.38033015597  3.694601E-15
7193.15668507155  3.846673E-15
7195.93303998713  3.570905E-15
7198.70939490271  3.606360E-15
7201.48574981829  3.808331E-15
7204.26210473387  3.468754E-15
7207.03845964945  3.628639E-15
7209.81481456503  3.650779E-15
7212.59116948061  3.657675E-15
7215.36752439619  3.618838E-15
7218.14387931177  3.897723E-15
7220.92023422735  4.026281E-15
7223.69658914293  3.767751E-15
7226.47294405851  3.704163E-15
7229.24929897409  3.820502E-15
7232.02565388966  3.885726E-15
7234.80200880524  3.885598E-15
7237.57836372083  3.926735E-15
7240.3547186364  3.652503E-15
7243.13107355198  3.778435E-15
7245.90742846756  3.825445E-15
7248.68378338314  3.780219E-15
7251.46013829872  3.867976E-15
7254.2364932143  3.984877E-15
7257.01284812988  4.076059E-15
7259.78920304546  4.036708E-15
7262.56555796104  4.004741E-15
7265.34191287662  3.970837E-15
7268.1182677922  3.796740E-15
7270.89462270778  3.492133E-15
7273.67097762336  3.391646E-15
7276.44733253894  3.527689E-15
7279.22368745452  3.649347E-15
7282.0000423701  3.872375E-15
7284.77639728568  3.841078E-15
7287.55275220126  3.450958E-15
7290.32910711684  3.683076E-15
7293.10546203242  3.832450E-15
7295.881816948  3.402941E-15
7298.65817186358  3.672784E-15
7301.43452677916  3.528413E-15
7304.21088169474  3.249056E-15
7306.98723661032  3.447302E-15
7309.7635915259  3.610510E-15
7312.53994644148  3.625445E-15
7315.31630135706  3.718771E-15
7318.09265627264  3.723422E-15
7320.86901118822  3.743238E-15
7323.6453661038  3.978753E-15
7326.42172101938  3.847401E-15
7329.19807593495  3.425850E-15
7331.97443085053  3.397034E-15
7334.75078576611  3.598304E-15
7337.52714068169  3.706888E-15
7340.30349559727  3.639698E-15
7343.07985051285  3.716259E-15
7345.85620542843  3.688352E-15
7348.63256034401  3.585069E-15
7351.40891525959  3.517116E-15
7354.18527017517  3.564137E-15
7356.96162509075  3.704435E-15
7359.73798000633  3.385565E-15
7362.51433492191  3.655603E-15
7365.29068983749  3.872778E-15
7368.06704475307  3.915033E-15
7370.84339966865  3.766014E-15
7373.61975458423  3.415210E-15
7376.39610949981  3.414153E-15
7379.17246441539  3.795889E-15
7381.94881933097  3.617694E-15
7384.72517424655  3.339158E-15
7387.50152916213  3.361260E-15
7390.27788407771  3.401246E-15
7393.05423899329  3.399402E-15
7395.83059390887  3.503152E-15
7398.60694882445  3.735779E-15
7401.38330374003  3.573935E-15
7404.15965865561  3.448977E-15
7406.93601357119  3.534564E-15
7409.71236848677  3.473672E-15
7412.48872340235  3.565938E-15
7415.26507831793  3.501203E-15
7418.04143323351  3.383997E-15
7420.81778814909  3.621771E-15
7423.59414306466  3.383427E-15
7426.37049798024  3.327132E-15
7429.14685289582  3.454676E-15
7431.9232078114  3.339530E-15
7434.69956272698  3.346826E-15
7437.47591764256  3.069520E-15
7440.25227255814  3.415805E-15
7443.02862747372  3.433982E-15
7445.8049823893  3.566524E-15
7448.58133730488  3.507287E-15
7451.35769222046  3.229679E-15
7454.13404713604  3.283590E-15
7456.91040205162  3.344893E-15
7459.6867569672  3.297678E-15
7462.46311188278  3.270333E-15
7465.23946679836  3.376368E-15
7468.01582171394  3.442921E-15
7470.79217662952  3.388028E-15
7473.5685315451  3.301969E-15
7476.34488646068  3.179187E-15
7479.12124137626  3.432231E-15
7481.89759629184  3.361978E-15
7484.67395120742  3.275043E-15
7487.450306123  3.314436E-15
7490.22666103858  3.515844E-15
7493.00301595416  3.343097E-15
7495.77937086974  3.242869E-15
7498.55572578532  3.399691E-15
7501.3320807009  3.287810E-15
7504.10843561648  3.340530E-15
7506.88479053206  3.389565E-15
7509.66114544764  3.276581E-15
7512.43750036321  3.373025E-15
7515.2138552788  3.492172E-15
7517.99021019437  3.487331E-15
7520.76656510995  3.572212E-15
7523.54292002553  3.509073E-15
7526.31927494111  3.286737E-15
7529.09562985669  3.213042E-15
7531.87198477227  3.441162E-15
7534.64833968785  3.732653E-15
7537.42469460343  3.488742E-15
7540.20104951901  3.556871E-15
7542.97740443459  3.540467E-15
7545.75375935017  3.493534E-15
7548.53011426575  3.513072E-15
7551.30646918133  3.660041E-15
7554.08282409691  3.490569E-15
7556.85917901249  3.545437E-15
7559.63553392807  3.442664E-15
7562.41188884365  3.294110E-15
7565.18824375923  3.406206E-15
7567.96459867481  3.414059E-15
7570.74095359039  3.425576E-15
7573.51730850597  3.302183E-15
7576.29366342155  3.306493E-15
7579.07001833713  3.186778E-15
7581.84637325271  3.150988E-15
7584.62272816829  3.255504E-15
7587.39908308387  3.092050E-15
7590.17543799945  3.431381E-15
7592.95179291503  3.351494E-15
7595.72814783061  3.131424E-15
7598.50450274619  3.035790E-15
7601.28085766177  3.320193E-15
7604.05721257735  2.898619E-15
7606.83356749292  3.421725E-15
7609.60992240851  3.066630E-15
7612.38627732408  2.846559E-15
7615.16263223967  3.371449E-15
7617.93898715524  3.546161E-15
7620.71534207082  3.051954E-15
7623.4916969864  3.013440E-15
7626.26805190198  3.205760E-15
7629.04440681756  3.292711E-15
7631.82076173314  3.279708E-15
7634.59711664872  2.930661E-15
7637.3734715643  2.862989E-15
7640.14982647988  3.209363E-15
7642.92618139546  3.312628E-15
7645.70253631104  3.261225E-15
7648.47889122662  2.991116E-15
7651.2552461422  2.741361E-15
7654.03160105778  2.831636E-15
7656.80795597336  3.038402E-15
7659.58431088894  3.344690E-15
7662.36066580452  3.484367E-15
7665.1370207201  3.441383E-15
7667.91337563568  2.860004E-15
7670.68973055126  2.919625E-15
7673.46608546684  3.090177E-15
7676.24244038242  2.909728E-15
7679.018795298  3.055376E-15
7681.79515021358  3.216586E-15
7684.57150512916  3.103622E-15
7687.34786004474  3.121809E-15
7690.12421496032  3.115600E-15
7692.9005698759  3.040080E-15
7695.67692479148  3.018888E-15
7698.45327970706  2.895611E-15
7701.22963462264  2.998706E-15
7704.00598953821  3.130534E-15
7706.78234445379  2.950649E-15
7709.55869936937  2.979517E-15
7712.33505428495  3.201621E-15
7715.11140920053  3.038272E-15
7717.88776411611  3.213408E-15
7720.66411903169  3.122246E-15
7723.44047394727  2.967910E-15
7726.21682886285  3.026168E-15
7728.99318377843  3.183584E-15
7731.76953869401  3.075538E-15
7734.54589360959  3.024451E-15
7737.32224852517  3.108078E-15
7740.09860344075  2.926042E-15
7742.87495835633  2.841929E-15
7745.65131327191  2.904585E-15
7748.42766818749  2.958785E-15
7751.20402310307  3.031295E-15
7753.98037801865  2.949849E-15
7756.75673293423  3.120769E-15
7759.53308784981  3.352481E-15
7762.30944276539  3.158260E-15
7765.08579768097  2.870213E-15
7767.86215259655  2.793179E-15
7770.63850751213  2.854216E-15
7773.41486242771  2.754678E-15
7776.19121734329  2.931079E-15
7778.96757225887  2.994796E-15
7781.74392717445  3.078966E-15
7784.52028209003  2.906410E-15
7787.29663700561  3.032788E-15
7790.07299192119  3.223095E-15
7792.84934683677  3.182386E-15
7795.62570175234  2.969846E-15
7798.40205666793  3.087285E-15
7801.1784115835  3.132054E-15
7803.95476649909  2.973059E-15
7806.73112141466  3.112004E-15
7809.50747633024  3.073101E-15
7812.28383124582  3.221935E-15
7815.0601861614  3.156052E-15
7817.83654107698  2.948254E-15
7820.61289599256  2.966937E-15
7823.38925090814  3.197027E-15
7826.16560582372  3.190428E-15
7828.9419607393  3.000914E-15
7831.71831565488  3.096874E-15
7834.49467057046  3.209548E-15
7837.27102548604  2.699406E-15
7840.04738040162  2.978492E-15
7842.8237353172  2.805168E-15
7845.60009023278  2.905703E-15
7848.37644514836  3.092333E-15
7851.15280006394  2.861966E-15
7853.92915497952  2.899420E-15
7856.7055098951  2.965481E-15
7859.48186481068  2.935632E-15
7862.25821972626  3.002766E-15
7865.03457464184  3.127738E-15
7867.81092955742  3.123304E-15
7870.587284473  2.870498E-15
7873.36363938858  2.955485E-15
7876.13999430416  3.035096E-15
7878.91634921974  3.021098E-15
7881.69270413532  2.936789E-15
7884.4690590509  3.063858E-15
7887.24541396648  2.849840E-15
7890.02176888206  2.836474E-15
7892.79812379764  2.756222E-15
7895.57447871321  2.976327E-15
7898.3508336288  3.031410E-15
7901.12718854437  2.718723E-15
7903.90354345995  2.762948E-15
7906.67989837553  3.002565E-15
7909.45625329111  2.886680E-15
7912.23260820669  2.864789E-15
7915.00896312227  2.941580E-15
7917.78531803785  2.787484E-15
7920.56167295343  2.857857E-15
7923.33802786901  2.688270E-15
7926.11438278459  2.871780E-15
7928.89073770017  2.891233E-15
7931.66709261575  2.659761E-15
7934.44344753133  3.006394E-15
7937.21980244691  3.038845E-15
7939.99615736249  2.832177E-15
7942.77251227807  2.807540E-15
7945.54886719365  2.983661E-15
7948.32522210923  3.009728E-15
7951.10157702481  2.796751E-15
7953.87793194039  2.674797E-15
7956.65428685597  2.914165E-15
7959.43064177155  2.924632E-15
7962.20699668713  2.702292E-15
7964.98335160271  2.751383E-15
7967.75970651829  2.728499E-15
7970.53606143387  2.897142E-15
7973.31241634945  3.234059E-15
7976.08877126503  2.803489E-15
7978.86512618061  2.637639E-15
7981.64148109619  2.874006E-15
7984.41783601176  2.779228E-15
7987.19419092735  2.792889E-15
7989.97054584292  2.600670E-15
7992.74690075851  2.599176E-15
7995.52325567408  2.718892E-15
7998.29961058966  2.901279E-15
8001.07596550524  2.834658E-15
8003.85232042082  2.840135E-15
8006.6286753364  2.841384E-15
8009.40503025198  2.770905E-15
8012.18138516756  2.852706E-15
8014.95774008314  2.854323E-15
8017.73409499872  2.804178E-15
8020.5104499143  2.774056E-15
8023.28680482988  2.544308E-15
8026.06315974546  2.513818E-15
8028.83951466104  2.575743E-15
8031.61586957662  2.530948E-15
8034.3922244922  2.578154E-15
8037.16857940778  2.724975E-15
8039.94493432336  2.928990E-15
8042.72128923894  2.581105E-15
8045.49764415452  2.371957E-15
8048.2739990701  2.420343E-15
8051.05035398568  2.663147E-15
8053.82670890126  2.773926E-15
8056.60306381684  2.903439E-15
8059.37941873242  2.946682E-15
8062.155773648  2.806590E-15
8064.93212856357  2.714281E-15
8067.70848347916  2.679953E-15
8070.48483839474  2.812711E-15
8073.26119331031  2.864521E-15
8076.03754822589  2.756888E-15
8078.81390314148  2.879471E-15
8081.59025805706  2.474318E-15
8084.36661297263  2.557893E-15
8087.14296788822  2.769705E-15
8089.91932280379  2.557960E-15
8092.69567771937  2.651032E-15
8095.47203263495  2.742274E-15
8098.24838755053  2.734410E-15
8101.02474246611  2.776780E-15
8103.80109738169  2.765966E-15
8106.57745229727  2.674088E-15
8109.35380721285  2.714532E-15
8112.13016212843  2.781439E-15
8114.90651704401  2.681362E-15
8117.68287195959  2.790452E-15
8120.45922687517  2.773662E-15
8123.23558179075  2.577284E-15
8126.01193670633  2.576865E-15
8128.78829162191  2.435208E-15
8131.56464653749  2.567219E-15
8134.34100145307  2.511153E-15
8137.11735636865  2.559384E-15
8139.89371128423  2.561614E-15
8142.67006619981  2.717957E-15
8145.44642111539  2.740358E-15
8148.22277603097  2.632387E-15
8150.99913094655  2.533761E-15
8153.77548586213  2.255380E-15
8156.55184077771  2.534083E-15
8159.32819569329  2.447852E-15
8162.10455060886  2.313686E-15
8164.88090552445  2.699132E-15
8167.65726044003  2.655530E-15
8170.43361535561  2.435829E-15
8173.20997027118  2.412208E-15
8175.98632518676  2.315101E-15
8178.76268010234  2.363072E-15
8181.53903501792  2.416516E-15
8184.3153899335  2.442807E-15
8187.09174484908  2.277416E-15
8189.86809976466  2.729915E-15
8192.64445468024  2.639999E-15
8195.42080959582  2.550699E-15
8198.1971645114  2.709059E-15
8200.97351942698  2.568155E-15
8203.74987434256  2.442880E-15
8206.52622925814  2.769669E-15
8209.30258417372  2.852423E-15
8212.0789390893  2.851105E-15
8214.85529400488  2.727246E-15
8217.63164892046  2.654402E-15
8220.40800383604  2.571891E-15
8223.18435875162  2.487269E-15
8225.9607136672  2.689445E-15
8228.73706858278  2.619226E-15
8231.51342349836  2.404754E-15
8234.28977841394  2.628903E-15
8237.06613332952  2.577855E-15
8239.8424882451  2.561438E-15
8242.61884316068  2.407435E-15
8245.39519807626  2.574457E-15
8248.17155299184  2.809583E-15
8250.94790790742  2.856471E-15
8253.724262823  2.895094E-15
8256.50061773858  2.607167E-15
8259.27697265415  2.836110E-15
8262.05332756974  3.063024E-15
8264.82968248532  2.827428E-15
8267.60603740089  2.542482E-15
8270.38239231647  2.641782E-15
8273.15874723205  2.681679E-15
8275.93510214764  2.630752E-15
8278.71145706321  2.785989E-15
8281.48781197879  2.622258E-15
8284.26416689437  2.311663E-15
8287.04052180995  2.435752E-15
8289.81687672553  2.561815E-15
8292.59323164111  2.630090E-15
8295.36958655669  2.423022E-15
8298.14594147227  2.186476E-15
8300.92229638785  2.691648E-15
8303.69865130343  2.951727E-15
8306.47500621901  2.672966E-15
8309.25136113459  2.491320E-15
8312.02771605017  2.540348E-15
8314.80407096575  2.523118E-15
8317.58042588133  2.905861E-15
8320.35678079691  2.928886E-15
8323.13313571249  2.557663E-15
8325.90949062807  2.392885E-15
8328.68584554365  2.649961E-15
8331.46220045923  2.792176E-15
8334.23855537481  2.690977E-15
8337.01491029039  2.861742E-15
8339.79126520597  2.747303E-15
8342.56762012155  2.793712E-15
8345.34397503712  2.828851E-15
8348.12032995271  2.651082E-15
8350.89668486829  2.676487E-15
8353.67303978387  2.663367E-15
8356.44939469944  2.710736E-15
8359.22574961502  2.405527E-15
8362.00210453061  2.521063E-15
8364.77845944619  2.408111E-15
8367.55481436176  2.674579E-15
8370.33116927734  2.976451E-15
8373.10752419292  2.644980E-15
8375.8838791085  2.611492E-15
8378.66023402408  2.661520E-15
8381.43658893966  2.702567E-15
8384.21294385524  2.732035E-15
8386.98929877082  2.346437E-15
8389.7656536864  2.188330E-15
8392.54200860198  2.257361E-15
8395.31836351756  2.701883E-15
8398.09471843314  2.496907E-15
8400.87107334872  2.316875E-15
8403.6474282643  2.569783E-15
8406.42378317988  2.725345E-15
8409.20013809546  2.888664E-15
8411.97649301104  2.672944E-15
8414.75284792662  2.565668E-15
8417.5292028422  2.355773E-15
8420.30555775778  2.211969E-15
8423.08191267336  2.168705E-15
8425.85826758894  2.394625E-15
8428.63462250452  2.622368E-15
8431.4109774201  2.765252E-15
8434.18733233568  2.747778E-15
8436.96368725126  2.686713E-15
8439.74004216684  2.813689E-15
8442.51639708242  2.705349E-15
8445.292751998  2.506711E-15
8448.06910691358  2.399690E-15
8450.84546182916  2.621768E-15
8453.62181674473  2.734459E-15
8456.39817166031  2.751362E-15
8459.1745265759  2.423362E-15
8461.95088149147  2.402543E-15
8464.72723640705  2.277586E-15
8467.50359132263  2.690291E-15
8470.27994623821  2.632608E-15
8473.05630115379  2.470827E-15
8475.83265606937  2.929741E-15
8478.60901098495  2.711407E-15
8481.38536590053  2.341227E-15
8484.16172081611  2.574704E-15
8486.93807573169  2.541870E-15
8489.71443064727  2.291907E-15
8492.49078556285  2.392636E-15
8495.26714047843  2.519617E-15
8498.04349539401  2.482874E-15
8500.81985030959  2.536794E-15
8503.59620522517  2.397434E-15
8506.37256014075  2.494436E-15
8509.14891505633  2.475491E-15
8511.92526997191  2.642329E-15
8514.70162488749  2.675987E-15
8517.47797980307  2.572514E-15
8520.25433471865  2.608218E-15
8523.03068963423  2.421319E-15
8525.80704454981  2.313644E-15
8528.58339946539  2.680030E-15
8531.35975438097  2.723397E-15
8534.13610929655  2.510013E-15
8536.91246421213  2.480909E-15
8539.6888191277  2.481010E-15
8542.46517404328  2.553389E-15
8545.24152895887  2.491368E-15
8548.01788387445  2.326974E-15
8550.79423879002  2.420738E-15
8553.5705937056  2.353392E-15
8556.34694862118  2.421811E-15
8559.12330353676  2.372249E-15
8561.89965845234  2.473913E-15
8564.67601336792  2.204229E-15
8567.4523682835  2.483223E-15
8570.22872319908  2.680139E-15
8573.00507811466  2.419282E-15
8575.78143303024  2.227728E-15
8578.55778794582  2.339655E-15
8581.3341428614  2.440677E-15
8584.11049777698  2.460108E-15
8586.88685269256  2.213802E-15
8589.66320760814  1.947366E-15
8592.43956252372  2.256483E-15
8595.2159174393  2.521116E-15
8597.99227235488  2.351457E-15
8600.76862727046  2.258893E-15
8603.54498218604  2.204405E-15
8606.32133710162  2.517116E-15
8609.0976920172  2.522571E-15
8611.87404693278  2.401634E-15
8614.65040184836  2.438129E-15
8617.42675676394  2.774559E-15
8620.20311167952  2.742544E-15
8622.97946659509  2.225059E-15
8625.75582151068  2.147088E-15
8628.53217642626  2.629213E-15
8631.30853134184  2.516927E-15
8634.08488625742  2.458422E-15
8636.861241173  2.507619E-15
8639.63759608857  2.493829E-15
8642.41395100416  2.457317E-15
8645.19030591974  2.378161E-15
8647.96666083531  2.295987E-15
8650.74301575089  2.354866E-15
8653.51937066647  2.621376E-15
8656.29572558205  2.627431E-15
8659.07208049763  2.374961E-15
8661.84843541321  2.139023E-15
8664.62479032879  2.492057E-15
8667.40114524437  2.622948E-15
8670.17750015995  2.703417E-15
8672.95385507553  2.435660E-15
8675.73020999111  2.414620E-15
8678.50656490669  2.285883E-15
8681.28291982227  2.009739E-15
8684.05927473785  2.202825E-15
8686.83562965343  2.614847E-15
8689.61198456901  2.353670E-15
8692.38833948459  2.270735E-15
8695.16469440017  2.520561E-15
8697.94104931575  2.598726E-15
8700.71740423133  2.336326E-15
8703.49375914691  2.079539E-15
8706.27011406249  2.322533E-15
8709.04646897807  2.090378E-15
8711.82282389365  1.878288E-15
8714.59917880923  2.488364E-15
8717.37553372481  2.254900E-15
8720.15188864039  2.428789E-15
8722.92824355597  2.408118E-15
8725.70459847155  2.327475E-15
8728.48095338713  2.456793E-15
8731.25730830271  2.473662E-15
8734.03366321828  2.576823E-15
8736.81001813386  2.435390E-15
8739.58637304945  2.156056E-15
8742.36272796502  2.309174E-15
8745.1390828806  2.290090E-15
8747.91543779618  1.943406E-15
8750.69179271176  2.088440E-15
8753.46814762734  2.665099E-15
8756.24450254292  2.523373E-15
8759.0208574585  2.072063E-15
8761.79721237408  2.330898E-15
8764.57356728966  2.247606E-15
8767.34992220524  2.078903E-15
8770.12627712082  2.265108E-15
8772.9026320364  2.203821E-15
8775.67898695198  2.357923E-15
8778.45534186756  2.031839E-15
8781.23169678314  2.034518E-15
8784.00805169872  1.964596E-15
8786.7844066143  2.062311E-15
8789.56076152988  2.289713E-15
8792.33711644546  2.153994E-15
8795.11347136104  2.224438E-15
8797.88982627662  2.286931E-15
8800.6661811922  2.187230E-15
8803.44253610778  2.074536E-15
8806.21889102336  2.097086E-15
8808.99524593894  2.257971E-15
8811.77160085452  2.305760E-15
8814.5479557701  1.998555E-15
8817.32431068567  1.737391E-15
8820.10066560126  2.038365E-15
8822.87702051683  1.779680E-15
8825.65337543242  1.412692E-15
8828.429730348  1.779845E-15
8831.20608526358  2.203844E-15
