3861.5307863759  9.054139E-15
3864.30714129148  9.436353E-15
3867.08349620706  1.055480E-14
3869.85985112264  9.438050E-15
3872.63620603822  7.866131E-15
3875.4125609538  8.693757E-15
3878.18891586938  9.686621E-15
3880.96527078496  8.408678E-15
3883.74162570054  8.399185E-15
3886.51798061612  9.323546E-15
3889.2943355317  6.309457E-15
3892.07069044728  7.149944E-15
3894.84704536286  8.972654E-15
3897.62340027844  8.140678E-15
3900.39975519402  7.152752E-15
3903.1761101096  7.009334E-15
3905.95246502518  9.673441E-15
3908.72881994076  9.068530E-15
3911.50517485634  9.677173E-15
3914.28152977192  8.156325E-15
3917.0578846875  7.172290E-15
3919.83423960308  9.098884E-15
3922.61059451866  8.019615E-15
3925.38694943424  7.049021E-15
3928.16330434982  7.199980E-15
3930.9396592654  6.216163E-15
3933.71601418098  7.047341E-15
3936.49236909656  7.207179E-15
3939.26872401214  9.395926E-15
3942.04507892772  8.458122E-15
3944.82143384329  7.839922E-15
3947.59778875887  7.190968E-15
3950.37414367445  8.502524E-15
3953.15049859003  7.638201E-15
3955.92685350561  7.260377E-15
3958.70320842119  6.702401E-15
3961.47956333677  7.552765E-15
3964.25591825235  6.308218E-15
3967.03227316793  5.506408E-15
3969.80862808351  6.159385E-15
3972.58498299909  5.695075E-15
3975.36133791467  6.057465E-15
3978.13769283025  5.511305E-15
3980.91404774583  5.774786E-15
3983.69040266141  6.802138E-15
3986.46675757699  7.932477E-15
3989.24311249257  8.406707E-15
3992.01946740815  7.328045E-15
3994.79582232373  7.185667E-15
3997.57217723931  6.636727E-15
4000.34853215489  6.323539E-15
4003.12488707047  6.654503E-15
4005.90124198605  6.802715E-15
4008.67759690163  6.734161E-15
4011.45395181721  6.797395E-15
4014.23030673279  7.336345E-15
4017.00666164837  7.969520E-15
4019.78301656395  7.240094E-15
4022.55937147953  6.911767E-15
4025.33572639511  7.639455E-15
4028.11208131069  8.013781E-15
4030.88843622627  6.741994E-15
4033.66479114185  7.070530E-15
4036.44114605743  7.427359E-15
4039.21750097301  7.677558E-15
4041.99385588858  7.758541E-15
4044.77021080416  8.503382E-15
4047.54656571974  8.959976E-15
4050.32292063532  7.162293E-15
4053.0992755509  7.646608E-15
4055.87563046648  8.084803E-15
4058.65198538206  7.530677E-15
4061.42834029764  7.853793E-15
4064.20469521322  6.505113E-15
4066.9810501288  7.610069E-15
4069.75740504438  8.572770E-15
4072.53375995996  7.849774E-15
4075.31011487554  7.858809E-15
4078.08646979112  6.920950E-15
4080.8628247067  7.046201E-15
4083.63917962228  7.619541E-15
4086.41553453786  7.263082E-15
4089.19188945344  7.717280E-15
4091.96824436902  7.359807E-15
4094.7445992846  7.035209E-15
4097.52095420018  6.989365E-15
4100.29730911576  6.804985E-15
4103.07366403134  6.555483E-15
4105.85001894692  7.268477E-15
4108.6263738625  6.029522E-15
4111.40272877808  6.887647E-15
4114.17908369366  7.140325E-15
4116.95543860924  7.560211E-15
4119.73179352482  7.291701E-15
4122.5081484404  6.198207E-15
4125.28450335598  6.085973E-15
4128.06085827156  6.423656E-15
4130.83721318714  7.971621E-15
4133.61356810271  7.727491E-15
4136.38992301829  7.309057E-15
4139.16627793387  8.105205E-15
4141.94263284945  7.352225E-15
4144.71898776503  8.240755E-15
4147.49534268061  7.963155E-15
4150.27169759619  6.899987E-15
4153.04805251177  7.778315E-15
4155.82440742735  7.988701E-15
4158.60076234293  7.187030E-15
4161.37711725851  7.623932E-15
4164.15347217409  6.760673E-15
4166.92982708967  6.556350E-15
4169.70618200525  7.386647E-15
4172.48253692083  7.832819E-15
4175.25889183641  7.612037E-15
4178.03524675199  7.706723E-15
4180.81160166757  6.952609E-15
4183.58795658315  7.394589E-15
4186.36431149873  7.446166E-15
4189.14066641431  7.770546E-15
4191.91702132989  8.087167E-15
4194.69337624547  7.438963E-15
4197.46973116105  7.134986E-15
4200.24608607663  7.906463E-15
4203.02244099221  7.830654E-15
4205.79879590779  7.797659E-15
4208.57515082337  7.799598E-15
4211.35150573895  7.359718E-15
4214.12786065453  7.075844E-15
4216.90421557011  6.846802E-15
4219.68057048569  7.450078E-15
4222.45692540127  8.091987E-15
4225.23328031684  8.211137E-15
4228.00963523242  7.463313E-15
4230.785990148  7.950114E-15
4233.56234506358  7.498106E-15
4236.33869997916  7.284697E-15
4239.11505489474  6.962488E-15
4241.89140981032  7.255498E-15
4244.6677647259  6.679371E-15
4247.44411964148  7.072476E-15
4250.22047455706  7.222055E-15
4252.99682947264  7.991002E-15
4255.77318438822  7.657512E-15
4258.5495393038  6.937720E-15
4261.32589421938  6.430276E-15
4264.10224913496  6.784486E-15
4266.87860405054  7.560405E-15
4269.65495896612  7.571986E-15
4272.4313138817  6.022755E-15
4275.20766879728  6.600748E-15
4277.98402371286  7.178893E-15
4280.76037862844  6.990551E-15
4283.53673354402  7.578061E-15
4286.3130884596  7.846033E-15
4289.08944337518  7.359424E-15
4291.86579829076  6.771096E-15
4294.64215320634  7.504664E-15
4297.41850812192  7.880117E-15
4300.1948630375  7.343889E-15
4302.97121795308  7.341867E-15
4305.74757286866  6.666145E-15
4308.52392778424  6.646984E-15
4311.30028269982  7.261915E-15
4314.0766376154  7.463909E-15
4316.85299253098  7.137631E-15
4319.62934744656  7.331520E-15
4322.40570236213  6.742073E-15
4325.18205727771  6.696305E-15
4327.95841219329  7.320197E-15
4330.73476710887  6.480228E-15
4333.51112202445  6.437644E-15
4336.28747694003  6.636748E-15
4339.06383185561  6.518920E-15
4341.84018677119  6.786479E-15
4344.61654168677  6.962593E-15
4347.39289660235  6.423233E-15
4350.16925151793  6.395329E-15
4352.94560643351  6.380546E-15
4355.72196134909  6.525976E-15
4358.49831626467  6.178702E-15
4361.27467118025  6.303974E-15
4364.05102609583  7.658632E-15
4366.82738101141  7.185365E-15
4369.60373592699  7.015040E-15
4372.38009084257  7.122373E-15
4375.15644575815  7.320509E-15
4377.93280067373  7.122731E-15
4380.70915558931  6.963544E-15
4383.48551050489  7.285183E-15
4386.26186542047  7.244494E-15
4389.03822033605  7.253141E-15
4391.81457525163  8.001864E-15
4394.59093016721  7.597987E-15
4397.36728508279  7.208841E-15
4400.14363999837  7.318473E-15
4402.91999491395  7.059862E-15
4405.69634982953  7.222611E-15
4408.47270474511  7.323189E-15
4411.24905966069  8.111517E-15
4414.02541457626  7.536247E-15
4416.80176949185  6.864508E-15
4419.57812440742  6.694730E-15
4422.354479323  7.189952E-15
4425.13083423858  7.573727E-15
4427.90718915416  6.972476E-15
4430.68354406974  7.270647E-15
4433.45989898532  7.889843E-15
4436.2362539009  6.978587E-15
4439.01260881648  6.702248E-15
4441.78896373206  7.738229E-15
4444.56531864764  7.767652E-15
4447.34167356322  7.343571E-15
4450.1180284788  7.076472E-15
4452.89438339438  7.570603E-15
4455.67073830996  7.461128E-15
4458.44709322554  7.509866E-15
4461.22344814112  6.883509E-15
4463.9998030567  7.369863E-15
4466.77615797228  7.122818E-15
4469.55251288786  7.002965E-15
4472.32886780344  7.073802E-15
4475.10522271902  6.917779E-15
4477.8815776346  6.395862E-15
4480.65793255018  6.983957E-15
4483.43428746576  6.696237E-15
4486.21064238134  6.389759E-15
4488.98699729692  6.773622E-15
4491.7633522125  7.380604E-15
4494.53970712808  7.413143E-15
4497.31606204366  6.652484E-15
4500.09241695924  7.118772E-15
4502.86877187482  6.960618E-15
4505.64512679039  6.921220E-15
4508.42148170598  7.280270E-15
4511.19783662155  7.116107E-15
4513.97419153713  7.069909E-15
4516.75054645271  6.859251E-15
4519.52690136829  7.500426E-15
4522.30325628387  6.660796E-15
4525.07961119945  6.878725E-15
4527.85596611503  7.440880E-15
4530.63232103061  6.820335E-15
4533.40867594619  6.850938E-15
4536.18503086177  7.148408E-15
4538.96138577735  7.337449E-15
4541.73774069293  7.744471E-15
4544.51409560851  7.188485E-15
4547.29045052409  7.351894E-15
4550.06680543967  7.080179E-15
4552.84316035525  7.502248E-15
4555.61951527083  6.879421E-15
4558.39587018641  6.543934E-15
4561.17222510199  6.938489E-15
4563.94858001757  7.092394E-15
4566.72493493315  7.282095E-15
4569.50128984873  7.200381E-15
4572.27764476431  7.137884E-15
4575.05399967989  6.777813E-15
4577.83035459547  7.185686E-15
4580.60670951105  7.398126E-15
4583.38306442663  6.987790E-15
4586.15941934221  7.454229E-15
4588.93577425779  8.098695E-15
4591.71212917337  7.408906E-15
4594.48848408895  6.658235E-15
4597.26483900453  7.253095E-15
4600.0411939201  7.169336E-15
4602.81754883568  7.524067E-15
4605.59390375127  7.752464E-15
4608.37025866684  7.657991E-15
4611.14661358242  7.616346E-15
4613.922968498  7.314478E-15
4616.69932341358  7.742250E-15
4619.47567832916  7.682319E-15
4622.25203324474  7.571162E-15
4625.02838816032  7.111646E-15
4627.8047430759  7.092515E-15
4630.58109799148  7.464459E-15
4633.35745290706  7.493602E-15
4636.13380782264  8.103886E-15
4638.91016273822  7.970558E-15
4641.6865176538  8.022238E-15
4644.46287256938  7.448394E-15
4647.23922748496  7.442511E-15
4650.01558240054  7.527999E-15
4652.79193731612  7.597659E-15
4655.5682922317  7.096941E-15
4658.34464714728  7.171363E-15
4661.12100206286  7.538553E-15
4663.89735697844  7.501161E-15
4666.67371189402  7.622483E-15
4669.4500668096  7.469243E-15
4672.22642172518  7.650446E-15
4675.00277664076  7.814872E-15
4677.77913155634  8.316228E-15
4680.55548647192  8.378564E-15
4683.3318413875  7.676201E-15
4686.10819630308  7.746387E-15
4688.88455121866  7.540994E-15
4691.66090613424  7.880371E-15
4694.43726104982  7.542673E-15
4697.21361596539  7.877971E-15
4699.98997088097  7.723534E-15
4702.76632579655  7.180754E-15
4705.54268071213  7.143265E-15
4708.31903562771  6.656830E-15
4711.09539054329  6.902456E-15
4713.87174545887  6.933824E-15
4716.64810037445  6.552155E-15
4719.42445529003  7.005932E-15
4722.20081020561  7.148564E-15
4724.97716512119  7.377558E-15
4727.75352003677  6.952786E-15
4730.52987495235  6.650182E-15
4733.30622986793  7.796782E-15
4736.08258478351  7.492770E-15
4738.85893969909  7.442864E-15
4741.63529461467  7.049799E-15
4744.41164953025  7.177171E-15
4747.18800444583  7.142051E-15
4749.96435936141  7.442153E-15
4752.74071427699  6.987020E-15
4755.51706919257  7.132301E-15
4758.29342410815  7.238653E-15
4761.06977902373  7.234261E-15
4763.84613393931  7.398463E-15
4766.62248885489  7.542214E-15
4769.39884377047  6.972195E-15
4772.17519868605  6.554654E-15
4774.95155360163  7.112440E-15
4777.72790851721  7.160240E-15
4780.50426343279  7.407181E-15
4783.28061834837  7.292182E-15
4786.05697326394  6.341418E-15
4788.83332817953  7.043570E-15
4791.6096830951  7.029063E-15
4794.38603801068  6.607034E-15
4797.16239292626  6.731221E-15
4799.93874784184  7.420945E-15
4802.71510275742  7.328430E-15
4805.491457673  6.801192E-15
4808.26781258858  6.490339E-15
4811.04416750416  6.863793E-15
4813.82052241974  7.029601E-15
4816.59687733532  7.127717E-15
4819.3732322509  7.458793E-15
4822.14958716648  6.748145E-15
4824.92594208206  6.896100E-15
4827.70229699764  7.337810E-15
4830.47865191322  6.881579E-15
4833.2550068288  6.841793E-15
4836.03136174438  6.688726E-15
4838.80771665996  6.592597E-15
4841.58407157554  6.306372E-15
4844.36042649112  6.871699E-15
4847.1367814067  7.150728E-15
4849.91313632228  6.932861E-15
4852.68949123786  6.789638E-15
4855.46584615344  6.771275E-15
4858.24220106902  7.233694E-15
4861.0185559846  7.399263E-15
4863.79491090018  7.174667E-15
4866.57126581576  6.333808E-15
4869.34762073134  6.869888E-15
4872.12397564692  7.110806E-15
4874.9003305625  6.932136E-15
4877.67668547807  6.750983E-15
4880.45304039366  6.492824E-15
4883.22939530923  6.851218E-15
4886.00575022481  6.597929E-15
4888.7821051404  6.912006E-15
4891.55846005597  7.827303E-15
4894.33481497155  6.797464E-15
4897.11116988713  6.234467E-15
4899.88752480271  6.535486E-15
4902.66387971829  6.643759E-15
4905.44023463387  6.727216E-15
4908.21658954945  6.966547E-15
4910.99294446503  7.174599E-15
4913.76929938061  6.862851E-15
4916.54565429619  6.517347E-15
4919.32200921177  6.880900E-15
4922.09836412735  6.790747E-15
4924.87471904293  6.899098E-15
4927.65107395851  6.101401E-15
4930.42742887409  6.251591E-15
4933.20378378967  6.847880E-15
4935.98013870525  6.528833E-15
4938.75649362083  6.869498E-15
4941.53284853641  6.699264E-15
4944.30920345199  6.909774E-15
4947.08555836757  6.909878E-15
4949.86191328315  6.976071E-15
4952.63826819873  7.199252E-15
4955.41462311431  6.694049E-15
4958.19097802989  6.474809E-15
4960.96733294547  6.632520E-15
4963.74368786104  7.159473E-15
4966.52004277663  7.266220E-15
4969.29639769221  7.116973E-15
4972.07275260778  6.590371E-15
4974.84910752337  6.352480E-15
4977.62546243894  6.421713E-15
4980.40181735452  6.891150E-15
4983.1781722701  6.779430E-15
4985.95452718569  6.556020E-15
4988.73088210126  6.912521E-15
4991.50723701684  7.003410E-15
4994.28359193242  6.658659E-15
4997.059946848  6.899719E-15
4999.83630176358  6.901361E-15
5002.61265667916  6.675757E-15
5005.38901159474  6.553141E-15
5008.16536651032  6.906807E-15
5010.9417214259  6.721790E-15
5013.71807634148  7.069124E-15
5016.49443125706  7.149568E-15
5019.27078617264  6.553709E-15
5022.04714108822  6.296630E-15
5024.8234960038  6.293180E-15
5027.59985091938  6.544009E-15
5030.37620583496  6.529721E-15
5033.15256075054  6.718249E-15
5035.92891566612  6.694387E-15
5038.7052705817  5.925770E-15
5041.48162549728  5.944545E-15
5044.25798041286  6.671028E-15
5047.03433532844  6.376097E-15
5049.81069024402  6.344566E-15
5052.5870451596  6.717149E-15
5055.36340007518  6.569539E-15
5058.13975499076  6.690060E-15
5060.91610990634  6.834516E-15
5063.69246482192  6.817647E-15
5066.4688197375  6.630707E-15
5069.24517465307  6.611915E-15
5072.02152956866  6.854999E-15
5074.79788448423  6.758492E-15
5077.57423939981  7.309830E-15
5080.3505943154  7.068569E-15
5083.12694923098  6.905107E-15
5085.90330414655  7.126308E-15
5088.67965906213  7.083293E-15
5091.45601397771  6.807149E-15
5094.23236889329  6.935330E-15
5097.00872380887  6.961986E-15
5099.78507872445  6.699054E-15
5102.56143364003  7.045507E-15
5105.33778855561  6.699699E-15
5108.11414347119  6.534666E-15
5110.89049838677  6.590473E-15
5113.66685330235  6.549448E-15
5116.44320821793  6.487533E-15
5119.21956313351  6.848671E-15
5121.99591804909  6.829784E-15
5124.77227296467  6.707368E-15
5127.54862788025  6.477011E-15
5130.32498279583  7.093426E-15
5133.10133771141  6.460378E-15
5135.87769262699  6.636609E-15
5138.65404754257  6.839026E-15
5141.43040245815  6.953382E-15
5144.20675737373  6.924270E-15
5146.98311228931  6.944054E-15
5149.75946720489  6.756394E-15
5152.53582212047  6.413498E-15
5155.31217703605  6.343050E-15
5158.08853195163  6.264775E-15
5160.86488686721  6.526253E-15
5163.64124178279  6.883747E-15
5166.41759669837  7.092593E-15
5169.19395161395  7.076312E-15
5171.97030652952  7.156696E-15
5174.74666144511  6.863895E-15
5177.52301636068  6.565645E-15
5180.29937127626  7.102184E-15
5183.07572619184  6.940480E-15
5185.85208110742  6.845819E-15
5188.628436023  6.829578E-15
5191.40479093858  6.318789E-15
5194.18114585416  6.428214E-15
5196.95750076974  6.458291E-15
5199.73385568532  6.957619E-15
5202.5102106009  6.914762E-15
5205.28656551648  6.760743E-15
5208.06292043206  6.777303E-15
5210.83927534764  6.972414E-15
5213.61563026322  6.644324E-15
5216.3919851788  6.606290E-15
5219.16834009438  6.856854E-15
5221.94469500996  6.819476E-15
5224.72104992554  6.276595E-15
5227.49740484112  6.211409E-15
5230.2737597567  6.468476E-15
5233.05011467228  6.605131E-15
5235.82646958786  6.879955E-15
5238.60282450344  6.639009E-15
5241.37917941902  6.251873E-15
5244.1555343346  6.897487E-15
5246.93188925018  6.762644E-15
5249.70824416576  6.365691E-15
5252.48459908134  6.569063E-15
5255.26095399692  6.476207E-15
5258.0373089125  6.456745E-15
5260.81366382808  6.146682E-15
5263.59001874365  6.183430E-15
5266.36637365923  6.540022E-15
5269.14272857481  6.650240E-15
5271.91908349039  6.716835E-15
5274.69543840597  6.287340E-15
5277.47179332155  6.175253E-15
5280.24814823713  6.138492E-15
5283.02450315271  6.378847E-15
5285.80085806829  6.696738E-15
5288.57721298387  6.503649E-15
5291.35356789945  6.790685E-15
5294.12992281503  6.795977E-15
5296.90627773061  6.480184E-15
5299.68263264619  6.396978E-15
5302.45898756177  6.408205E-15
5305.23534247735  6.905826E-15
5308.01169739293  6.883676E-15
5310.78805230851  6.373541E-15
5313.56440722409  6.390578E-15
5316.34076213967  6.389229E-15
5319.11711705525  6.357869E-15
5321.89347197083  6.146623E-15
5324.66982688641  6.142808E-15
5327.44618180199  6.213996E-15
5330.22253671757  6.609905E-15
5332.99889163315  6.325752E-15
5335.77524654873  6.282740E-15
5338.55160146431  6.088703E-15
5341.32795637989  6.400833E-15
5344.10431129547  6.241089E-15
5346.88066621105  5.931628E-15
5349.65702112662  6.559401E-15
5352.43337604221  6.727521E-15
5355.20973095778  6.612743E-15
5357.98608587337  6.712242E-15
5360.76244078894  6.320133E-15
5363.53879570452  6.071814E-15
5366.3151506201  5.892025E-15
5369.09150553568  6.191010E-15
5371.86786045126  6.326935E-15
5374.64421536684  5.874810E-15
5377.42057028242  5.925220E-15
5380.196925198  6.056585E-15
5382.97328011358  6.166841E-15
5385.74963502916  6.348228E-15
5388.52598994474  6.108551E-15
5391.30234486032  6.259839E-15
5394.0786997759  6.490596E-15
5396.85505469148  6.368736E-15
5399.63140960706  6.270024E-15
5402.40776452264  6.466742E-15
5405.18411943822  6.415322E-15
5407.9604743538  6.564468E-15
5410.73682926938  6.349655E-15
5413.51318418496  6.141639E-15
5416.28953910054  6.314540E-15
5419.06589401612  6.355645E-15
5421.8422489317  6.508903E-15
5424.61860384728  6.232442E-15
5427.39495876286  5.949819E-15
5430.17131367844  6.384684E-15
5432.94766859402  6.048483E-15
5435.7240235096  5.928138E-15
5438.50037842518  5.868741E-15
5441.27673334076  5.787297E-15
5444.05308825634  5.776508E-15
5446.82944317192  5.896410E-15
5449.6057980875  5.960633E-15
5452.38215300308  5.854521E-15
5455.15850791866  5.921995E-15
5457.93486283423  6.051704E-15
5460.71121774981  6.194827E-15
5463.48757266539  6.293543E-15
5466.26392758097  6.026470E-15
5469.04028249655  6.151063E-15
5471.81663741213  5.915788E-15
5474.59299232771  6.153655E-15
5477.36934724329  6.176870E-15
5480.14570215887  6.037431E-15
5482.92205707445  5.892815E-15
5485.69841199003  5.957832E-15
5488.47476690561  5.730425E-15
5491.25112182119  5.777117E-15
5494.02747673677  6.135249E-15
5496.80383165235  5.845918E-15
5499.58018656793  6.021532E-15
5502.35654148351  6.423045E-15
5505.13289639909  6.245536E-15
5507.90925131467  5.787505E-15
5510.68560623025  5.916873E-15
5513.46196114583  5.585462E-15
5516.23831606141  6.057315E-15
5519.01467097699  5.832583E-15
5521.79102589257  5.999807E-15
5524.56738080815  6.140022E-15
5527.34373572373  6.107685E-15
5530.12009063931  6.271520E-15
5532.89644555489  6.265391E-15
5535.67280047047  6.007482E-15
5538.44915538605  5.929722E-15
5541.22551030163  5.977521E-15
5544.0018652172  6.113087E-15
5546.77822013278  5.711187E-15
5549.55457504837  5.874589E-15
5552.33092996394  6.073621E-15
5555.10728487952  5.780579E-15
5557.8836397951  5.899038E-15
5560.65999471068  5.913643E-15
5563.43634962626  5.779269E-15
5566.21270454184  5.977866E-15
5568.98905945742  6.094438E-15
5571.765414373  5.865105E-15
5574.54176928858  5.744010E-15
5577.31812420416  5.947717E-15
5580.09447911974  6.114924E-15
5582.87083403532  5.933509E-15
5585.6471889509  6.115902E-15
5588.42354386648  6.015433E-15
5591.19989878206  5.424008E-15
5593.97625369764  5.627803E-15
5596.75260861322  5.882855E-15
5599.5289635288  5.824294E-15
5602.30531844438  5.848050E-15
5605.08167335996  5.681778E-15
5607.85802827554  5.745553E-15
5610.63438319112  5.616991E-15
5613.4107381067  5.516087E-15
5616.18709302228  5.437516E-15
5618.96344793786  5.694692E-15
5621.73980285344  5.846988E-15
5624.51615776902  5.591587E-15
5627.2925126846  5.629785E-15
5630.06886760018  5.646591E-15
5632.84522251576  6.096094E-15
5635.62157743134  5.667178E-15
5638.39793234691  5.838447E-15
5641.1742872625  6.022629E-15
5643.95064217807  5.349810E-15
5646.72699709365  5.700560E-15
5649.50335200923  5.914264E-15
5652.27970692482  5.963443E-15
5655.05606184039  5.757922E-15
5657.83241675597  5.471248E-15
5660.60877167155  5.915993E-15
5663.38512658713  5.814578E-15
5666.16148150271  5.859088E-15
5668.93783641829  5.681188E-15
5671.71419133387  5.725890E-15
5674.49054624945  5.138393E-15
5677.26690116503  5.280873E-15
5680.04325608061  5.822099E-15
5682.81961099619  5.743860E-15
5685.59596591177  5.770075E-15
5688.37232082735  5.470949E-15
5691.14867574293  5.791196E-15
5693.92503065851  5.760114E-15
5696.70138557409  5.120844E-15
5699.47774048967  5.207227E-15
5702.25409540525  5.474738E-15
5705.03045032083  5.711789E-15
5707.80680523641  5.727908E-15
5710.58316015199  5.875247E-15
5713.35951506757  6.276857E-15
5716.13586998315  5.492141E-15
5718.91222489873  5.630477E-15
5721.68857981431  5.513703E-15
5724.46493472989  5.308633E-15
5727.24128964546  5.460290E-15
5730.01764456105  5.696593E-15
5732.79399947663  5.944357E-15
5735.5703543922  5.583248E-15
5738.34670930778  5.378176E-15
5741.12306422336  5.531648E-15
5743.89941913894  5.399713E-15
5746.67577405452  5.382816E-15
5749.4521289701  5.199263E-15
5752.22848388568  5.368182E-15
5755.00483880126  5.490931E-15
5757.78119371684  5.346367E-15
5760.55754863242  5.439825E-15
5763.333903548  5.226398E-15
5766.11025846358  5.168037E-15
5768.88661337916  5.149599E-15
5771.66296829474  5.326002E-15
5774.43932321032  5.542256E-15
5777.2156781259  5.496918E-15
5779.99203304148  5.624682E-15
5782.76838795706  5.313824E-15
5785.54474287264  5.465266E-15
5788.32109778822  5.688146E-15
5791.0974527038  5.753141E-15
5793.87380761938  5.432525E-15
5796.65016253496  5.214379E-15
5799.42651745054  5.747229E-15
5802.20287236612  5.334574E-15
5804.9792272817  5.411671E-15
5807.75558219728  5.487442E-15
5810.53193711286  5.521454E-15
5813.30829202844  5.584517E-15
5816.08464694402  5.126482E-15
5818.8610018596  5.921748E-15
5821.63735677518  5.784123E-15
5824.41371169076  5.586393E-15
5827.19006660633  5.096620E-15
5829.96642152192  5.273312E-15
5832.74277643749  5.650589E-15
5835.51913135307  5.550633E-15
5838.29548626865  5.699652E-15
5841.07184118423  5.606740E-15
5843.84819609981  5.542359E-15
5846.62455101539  5.672611E-15
5849.40090593097  5.563097E-15
5852.17726084655  5.250448E-15
5854.95361576213  5.320279E-15
5857.72997067771  5.614614E-15
5860.50632559329  5.789712E-15
5863.28268050887  5.638585E-15
5866.05903542445  5.635044E-15
5868.83539034003  5.575027E-15
5871.61174525561  5.503777E-15
5874.38810017119  5.174988E-15
5877.16445508677  4.961244E-15
5879.94081000235  5.254001E-15
5882.71716491793  5.250455E-15
5885.49351983351  5.144494E-15
5888.26987474909  4.914780E-15
5891.04622966467  4.982223E-15
5893.82258458025  5.186238E-15
5896.59893949583  5.250079E-15
5899.37529441141  5.407157E-15
5902.15164932699  5.343570E-15
5904.92800424257  5.188547E-15
5907.70435915815  5.383448E-15
5910.48071407373  5.470672E-15
5913.25706898931  5.372925E-15
5916.03342390489  5.584262E-15
5918.80977882047  5.173366E-15
5921.58613373604  5.047526E-15
5924.36248865163  4.987794E-15
5927.1388435672  4.955394E-15
5929.91519848278  5.140566E-15
5932.69155339836  5.037457E-15
5935.46790831394  5.172606E-15
5938.24426322952  4.854698E-15
5941.0206181451  4.807253E-15
5943.79697306068  5.078230E-15
5946.57332797626  5.078129E-15
5949.34968289184  5.133959E-15
5952.12603780742  5.389986E-15
5954.902392723  5.042845E-15
5957.67874763858  4.889624E-15
5960.45510255416  4.828402E-15
5963.23145746974  4.883743E-15
5966.00781238532  5.005504E-15
5968.7841673009  5.087282E-15
5971.56052221648  5.239628E-15
5974.33687713206  5.200515E-15
5977.11323204764  5.139474E-15
5979.88958696322  5.168926E-15
5982.6659418788  4.905049E-15
5985.44229679438  5.009933E-15
5988.21865170996  5.057565E-15
5990.99500662554  5.143078E-15
5993.77136154112  5.486539E-15
5996.5477164567  5.335223E-15
5999.32407137228  5.043518E-15
6002.10042628786  4.895033E-15
6004.87678120344  4.940597E-15
6007.65313611902  4.939741E-15
6010.42949103459  4.941569E-15
6013.20584595018  4.862128E-15
6015.98220086575  4.849993E-15
6018.75855578134  4.988174E-15
6021.53491069691  5.062578E-15
6024.31126561249  5.142913E-15
6027.08762052807  4.890534E-15
6029.86397544365  4.800118E-15
6032.64033035923  5.076931E-15
6035.41668527481  4.819668E-15
6038.19304019039  5.013643E-15
6040.96939510597  4.825418E-15
6043.74575002155  4.737495E-15
6046.52210493713  4.779098E-15
6049.29845985271  4.860577E-15
6052.07481476829  4.861352E-15
6054.85116968387  4.830321E-15
6057.62752459945  4.969842E-15
6060.40387951503  4.742193E-15
6063.18023443061  4.652933E-15
6065.95658934619  4.883337E-15
6068.73294426177  5.202911E-15
6071.50929917735  4.907153E-15
6074.28565409293  4.762485E-15
6077.06200900851  4.995645E-15
6079.83836392409  4.455109E-15
6082.61471883967  4.589431E-15
6085.39107375525  5.031643E-15
6088.16742867083  5.267143E-15
6090.94378358641  5.061725E-15
6093.72013850199  4.721420E-15
6096.49649341757  4.786335E-15
6099.27284833315  5.098652E-15
6102.04920324873  4.932102E-15
6104.82555816431  5.055079E-15
6107.60191307989  4.965493E-15
6110.37826799546  4.709921E-15
6113.15462291105  4.989892E-15
6115.93097782662  4.941042E-15
6118.7073327422  4.613336E-15
6121.48368765778  4.555650E-15
6124.26004257336  4.956536E-15
6127.03639748894  4.883884E-15
6129.81275240452  4.548371E-15
6132.5891073201  4.765364E-15
6135.36546223568  4.901620E-15
6138.14181715126  4.828371E-15
6140.91817206684  4.879711E-15
6143.69452698242  4.781304E-15
6146.470881898  4.417363E-15
6149.24723681358  4.727598E-15
6152.02359172916  4.828591E-15
6154.79994664474  5.047718E-15
6157.57630156032  4.846697E-15
6160.3526564759  4.828437E-15
6163.12901139148  4.822085E-15
6165.90536630706  4.880152E-15
6168.68172122264  5.045942E-15
6171.45807613822  4.686989E-15
6174.2344310538  4.838588E-15
6177.01078596938  4.877627E-15
6179.78714088496  4.579556E-15
6182.56349580054  4.126491E-15
6185.33985071612  4.233078E-15
6188.1162056317  4.476008E-15
6190.89256054728  4.620603E-15
6193.66891546286  4.824135E-15
6196.44527037844  4.680837E-15
6199.22162529402  4.532002E-15
6201.9979802096  4.822067E-15
6204.77433512517  5.105349E-15
6207.55069004076  4.913743E-15
6210.32704495633  4.786393E-15
6213.10339987191  4.952198E-15
6215.87975478749  4.995292E-15
6218.65610970307  4.967275E-15
6221.43246461865  4.983929E-15
6224.20881953423  4.619084E-15
6226.98517444981  4.568145E-15
6229.76152936539  4.733010E-15
6232.53788428097  4.544332E-15
6235.31423919655  4.731324E-15
6238.09059411213  4.583072E-15
6240.86694902771  4.777334E-15
6243.64330394329  4.594374E-15
6246.41965885887  4.639583E-15
6249.19601377445  4.648608E-15
6251.97236869003  4.503443E-15
6254.74872360561  4.193747E-15
6257.52507852119  4.351717E-15
6260.30143343677  4.693056E-15
6263.07778835235  4.486471E-15
6265.85414326793  4.613070E-15
6268.63049818351  4.166509E-15
6271.40685309909  4.447352E-15
6274.18320801467  4.439891E-15
6276.95956293025  4.521499E-15
6279.73591784583  4.637288E-15
6282.51227276141  4.630902E-15
6285.28862767699  5.102110E-15
6288.06498259257  4.623123E-15
6290.84133750815  4.759293E-15
6293.61769242373  4.621001E-15
6296.39404733931  4.216504E-15
6299.17040225488  4.634107E-15
6301.94675717047  4.678788E-15
6304.72311208604  4.524764E-15
6307.49946700162  4.641080E-15
6310.2758219172  4.678952E-15
6313.05217683278  4.507518E-15
6315.82853174836  4.494115E-15
6318.60488666394  4.564898E-15
6321.38124157952  4.737385E-15
6324.1575964951  4.619328E-15
6326.93395141068  4.446959E-15
6329.71030632626  4.460865E-15
6332.48666124184  4.506831E-15
6335.26301615742  4.378637E-15
6338.039371073  4.426752E-15
6340.81572598858  4.248528E-15
6343.59208090416  4.119584E-15
6346.36843581974  4.440804E-15
6349.14479073532  4.555284E-15
6351.9211456509  4.552706E-15
6354.69750056648  4.385282E-15
6357.47385548206  4.454561E-15
6360.25021039764  4.479942E-15
6363.02656531322  4.539432E-15
6365.8029202288  4.582250E-15
6368.57927514438  4.361062E-15
6371.35563005996  4.658644E-15
6374.13198497554  4.570359E-15
6376.90833989111  4.396610E-15
6379.6846948067  4.546441E-15
6382.46104972228  4.497187E-15
6385.23740463786  4.307183E-15
6388.01375955344  4.798315E-15
6390.79011446902  4.619024E-15
6393.56646938459  4.629640E-15
6396.34282430017  4.510863E-15
6399.11917921575  4.405028E-15
6401.89553413133  4.377099E-15
6404.67188904691  4.309819E-15
6407.44824396249  4.503196E-15
6410.22459887807  4.488172E-15
6413.00095379365  4.508817E-15
6415.77730870923  4.606828E-15
6418.55366362481  4.262634E-15
6421.33001854039  4.469017E-15
6424.10637345597  4.392607E-15
6426.88272837155  4.315778E-15
6429.65908328713  4.438083E-15
6432.43543820271  4.257941E-15
6435.21179311829  4.490631E-15
6437.98814803387  4.597076E-15
6440.76450294945  4.387750E-15
6443.54085786503  4.649654E-15
6446.31721278061  4.766674E-15
6449.09356769619  4.329214E-15
6451.86992261177  4.373304E-15
6454.64627752735  4.660947E-15
6457.42263244293  4.289126E-15
6460.19898735851  4.072446E-15
6462.97534227409  4.241033E-15
6465.75169718967  4.302999E-15
6468.52805210525  4.437191E-15
6471.30440702083  4.508283E-15
6474.08076193641  4.445262E-15
6476.85711685199  4.309199E-15
6479.63347176757  4.401148E-15
6482.40982668315  4.144866E-15
6485.18618159872  4.330089E-15
6487.9625365143  4.533954E-15
6490.73889142988  4.496441E-15
6493.51524634546  4.349836E-15
6496.29160126104  4.623140E-15
6499.06795617662  4.351329E-15
6501.8443110922  4.258509E-15
6504.62066600778  4.058495E-15
6507.39702092336  4.121042E-15
6510.17337583894  4.013746E-15
6512.94973075452  4.330246E-15
6515.7260856701  4.401960E-15
6518.50244058568  4.604979E-15
6521.27879550126  4.434756E-15
6524.05515041684  4.219537E-15
6526.83150533242  4.040976E-15
6529.607860248  3.986616E-15
6532.38421516358  4.142656E-15
6535.16057007916  4.065216E-15
6537.93692499474  4.167394E-15
6540.71327991032  4.373331E-15
6543.4896348259  4.249824E-15
6546.26598974148  4.738127E-15
6549.04234465706  5.893524E-15
6551.81869957264  6.843393E-15
6554.59505448822  7.206558E-15
6557.3714094038  7.538533E-15
6560.14776431938  7.897626E-15
6562.92411923496  7.380312E-15
6565.70047415053  6.698822E-15
6568.47682906612  6.353204E-15
6571.25318398169  5.639853E-15
6574.02953889728  4.910621E-15
6576.80589381286  4.346848E-15
6579.58224872843  4.232472E-15
6582.35860364401  4.341529E-15
6585.13495855959  4.282566E-15
6587.91131347517  4.007762E-15
6590.68766839076  4.046168E-15
6593.46402330633  4.052704E-15
6596.24037822191  4.048558E-15
6599.01673313749  4.080817E-15
6601.79308805307  4.070485E-15
6604.56944296865  4.245917E-15
6607.34579788423  4.311013E-15
6610.12215279981  4.184763E-15
6612.89850771539  3.987375E-15
6615.67486263097  4.041229E-15
6618.45121754655  3.892184E-15
6621.22757246213  4.187193E-15
6624.00392737771  4.149617E-15
6626.78028229329  4.086877E-15
6629.55663720887  4.296597E-15
6632.33299212445  4.358448E-15
6635.10934704003  4.348452E-15
6637.88570195561  4.121780E-15
6640.66205687119  4.100348E-15
6643.43841178677  4.323054E-15
6646.21476670235  4.169065E-15
6648.99112161793  3.989783E-15
6651.76747653351  4.207926E-15
6654.54383144909  4.099762E-15
6657.32018636467  4.033191E-15
6660.09654128025  4.250798E-15
6662.87289619583  4.062864E-15
6665.64925111141  4.166320E-15
6668.42560602698  3.973177E-15
6671.20196094257  4.320807E-15
6673.97831585815  4.178679E-15
6676.75467077372  4.142850E-15
6679.5310256893  4.278449E-15
6682.30738060488  4.138033E-15
6685.08373552046  4.387624E-15
6687.86009043604  4.069087E-15
6690.63644535162  4.019715E-15
6693.4128002672  4.027630E-15
6696.18915518278  3.893229E-15
6698.96551009836  3.844896E-15
6701.74186501394  4.049436E-15
6704.51821992952  4.058962E-15
6707.2945748451  4.012030E-15
6710.07092976068  4.167016E-15
6712.84728467626  4.008024E-15
6715.62363959184  3.725494E-15
6718.39999450742  3.806250E-15
6721.176349423  4.256092E-15
6723.95270433858  4.557063E-15
6726.72905925416  4.462898E-15
6729.50541416974  4.422670E-15
6732.28176908532  4.149382E-15
6735.0581240009  3.847339E-15
6737.83447891648  3.976620E-15
6740.61083383206  4.017300E-15
6743.38718874764  4.046499E-15
6746.16354366322  3.917557E-15
6748.9398985788  3.687138E-15
6751.71625349438  3.741521E-15
6754.49260840996  3.824921E-15
6757.26896332554  4.143934E-15
6760.04531824112  4.005498E-15
6762.82167315669  3.913988E-15
6765.59802807227  3.939033E-15
6768.37438298785  3.940001E-15
6771.15073790343  4.004593E-15
6773.92709281901  4.162648E-15
6776.70344773459  4.065047E-15
6779.47980265018  3.901603E-15
6782.25615756575  3.669857E-15
6785.03251248133  3.601814E-15
6787.80886739691  4.167007E-15
6790.58522231249  3.893063E-15
6793.36157722807  3.804134E-15
6796.13793214365  3.728957E-15
6798.91428705923  3.806881E-15
6801.69064197481  4.255073E-15
6804.46699689039  4.302503E-15
6807.24335180597  3.845425E-15
6810.01970672155  3.961890E-15
6812.79606163713  4.110866E-15
6815.57241655271  3.885632E-15
6818.34877146829  3.937358E-15
6821.12512638387  3.801070E-15
6823.90148129945  3.880486E-15
6826.67783621503  4.080010E-15
6829.45419113061  3.859220E-15
6832.23054604619  3.886712E-15
6835.00690096177  3.927828E-15
6837.78325587735  3.887349E-15
6840.55961079293  3.607778E-15
6843.33596570851  3.602317E-15
6846.11232062409  3.765106E-15
6848.88867553967  4.163964E-15
6851.66503045524  3.866577E-15
6854.44138537082  3.566406E-15
6857.21774028641  3.917189E-15
6859.99409520199  4.003124E-15
6862.77045011756  3.916160E-15
6865.54680503314  4.278888E-15
6868.32315994872  3.899920E-15
6871.0995148643  3.997485E-15
6873.87586977988  4.241479E-15
6876.65222469546  4.161370E-15
6879.42857961104  4.125443E-15
6882.20493452662  3.956827E-15
6884.9812894422  3.999904E-15
6887.75764435778  4.136280E-15
6890.53399927336  3.951325E-15
6893.31035418894  3.785131E-15
6896.08670910452  3.825751E-15
6898.8630640201  3.983222E-15
6901.63941893568  4.067035E-15
6904.41577385126  3.915830E-15
6907.19212876684  3.864038E-15
6909.96848368242  4.114525E-15
6912.744838598  4.317340E-15
6915.52119351358  4.015675E-15
6918.29754842916  3.888362E-15
6921.07390334474  3.579338E-15
6923.85025826032  3.580643E-15
6926.6266131759  3.672808E-15
6929.40296809148  3.880859E-15
6932.17932300706  3.976038E-15
6934.95567792264  3.700027E-15
6937.73203283822  3.929235E-15
6940.5083877538  3.775064E-15
6943.28474266938  3.670536E-15
6946.06109758495  3.861320E-15
6948.83745250054  3.903027E-15
6951.61380741612  4.034074E-15
6954.39016233169  4.089088E-15
6957.16651724727  3.897440E-15
6959.94287216285  3.699380E-15
6962.71922707843  3.565430E-15
6965.49558199401  3.536922E-15
6968.27193690959  3.594404E-15
6971.04829182517  3.708882E-15
6973.82464674075  3.873807E-15
6976.60100165633  3.977096E-15
6979.37735657191  4.029745E-15
6982.15371148749  3.970669E-15
6984.93006640307  3.584021E-15
6987.70642131865  3.349457E-15
6990.48277623423  3.470036E-15
6993.25913114981  3.840615E-15
6996.03548606539  3.787229E-15
6998.81184098097  3.833456E-15
7001.58819589655  3.743727E-15
7004.36455081213  3.522795E-15
7007.14090572771  3.578257E-15
7009.91726064329  3.745928E-15
7012.69361555887  3.933558E-15
7015.46997047445  3.639635E-15
7018.24632539003  3.726292E-15
7021.02268030561  3.690465E-15
7023.79903522119  3.612446E-15
7026.57539013677  3.726150E-15
7029.35174505235  3.616925E-15
7032.12809996793  3.631423E-15
7034.90445488351  3.717602E-15
7037.68080979909  3.734057E-15
7040.45716471466  3.814051E-15
7043.23351963024  3.760676E-15
7046.00987454583  3.590592E-15
7048.7862294614  3.660044E-15
7051.56258437698  3.863218E-15
7054.33893929256  3.676772E-15
7057.11529420814  3.721790E-15
7059.89164912372  3.761587E-15
7062.6680040393  3.979048E-15
7065.44435895488  3.918322E-15
7068.22071387046  3.850019E-15
7070.99706878604  3.779870E-15
7073.77342370162  3.789879E-15
7076.5497786172  3.764341E-15
7079.32613353278  3.610908E-15
7082.10248844836  3.239083E-15
7084.87884336394  3.275492E-15
7087.65519827952  3.315269E-15
7090.4315531951  3.396637E-15
7093.20790811068  3.672189E-15
7095.98426302626  3.461712E-15
7098.76061794184  3.390708E-15
7101.53697285742  3.577575E-15
7104.313327773  3.452598E-15
7107.08968268858  3.556388E-15
7109.86603760416  3.508864E-15
7112.64239251974  3.463302E-15
7115.41874743532  3.568423E-15
7118.1951023509  3.515118E-15
7120.97145726648  3.205528E-15
7123.74781218206  3.261619E-15
7126.52416709764  3.372129E-15
7129.30052201322  3.478707E-15
7132.0768769288  3.147427E-15
7134.85323184437  3.523981E-15
7137.62958675996  3.515270E-15
7140.40594167553  3.707350E-15
7143.18229659112  3.743503E-15
7145.95865150669  3.395163E-15
7148.73500642227  3.431325E-15
7151.51136133785  3.654946E-15
7154.28771625343  3.539040E-15
7157.06407116901  3.551720E-15
7159.84042608459  3.517340E-15
7162.61678100017  3.567510E-15
7165.39313591575  3.756952E-15
7168.16949083133  3.396471E-15
7170.94584574691  3.167079E-15
7173.72220066249  3.209037E-15
7176.49855557807  3.254203E-15
7179.27491049365  3.472075E-15
7182.05126540923  3.114559E-15
7184.82762032481  3.299189E-15
7187.60397524039  3.404067E-15
7190.38033015597  3.072085E-15
7193.15668507155  3.271726E-15
7195.93303998713  3.446587E-15
7198.70939490271  3.380323E-15
7201.48574981829  3.234561E-15
7204.26210473387  3.060039E-15
7207.03845964945  3.164292E-15
7209.81481456503  3.248539E-15
7212.59116948061  3.067887E-15
7215.36752439619  3.285852E-15
7218.14387931177  3.301377E-15
7220.92023422735  3.150073E-15
7223.69658914293  3.517404E-15
7226.47294405851  3.460829E-15
7229.24929897409  3.104207E-15
7232.02565388966  3.264445E-15
7234.80200880524  3.236682E-15
7237.57836372083  3.222648E-15
7240.3547186364  3.324274E-15
7243.13107355198  3.238861E-15
7245.90742846756  3.135576E-15
7248.68378338314  3.261201E-15
7251.46013829872  3.047770E-15
7254.2364932143  3.163556E-15
7257.01284812988  3.495167E-15
7259.78920304546  3.448734E-15
7262.56555796104  3.370871E-15
7265.34191287662  3.336392E-15
7268.1182677922  3.255596E-15
7270.89462270778  3.189201E-15
7273.67097762336  3.155174E-15
7276.44733253894  2.878967E-15
7279.22368745452  3.141589E-15
7282.0000423701  3.295088E-15
7284.77639728568  3.175749E-15
7287.55275220126  3.007135E-15
7290.32910711684  2.856901E-15
7293.10546203242  3.153419E-15
7295.881816948  3.058686E-15
7298.65817186358  2.837162E-15
7301.43452677916  3.072467E-15
7304.21088169474  3.054776E-15
7306.98723661032  2.995925E-15
7309.7635915259  3.234178E-15
7312.53994644148  3.301373E-15
7315.31630135706  3.194777E-15
7318.09265627264  3.079588E-15
7320.86901118822  2.941234E-15
7323.6453661038  3.138848E-15
7326.42172101938  3.047215E-15
7329.19807593495  3.070208E-15
7331.97443085053  2.983518E-15
7334.75078576611  2.999136E-15
7337.52714068169  3.204889E-15
7340.30349559727  3.114269E-15
7343.07985051285  3.095311E-15
7345.85620542843  3.288492E-15
7348.63256034401  3.146914E-15
7351.40891525959  2.816762E-15
7354.18527017517  2.867545E-15
7356.96162509075  3.042250E-15
7359.73798000633  2.918240E-15
7362.51433492191  3.049785E-15
7365.29068983749  3.192909E-15
7368.06704475307  2.953711E-15
7370.84339966865  3.261512E-15
7373.61975458423  3.486907E-15
7376.39610949981  3.047054E-15
7379.17246441539  3.038373E-15
7381.94881933097  3.044894E-15
7384.72517424655  2.983972E-15
7387.50152916213  3.061396E-15
7390.27788407771  2.978802E-15
7393.05423899329  3.013655E-15
7395.83059390887  3.208042E-15
7398.60694882445  3.154283E-15
7401.38330374003  3.192244E-15
7404.15965865561  3.161767E-15
7406.93601357119  3.070808E-15
7409.71236848677  3.050781E-15
7412.48872340235  2.901935E-15
7415.26507831793  3.057530E-15
7418.04143323351  3.174476E-15
7420.81778814909  2.850051E-15
7423.59414306466  2.869477E-15
7426.37049798024  3.208311E-15
7429.14685289582  3.061329E-15
7431.9232078114  3.274850E-15
7434.69956272698  2.980812E-15
7437.47591764256  2.896517E-15
7440.25227255814  2.770251E-15
7443.02862747372  2.968250E-15
7445.8049823893  3.219408E-15
7448.58133730488  3.135417E-15
7451.35769222046  3.073245E-15
7454.13404713604  2.970144E-15
7456.91040205162  2.945056E-15
7459.6867569672  3.123804E-15
7462.46311188278  3.313775E-15
7465.23946679836  3.196319E-15
7468.01582171394  3.040176E-15
7470.79217662952  2.988508E-15
7473.5685315451  2.949679E-15
7476.34488646068  3.123665E-15
7479.12124137626  3.054000E-15
7481.89759629184  3.097795E-15
7484.67395120742  3.028174E-15
7487.450306123  2.938161E-15
7490.22666103858  2.929754E-15
7493.00301595416  2.964491E-15
7495.77937086974  2.770889E-15
7498.55572578532  2.801424E-15
7501.3320807009  3.032442E-15
7504.10843561648  3.163033E-15
7506.88479053206  3.049047E-15
7509.66114544764  2.786660E-15
7512.43750036321  2.568549E-15
7515.2138552788  2.779632E-15
7517.99021019437  3.036935E-15
7520.76656510995  3.122370E-15
7523.54292002553  2.925930E-15
7526.31927494111  2.815139E-15
7529.09562985669  2.980813E-15
7531.87198477227  2.947190E-15
7534.64833968785  3.230294E-15
7537.42469460343  3.295597E-15
7540.20104951901  3.183162E-15
7542.97740443459  3.151108E-15
7545.75375935017  3.154879E-15
7548.53011426575  3.334743E-15
7551.30646918133  3.131195E-15
7554.08282409691  3.359272E-15
7556.85917901249  2.963281E-15
7559.63553392807  3.136581E-15
7562.41188884365  3.242220E-15
7565.18824375923  2.970887E-15
7567.96459867481  2.970680E-15
7570.74095359039  3.042059E-15
7573.51730850597  2.946555E-15
7576.29366342155  2.937871E-15
7579.07001833713  2.795993E-15
7581.84637325271  2.637657E-15
7584.62272816829  2.865317E-15
7587.39908308387  2.963594E-15
7590.17543799945  2.888718E-15
7592.95179291503  3.063122E-15
7595.72814783061  2.886538E-15
7598.50450274619  2.725711E-15
7601.28085766177  2.907519E-15
7604.05721257735  2.798359E-15
7606.83356749292  2.425687E-15
7609.60992240851  2.955911E-15
7612.38627732408  2.913441E-15
7615.16263223967  2.874959E-15
7617.93898715524  2.893492E-15
7620.71534207082  2.997733E-15
7623.4916969864  2.919234E-15
7626.26805190198  2.743698E-15
7629.04440681756  2.562622E-15
7631.82076173314  2.464245E-15
7634.59711664872  2.568184E-15
7637.3734715643  2.612201E-15
7640.14982647988  2.772093E-15
7642.92618139546  2.748118E-15
7645.70253631104  2.532270E-15
7648.47889122662  2.852867E-15
7651.2552461422  2.756857E-15
7654.03160105778  2.867691E-15
7656.80795597336  2.782533E-15
7659.58431088894  2.872529E-15
7662.36066580452  2.942747E-15
7665.1370207201  2.647214E-15
7667.91337563568  2.680087E-15
7670.68973055126  2.584716E-15
7673.46608546684  3.048151E-15
7676.24244038242  2.836352E-15
7679.018795298  2.687951E-15
7681.79515021358  2.773882E-15
7684.57150512916  2.692322E-15
7687.34786004474  2.657920E-15
7690.12421496032  2.722238E-15
7692.9005698759  2.639487E-15
7695.67692479148  2.650102E-15
7698.45327970706  2.747010E-15
7701.22963462264  2.510628E-15
7704.00598953821  2.544123E-15
7706.78234445379  2.678598E-15
7709.55869936937  2.673462E-15
7712.33505428495  2.661449E-15
7715.11140920053  2.648119E-15
7717.88776411611  2.532161E-15
7720.66411903169  2.520724E-15
7723.44047394727  2.680779E-15
7726.21682886285  2.737299E-15
7728.99318377843  2.833954E-15
7731.76953869401  3.024104E-15
7734.54589360959  2.641889E-15
7737.32224852517  2.621150E-15
7740.09860344075  2.855433E-15
7742.87495835633  2.858731E-15
7745.65131327191  2.744334E-15
7748.42766818749  2.781931E-15
7751.20402310307  2.664324E-15
7753.98037801865  2.401156E-15
7756.75673293423  2.797990E-15
7759.53308784981  2.624821E-15
7762.30944276539  2.687747E-15
7765.08579768097  2.853570E-15
7767.86215259655  2.833263E-15
7770.63850751213  2.913521E-15
7773.41486242771  2.937514E-15
7776.19121734329  2.956520E-15
7778.96757225887  2.667355E-15
7781.74392717445  2.768308E-15
7784.52028209003  2.675242E-15
7787.29663700561  2.477314E-15
7790.07299192119  2.847509E-15
7792.84934683677  2.746284E-15
7795.62570175234  2.506081E-15
7798.40205666793  2.540946E-15
7801.1784115835  2.651990E-15
7803.95476649909  2.902387E-15
7806.73112141466  2.839212E-15
7809.50747633024  2.605642E-15
7812.28383124582  2.583897E-15
7815.0601861614  2.913384E-15
7817.83654107698  2.865566E-15
7820.61289599256  2.714565E-15
7823.38925090814  2.882685E-15
7826.16560582372  2.999468E-15
7828.9419607393  2.817233E-15
7831.71831565488  2.898501E-15
7834.49467057046  2.898727E-15
7837.27102548604  2.853716E-15
7840.04738040162  2.685493E-15
7842.8237353172  2.895741E-15
7845.60009023278  2.801790E-15
7848.37644514836  2.768160E-15
7851.15280006394  2.735816E-15
7853.92915497952  2.583114E-15
7856.7055098951  2.873180E-15
7859.48186481068  2.934588E-15
7862.25821972626  2.640120E-15
7865.03457464184  2.594885E-15
7867.81092955742  2.514731E-15
7870.587284473  2.538560E-15
7873.36363938858  2.492344E-15
7876.13999430416  2.453584E-15
7878.91634921974  2.775639E-15
7881.69270413532  2.865569E-15
7884.4690590509  2.442298E-15
7887.24541396648  2.380226E-15
7890.02176888206  2.621254E-15
7892.79812379764  2.761229E-15
7895.57447871321  2.560600E-15
7898.3508336288  2.509156E-15
7901.12718854437  2.844676E-15
7903.90354345995  2.789047E-15
7906.67989837553  2.396660E-15
7909.45625329111  2.254360E-15
7912.23260820669  2.533985E-15
7915.00896312227  2.784270E-15
7917.78531803785  2.327017E-15
7920.56167295343  2.190022E-15
7923.33802786901  2.545973E-15
7926.11438278459  2.330099E-15
7928.89073770017  2.251563E-15
7931.66709261575  2.618509E-15
7934.44344753133  2.454291E-15
7937.21980244691  2.231086E-15
7939.99615736249  2.285571E-15
7942.77251227807  2.514751E-15
7945.54886719365  2.597906E-15
7948.32522210923  2.593044E-15
7951.10157702481  2.316590E-15
7953.87793194039  2.501813E-15
7956.65428685597  2.570247E-15
7959.43064177155  2.333159E-15
7962.20699668713  2.299997E-15
7964.98335160271  2.411802E-15
7967.75970651829  2.516152E-15
7970.53606143387  2.465514E-15
7973.31241634945  2.615723E-15
7976.08877126503  2.317683E-15
7978.86512618061  2.488227E-15
7981.64148109619  2.305664E-15
7984.41783601176  2.398445E-15
7987.19419092735  2.815572E-15
7989.97054584292  2.500036E-15
7992.74690075851  2.419913E-15
7995.52325567408  2.619232E-15
7998.29961058966  2.520599E-15
8001.07596550524  2.432658E-15
8003.85232042082  2.305850E-15
8006.6286753364  2.420038E-15
8009.40503025198  2.502236E-15
8012.18138516756  2.608434E-15
8014.95774008314  2.489863E-15
8017.73409499872  2.221603E-15
8020.5104499143  2.468794E-15
8023.28680482988  2.482053E-15
8026.06315974546  2.381597E-15
8028.83951466104  2.257620E-15
8031.61586957662  2.260010E-15
8034.3922244922  2.660687E-15
8037.16857940778  2.365761E-15
8039.94493432336  2.300591E-15
8042.72128923894  2.549025E-15
8045.49764415452  2.765494E-15
8048.2739990701  2.323418E-15
8051.05035398568  2.431616E-15
8053.82670890126  2.420014E-15
8056.60306381684  2.256610E-15
8059.37941873242  2.533739E-15
8062.155773648  2.681907E-15
8064.93212856357  2.555309E-15
8067.70848347916  2.361678E-15
8070.48483839474  2.288274E-15
8073.26119331031  2.367643E-15
8076.03754822589  2.477928E-15
8078.81390314148  2.762553E-15
8081.59025805706  2.489286E-15
8084.36661297263  2.485389E-15
8087.14296788822  2.311007E-15
8089.91932280379  2.261876E-15
8092.69567771937  2.138191E-15
8095.47203263495  1.976317E-15
8098.24838755053  2.301639E-15
8101.02474246611  2.384717E-15
8103.80109738169  2.362792E-15
8106.57745229727  2.221260E-15
8109.35380721285  2.396440E-15
8112.13016212843  2.503967E-15
8114.90651704401  2.425704E-15
8117.68287195959  2.424491E-15
8120.45922687517  2.417996E-15
8123.23558179075  2.271492E-15
8126.01193670633  2.067546E-15
8128.78829162191  2.222133E-15
8131.56464653749  2.386428E-15
8134.34100145307  2.293932E-15
8137.11735636865  2.417717E-15
8139.89371128423  2.359731E-15
8142.67006619981  2.435401E-15
8145.44642111539  2.105114E-15
8148.22277603097  1.855122E-15
8150.99913094655  1.989138E-15
8153.77548586213  2.210174E-15
8156.55184077771  2.252081E-15
8159.32819569329  1.981791E-15
8162.10455060886  2.173275E-15
8164.88090552445  2.213508E-15
8167.65726044003  2.130410E-15
8170.43361535561  2.038086E-15
8173.20997027118  2.023053E-15
8175.98632518676  2.332820E-15
8178.76268010234  2.263478E-15
8181.53903501792  2.199525E-15
8184.3153899335  2.363614E-15
8187.09174484908  2.230984E-15
8189.86809976466  2.184630E-15
8192.64445468024  2.229179E-15
8195.42080959582  2.222122E-15
8198.1971645114  2.357231E-15
8200.97351942698  2.109004E-15
8203.74987434256  2.102048E-15
8206.52622925814  2.350715E-15
8209.30258417372  2.203720E-15
8212.0789390893  2.272594E-15
8214.85529400488  2.408895E-15
8217.63164892046  2.368431E-15
8220.40800383604  2.188773E-15
8223.18435875162  2.209784E-15
8225.9607136672  2.333538E-15
8228.73706858278  1.986290E-15
8231.51342349836  1.834451E-15
8234.28977841394  2.175017E-15
8237.06613332952  2.184167E-15
8239.8424882451  2.275042E-15
8242.61884316068  2.401987E-15
8245.39519807626  2.449481E-15
8248.17155299184  2.417240E-15
8250.94790790742  2.354290E-15
8253.724262823  2.389055E-15
8256.50061773858  2.325045E-15
8259.27697265415  2.309469E-15
8262.05332756974  2.534640E-15
8264.82968248532  2.437105E-15
8267.60603740089  2.336836E-15
8270.38239231647  2.099644E-15
8273.15874723205  2.150834E-15
8275.93510214764  2.450558E-15
8278.71145706321  2.398771E-15
8281.48781197879  2.335240E-15
8284.26416689437  2.453286E-15
8287.04052180995  2.545181E-15
8289.81687672553  2.290056E-15
8292.59323164111  2.257161E-15
8295.36958655669  2.186573E-15
8298.14594147227  2.202269E-15
8300.92229638785  2.521849E-15
8303.69865130343  2.190725E-15
8306.47500621901  2.550584E-15
8309.25136113459  2.159819E-15
8312.02771605017  2.187979E-15
8314.80407096575  2.254142E-15
8317.58042588133  2.292547E-15
8320.35678079691  2.128618E-15
8323.13313571249  2.483076E-15
8325.90949062807  2.652043E-15
8328.68584554365  2.359161E-15
8331.46220045923  2.503185E-15
8334.23855537481  2.388467E-15
8337.01491029039  2.189960E-15
8339.79126520597  2.334205E-15
8342.56762012155  2.306481E-15
8345.34397503712  2.452221E-15
8348.12032995271  2.176842E-15
8350.89668486829  2.446674E-15
8353.67303978387  2.549106E-15
8356.44939469944  2.296824E-15
8359.22574961502  2.350765E-15
8362.00210453061  2.212361E-15
8364.77845944619  2.286745E-15
8367.55481436176  2.264512E-15
8370.33116927734  2.263051E-15
8373.10752419292  2.130130E-15
8375.8838791085  2.058595E-15
8378.66023402408  2.288312E-15
8381.43658893966  2.373007E-15
8384.21294385524  2.336015E-15
8386.98929877082  2.619585E-15
8389.7656536864  2.663948E-15
8392.54200860198  2.176403E-15
8395.31836351756  2.216047E-15
8398.09471843314  2.296876E-15
8400.87107334872  2.210999E-15
8403.6474282643  2.323899E-15
8406.42378317988  2.102636E-15
8409.20013809546  2.562160E-15
8411.97649301104  2.677172E-15
8414.75284792662  2.117116E-15
8417.5292028422  2.255811E-15
8420.30555775778  2.075065E-15
8423.08191267336  2.388288E-15
8425.85826758894  2.461496E-15
8428.63462250452  2.031773E-15
8431.4109774201  1.970258E-15
8434.18733233568  2.181624E-15
8436.96368725126  2.322138E-15
8439.74004216684  2.362073E-15
8442.51639708242  2.469074E-15
8445.292751998  2.315132E-15
8448.06910691358  2.208249E-15
8450.84546182916  2.506868E-15
8453.62181674473  2.267795E-15
8456.39817166031  2.284089E-15
8459.1745265759  2.504393E-15
8461.95088149147  2.263187E-15
8464.72723640705  2.434924E-15
8467.50359132263  2.418803E-15
8470.27994623821  2.222001E-15
8473.05630115379  2.254768E-15
8475.83265606937  1.944969E-15
8478.60901098495  2.017957E-15
8481.38536590053  2.123521E-15
8484.16172081611  2.001259E-15
8486.93807573169  2.135208E-15
8489.71443064727  2.274807E-15
8492.49078556285  2.248637E-15
8495.26714047843  1.999658E-15
8498.04349539401  1.993336E-15
8500.81985030959  2.107280E-15
8503.59620522517  1.697043E-15
8506.37256014075  1.968848E-15
8509.14891505633  1.970007E-15
8511.92526997191  2.396399E-15
8514.70162488749  2.267557E-15
8517.47797980307  2.040282E-15
8520.25433471865  2.103927E-15
8523.03068963423  1.839720E-15
8525.80704454981  1.840724E-15
8528.58339946539  1.861008E-15
8531.35975438097  1.969524E-15
8534.13610929655  2.005945E-15
8536.91246421213  2.033995E-15
8539.6888191277  2.105305E-15
8542.46517404328  1.982076E-15
8545.24152895887  1.995558E-15
8548.01788387445  1.972637E-15
8550.79423879002  1.904661E-15
8553.5705937056  2.168995E-15
8556.34694862118  2.204352E-15
8559.12330353676  2.208203E-15
8561.89965845234  2.299849E-15
8564.67601336792  2.185056E-15
8567.4523682835  2.040439E-15
8570.22872319908  2.011334E-15
8573.00507811466  2.088071E-15
8575.78143303024  2.112685E-15
8578.55778794582  2.194761E-15
8581.3341428614  2.118820E-15
8584.11049777698  1.937913E-15
8586.88685269256  2.170815E-15
8589.66320760814  2.172087E-15
8592.43956252372  1.896305E-15
8595.2159174393  1.956660E-15
8597.99227235488  1.971445E-15
8600.76862727046  2.026928E-15
8603.54498218604  2.098384E-15
8606.32133710162  1.979106E-15
8609.0976920172  2.223949E-15
8611.87404693278  2.229094E-15
8614.65040184836  2.105756E-15
8617.42675676394  2.000270E-15
8620.20311167952  2.102116E-15
8622.97946659509  2.149915E-15
8625.75582151068  2.142809E-15
8628.53217642626  2.052663E-15
8631.30853134184  1.960145E-15
8634.08488625742  2.123462E-15
8636.861241173  2.295978E-15
8639.63759608857  2.248523E-15
8642.41395100416  2.189858E-15
8645.19030591974  1.990148E-15
8647.96666083531  1.936084E-15
8650.74301575089  2.211773E-15
8653.51937066647  2.083605E-15
8656.29572558205  1.977778E-15
8659.07208049763  2.243933E-15
8661.84843541321  2.094163E-15
8664.62479032879  1.988233E-15
8667.40114524437  2.171604E-15
8670.17750015995  2.240229E-15
8672.95385507553  2.072232E-15
8675.73020999111  2.178476E-15
8678.50656490669  2.283683E-15
8681.28291982227  2.058610E-15
8684.05927473785  2.024292E-15
8686.83562965343  2.235428E-15
8689.61198456901  2.318369E-15
8692.38833948459  2.165089E-15
8695.16469440017  2.068480E-15
8697.94104931575  2.208142E-15
8700.71740423133  2.360266E-15
8703.49375914691  2.249840E-15
8706.27011406249  2.151491E-15
8709.04646897807  2.141210E-15
8711.82282389365  1.878230E-15
8714.59917880923  1.946836E-15
8717.37553372481  1.999110E-15
8720.15188864039  2.184496E-15
8722.92824355597  2.020612E-15
8725.70459847155  2.217329E-15
8728.48095338713  2.297405E-15
8731.25730830271  1.895199E-15
8734.03366321828  1.778036E-15
8736.81001813386  2.069381E-15
8739.58637304945  2.053665E-15
8742.36272796502  2.001655E-15
8745.1390828806  1.996659E-15
8747.91543779618  1.947082E-15
8750.69179271176  2.092346E-15
8753.46814762734  2.178137E-15
8756.24450254292  1.985164E-15
8759.0208574585  2.169871E-15
8761.79721237408  2.343247E-15
8764.57356728966  1.852999E-15
8767.34992220524  2.002531E-15
8770.12627712082  1.974925E-15
8772.9026320364  1.690688E-15
8775.67898695198  2.104705E-15
8778.45534186756  1.900594E-15
8781.23169678314  2.169965E-15
8784.00805169872  2.106702E-15
8786.7844066143  1.626630E-15
8789.56076152988  1.829586E-15
8792.33711644546  1.906854E-15
8795.11347136104  1.600343E-15
8797.88982627662  1.891205E-15
8800.6661811922  2.077031E-15
8803.44253610778  1.953315E-15
8806.21889102336  1.903325E-15
8808.99524593894  1.990107E-15
8811.77160085452  1.947487E-15
8814.5479557701  1.698703E-15
8817.32431068567  1.839263E-15
8820.10066560126  1.818119E-15
8822.87702051683  1.683321E-15
8825.65337543242  1.543263E-15
8828.429730348  1.613102E-15
8831.20608526358  1.530260E-15
