3861.5307863759  6.608726E-15
3864.30714129148  1.659530E-14
3867.08349620706  1.543027E-14
3869.85985112264  1.444479E-14
3872.63620603822  9.466844E-15
3875.4125609538  9.940239E-15
3878.18891586938  1.053440E-14
3880.96527078496  1.003119E-14
3883.74162570054  1.524820E-14
3886.51798061612  1.159465E-14
3889.2943355317  8.386597E-15
3892.07069044728  1.488873E-14
3894.84704536286  1.331406E-14
3897.62340027844  1.028262E-14
3900.39975519402  1.106736E-14
3903.1761101096  1.297560E-14
3905.95246502518  1.099514E-14
3908.72881994076  1.299200E-14
3911.50517485634  1.428859E-14
3914.28152977192  1.012087E-14
3917.0578846875  1.086556E-14
3919.83423960308  1.084453E-14
3922.61059451866  1.123619E-14
3925.38694943424  1.018842E-14
3928.16330434982  9.898486E-15
3930.9396592654  9.555994E-15
3933.71601418098  9.955586E-15
3936.49236909656  1.173156E-14
3939.26872401214  1.264506E-14
3942.04507892772  1.006560E-14
3944.82143384329  1.137012E-14
3947.59778875887  1.260456E-14
3950.37414367445  1.065365E-14
3953.15049859003  1.158391E-14
3955.92685350561  1.006056E-14
3958.70320842119  1.174696E-14
3961.47956333677  1.031624E-14
3964.25591825235  9.365760E-15
3967.03227316793  9.000656E-15
3969.80862808351  9.823463E-15
3972.58498299909  1.085304E-14
3975.36133791467  1.097037E-14
3978.13769283025  7.078774E-15
3980.91404774583  7.061842E-15
3983.69040266141  9.225555E-15
3986.46675757699  1.189990E-14
3989.24311249257  1.102019E-14
3992.01946740815  1.129639E-14
3994.79582232373  1.139654E-14
3997.57217723931  1.192401E-14
4000.34853215489  8.846660E-15
4003.12488707047  8.730443E-15
4005.90124198605  1.009811E-14
4008.67759690163  1.036943E-14
4011.45395181721  1.055990E-14
4014.23030673279  1.021622E-14
4017.00666164837  8.684239E-15
4019.78301656395  1.008940E-14
4022.55937147953  9.260411E-15
4025.33572639511  8.742529E-15
4028.11208131069  1.032776E-14
4030.88843622627  9.395126E-15
4033.66479114185  9.362786E-15
4036.44114605743  8.650667E-15
4039.21750097301  1.124928E-14
4041.99385588858  9.411697E-15
4044.77021080416  1.074311E-14
4047.54656571974  1.009169E-14
4050.32292063532  9.160267E-15
4053.0992755509  8.728772E-15
4055.87563046648  9.701247E-15
4058.65198538206  1.098946E-14
4061.42834029764  1.123816E-14
4064.20469521322  1.057722E-14
4066.9810501288  9.359170E-15
4069.75740504438  8.796695E-15
4072.53375995996  9.701354E-15
4075.31011487554  1.088431E-14
4078.08646979112  9.297173E-15
4080.8628247067  1.046725E-14
4083.63917962228  1.013709E-14
4086.41553453786  1.166194E-14
4089.19188945344  1.042845E-14
4091.96824436902  1.027476E-14
4094.7445992846  1.001257E-14
4097.52095420018  1.188307E-14
4100.29730911576  9.039569E-15
4103.07366403134  9.056835E-15
4105.85001894692  9.280532E-15
4108.6263738625  9.069962E-15
4111.40272877808  9.185656E-15
4114.17908369366  9.685696E-15
4116.95543860924  1.039062E-14
4119.73179352482  1.234895E-14
4122.5081484404  1.111782E-14
4125.28450335598  9.079520E-15
4128.06085827156  9.955227E-15
4130.83721318714  9.609801E-15
4133.61356810271  9.227698E-15
4136.38992301829  8.894607E-15
4139.16627793387  1.087343E-14
4141.94263284945  1.000761E-14
4144.71898776503  1.008700E-14
4147.49534268061  1.033005E-14
4150.27169759619  1.035474E-14
4153.04805251177  1.155364E-14
4155.82440742735  1.040308E-14
4158.60076234293  9.981325E-15
4161.37711725851  1.029732E-14
4164.15347217409  1.078754E-14
4166.92982708967  9.555186E-15
4169.70618200525  9.464211E-15
4172.48253692083  1.042097E-14
4175.25889183641  1.034981E-14
4178.03524675199  1.291180E-14
4180.81160166757  9.846009E-15
4183.58795658315  9.655993E-15
4186.36431149873  1.117481E-14
4189.14066641431  1.034819E-14
4191.91702132989  1.099151E-14
4194.69337624547  1.031969E-14
4197.46973116105  9.025925E-15
4200.24608607663  1.097837E-14
4203.02244099221  1.046999E-14
4205.79879590779  1.153181E-14
4208.57515082337  1.104293E-14
4211.35150573895  9.133850E-15
4214.12786065453  1.071351E-14
4216.90421557011  1.037282E-14
4219.68057048569  1.177931E-14
4222.45692540127  9.956039E-15
4225.23328031684  1.033863E-14
4228.00963523242  1.023471E-14
4230.785990148  1.048347E-14
4233.56234506358  9.743611E-15
4236.33869997916  1.133185E-14
4239.11505489474  9.443502E-15
4241.89140981032  9.477327E-15
4244.6677647259  9.240951E-15
4247.44411964148  1.051897E-14
4250.22047455706  9.158022E-15
4252.99682947264  1.035567E-14
4255.77318438822  1.089621E-14
4258.5495393038  1.047720E-14
4261.32589421938  9.852547E-15
4264.10224913496  9.422485E-15
4266.87860405054  1.032230E-14
4269.65495896612  1.018796E-14
4272.4313138817  9.883291E-15
4275.20766879728  1.009284E-14
4277.98402371286  9.728687E-15
4280.76037862844  1.034891E-14
4283.53673354402  1.076023E-14
4286.3130884596  9.307992E-15
4289.08944337518  1.138288E-14
4291.86579829076  1.068358E-14
4294.64215320634  1.010021E-14
4297.41850812192  1.018983E-14
4300.1948630375  9.765856E-15
4302.97121795308  1.104701E-14
4305.74757286866  9.900765E-15
4308.52392778424  9.782899E-15
4311.30028269982  9.856759E-15
4314.0766376154  8.543203E-15
4316.85299253098  9.896655E-15
4319.62934744656  1.075887E-14
4322.40570236213  1.013843E-14
4325.18205727771  9.784383E-15
4327.95841219329  9.751629E-15
4330.73476710887  8.781886E-15
4333.51112202445  1.004108E-14
4336.28747694003  8.631227E-15
4339.06383185561  8.891659E-15
4341.84018677119  9.134299E-15
4344.61654168677  9.127077E-15
4347.39289660235  9.502765E-15
4350.16925151793  9.736773E-15
4352.94560643351  9.361068E-15
4355.72196134909  9.484784E-15
4358.49831626467  8.646879E-15
4361.27467118025  9.132464E-15
4364.05102609583  1.006553E-14
4366.82738101141  9.487813E-15
4369.60373592699  9.895030E-15
4372.38009084257  1.026072E-14
4375.15644575815  1.092102E-14
4377.93280067373  1.119819E-14
4380.70915558931  1.072347E-14
4383.48551050489  9.640606E-15
4386.26186542047  9.468375E-15
4389.03822033605  9.079639E-15
4391.81457525163  9.389288E-15
4394.59093016721  1.071949E-14
4397.36728508279  9.229612E-15
4400.14363999837  1.104574E-14
4402.91999491395  9.738738E-15
4405.69634982953  1.028081E-14
4408.47270474511  9.846668E-15
4411.24905966069  1.041128E-14
4414.02541457626  1.105118E-14
4416.80176949185  1.089080E-14
4419.57812440742  9.548480E-15
4422.354479323  9.339969E-15
4425.13083423858  9.679283E-15
4427.90718915416  9.506703E-15
4430.68354406974  9.445949E-15
4433.45989898532  1.022353E-14
4436.2362539009  1.020168E-14
4439.01260881648  1.039111E-14
4441.78896373206  1.004288E-14
4444.56531864764  1.044076E-14
4447.34167356322  1.000634E-14
4450.1180284788  1.009671E-14
4452.89438339438  9.583630E-15
4455.67073830996  9.520649E-15
4458.44709322554  9.297533E-15
4461.22344814112  9.439847E-15
4463.9998030567  9.746823E-15
4466.77615797228  9.234008E-15
4469.55251288786  9.991381E-15
4472.32886780344  1.051623E-14
4475.10522271902  9.790787E-15
4477.8815776346  9.717306E-15
4480.65793255018  8.849049E-15
4483.43428746576  8.954200E-15
4486.21064238134  9.846639E-15
4488.98699729692  9.190965E-15
4491.7633522125  9.679918E-15
4494.53970712808  1.035160E-14
4497.31606204366  9.012326E-15
4500.09241695924  8.705741E-15
4502.86877187482  9.213377E-15
4505.64512679039  9.915654E-15
4508.42148170598  8.597763E-15
4511.19783662155  8.821159E-15
4513.97419153713  9.198810E-15
4516.75054645271  9.237667E-15
4519.52690136829  9.967854E-15
4522.30325628387  9.427501E-15
4525.07961119945  9.647986E-15
4527.85596611503  9.147261E-15
4530.63232103061  8.940455E-15
4533.40867594619  9.770544E-15
4536.18503086177  9.048534E-15
4538.96138577735  8.686137E-15
4541.73774069293  8.755246E-15
4544.51409560851  9.327224E-15
4547.29045052409  9.770070E-15
4550.06680543967  9.036731E-15
4552.84316035525  9.726143E-15
4555.61951527083  9.789067E-15
4558.39587018641  9.795820E-15
4561.17222510199  9.537975E-15
4563.94858001757  9.267709E-15
4566.72493493315  8.783317E-15
4569.50128984873  8.056118E-15
4572.27764476431  9.299314E-15
4575.05399967989  9.164337E-15
4577.83035459547  8.847367E-15
4580.60670951105  9.927282E-15
4583.38306442663  1.011058E-14
4586.15941934221  9.041948E-15
4588.93577425779  9.385689E-15
4591.71212917337  9.611279E-15
4594.48848408895  9.359573E-15
4597.26483900453  9.424614E-15
4600.0411939201  9.366404E-15
4602.81754883568  9.020879E-15
4605.59390375127  9.993034E-15
4608.37025866684  9.419444E-15
4611.14661358242  9.413989E-15
4613.922968498  9.432915E-15
4616.69932341358  1.037005E-14
4619.47567832916  9.836188E-15
4622.25203324474  1.009169E-14
4625.02838816032  9.647250E-15
4627.8047430759  8.772337E-15
4630.58109799148  8.983703E-15
4633.35745290706  9.884647E-15
4636.13380782264  1.027797E-14
4638.91016273822  9.581242E-15
4641.6865176538  1.011500E-14
4644.46287256938  1.071627E-14
4647.23922748496  1.011641E-14
4650.01558240054  9.698532E-15
4652.79193731612  1.041407E-14
4655.5682922317  9.848386E-15
4658.34464714728  9.681811E-15
4661.12100206286  9.148704E-15
4663.89735697844  9.903784E-15
4666.67371189402  1.050923E-14
4669.4500668096  9.931577E-15
4672.22642172518  9.421521E-15
4675.00277664076  9.184781E-15
4677.77913155634  1.025640E-14
4680.55548647192  1.033077E-14
4683.3318413875  1.012312E-14
4686.10819630308  1.051292E-14
4688.88455121866  9.914513E-15
4691.66090613424  9.482789E-15
4694.43726104982  1.027641E-14
4697.21361596539  1.032655E-14
4699.98997088097  1.127438E-14
4702.76632579655  1.045387E-14
4705.54268071213  9.520023E-15
4708.31903562771  9.358075E-15
4711.09539054329  9.620997E-15
4713.87174545887  9.510399E-15
4716.64810037445  9.547522E-15
4719.42445529003  9.490848E-15
4722.20081020561  9.958513E-15
4724.97716512119  1.061855E-14
4727.75352003677  1.055435E-14
4730.52987495235  9.993580E-15
4733.30622986793  1.048365E-14
4736.08258478351  9.375006E-15
4738.85893969909  8.562133E-15
4741.63529461467  8.882337E-15
4744.41164953025  8.652928E-15
4747.18800444583  9.685196E-15
4749.96435936141  9.285973E-15
4752.74071427699  8.775800E-15
4755.51706919257  8.693488E-15
4758.29342410815  8.451397E-15
4761.06977902373  9.279130E-15
4763.84613393931  9.882702E-15
4766.62248885489  9.790893E-15
4769.39884377047  1.038712E-14
4772.17519868605  8.934822E-15
4774.95155360163  9.785561E-15
4777.72790851721  9.397925E-15
4780.50426343279  8.905448E-15
4783.28061834837  9.097781E-15
4786.05697326394  9.377852E-15
4788.83332817953  9.266740E-15
4791.6096830951  9.638873E-15
4794.38603801068  8.807122E-15
4797.16239292626  8.406594E-15
4799.93874784184  8.508875E-15
4802.71510275742  9.381665E-15
4805.491457673  9.250022E-15
4808.26781258858  8.919470E-15
4811.04416750416  9.038357E-15
4813.82052241974  8.933482E-15
4816.59687733532  8.542770E-15
4819.3732322509  8.601171E-15
4822.14958716648  8.872532E-15
4824.92594208206  9.608642E-15
4827.70229699764  9.708555E-15
4830.47865191322  1.030066E-14
4833.2550068288  9.380790E-15
4836.03136174438  8.390976E-15
4838.80771665996  8.200896E-15
4841.58407157554  8.789812E-15
4844.36042649112  8.166756E-15
4847.1367814067  8.160854E-15
4849.91313632228  8.924642E-15
4852.68949123786  8.965290E-15
4855.46584615344  9.093212E-15
4858.24220106902  9.610919E-15
4861.0185559846  9.404559E-15
4863.79491090018  8.749463E-15
4866.57126581576  9.173014E-15
4869.34762073134  9.156749E-15
4872.12397564692  8.541686E-15
4874.9003305625  8.719170E-15
4877.67668547807  8.917062E-15
4880.45304039366  9.011855E-15
4883.22939530923  8.450541E-15
4886.00575022481  8.581543E-15
4888.7821051404  8.605935E-15
4891.55846005597  8.754949E-15
4894.33481497155  8.828206E-15
4897.11116988713  9.165479E-15
4899.88752480271  9.131855E-15
4902.66387971829  9.312911E-15
4905.44023463387  9.308511E-15
4908.21658954945  9.351114E-15
4910.99294446503  8.900687E-15
4913.76929938061  8.625028E-15
4916.54565429619  9.118923E-15
4919.32200921177  8.812971E-15
4922.09836412735  8.861341E-15
4924.87471904293  9.017423E-15
4927.65107395851  8.553716E-15
4930.42742887409  8.781850E-15
4933.20378378967  8.928501E-15
4935.98013870525  8.775588E-15
4938.75649362083  8.720670E-15
4941.53284853641  9.101518E-15
4944.30920345199  8.571098E-15
4947.08555836757  8.541371E-15
4949.86191328315  8.583150E-15
4952.63826819873  9.303522E-15
4955.41462311431  9.312722E-15
4958.19097802989  9.017957E-15
4960.96733294547  8.753381E-15
4963.74368786104  8.703612E-15
4966.52004277663  8.465661E-15
4969.29639769221  8.360584E-15
4972.07275260778  8.204180E-15
4974.84910752337  8.490807E-15
4977.62546243894  8.367596E-15
4980.40181735452  8.161949E-15
4983.1781722701  8.970827E-15
4985.95452718569  8.450222E-15
4988.73088210126  8.975128E-15
4991.50723701684  8.512578E-15
4994.28359193242  8.574020E-15
4997.059946848  8.320512E-15
4999.83630176358  8.813013E-15
5002.61265667916  8.470782E-15
5005.38901159474  8.471751E-15
5008.16536651032  8.978584E-15
5010.9417214259  8.844527E-15
5013.71807634148  8.706199E-15
5016.49443125706  8.565229E-15
5019.27078617264  8.214022E-15
5022.04714108822  8.631689E-15
5024.8234960038  8.535298E-15
5027.59985091938  8.473846E-15
5030.37620583496  8.591455E-15
5033.15256075054  8.835368E-15
5035.92891566612  8.317615E-15
5038.7052705817  8.285901E-15
5041.48162549728  8.204649E-15
5044.25798041286  9.118095E-15
5047.03433532844  8.512496E-15
5049.81069024402  8.545939E-15
5052.5870451596  8.483732E-15
5055.36340007518  7.930291E-15
5058.13975499076  8.674107E-15
5060.91610990634  9.205726E-15
5063.69246482192  8.373169E-15
5066.4688197375  9.087447E-15
5069.24517465307  9.592450E-15
5072.02152956866  8.832877E-15
5074.79788448423  8.997116E-15
5077.57423939981  8.675752E-15
5080.3505943154  8.948697E-15
5083.12694923098  8.852884E-15
5085.90330414655  8.140776E-15
5088.67965906213  8.485297E-15
5091.45601397771  8.163054E-15
5094.23236889329  8.495047E-15
5097.00872380887  9.006016E-15
5099.78507872445  8.925582E-15
5102.56143364003  9.341073E-15
5105.33778855561  9.236754E-15
5108.11414347119  8.281892E-15
5110.89049838677  8.403327E-15
5113.66685330235  8.762398E-15
5116.44320821793  8.436891E-15
5119.21956313351  8.421263E-15
5121.99591804909  9.047572E-15
5124.77227296467  8.532666E-15
5127.54862788025  8.644625E-15
5130.32498279583  8.651575E-15
5133.10133771141  8.601347E-15
5135.87769262699  8.291663E-15
5138.65404754257  8.601839E-15
5141.43040245815  8.008818E-15
5144.20675737373  8.557836E-15
5146.98311228931  8.904293E-15
5149.75946720489  8.916881E-15
5152.53582212047  9.065384E-15
5155.31217703605  8.305100E-15
5158.08853195163  8.519999E-15
5160.86488686721  7.626847E-15
5163.64124178279  8.141663E-15
5166.41759669837  9.107206E-15
5169.19395161395  8.489735E-15
5171.97030652952  8.750659E-15
5174.74666144511  8.750346E-15
5177.52301636068  8.311976E-15
5180.29937127626  8.263839E-15
5183.07572619184  8.900957E-15
5185.85208110742  8.134118E-15
5188.628436023  8.131026E-15
5191.40479093858  8.383720E-15
5194.18114585416  8.644923E-15
5196.95750076974  7.718239E-15
5199.73385568532  8.100941E-15
5202.5102106009  8.288438E-15
5205.28656551648  8.787178E-15
5208.06292043206  8.657256E-15
5210.83927534764  7.877639E-15
5213.61563026322  8.259152E-15
5216.3919851788  8.570547E-15
5219.16834009438  8.411678E-15
5221.94469500996  8.335702E-15
5224.72104992554  8.265337E-15
5227.49740484112  8.054517E-15
5230.2737597567  8.007578E-15
5233.05011467228  8.262661E-15
5235.82646958786  8.041652E-15
5238.60282450344  8.021291E-15
5241.37917941902  8.073882E-15
5244.1555343346  8.074951E-15
5246.93188925018  7.784987E-15
5249.70824416576  8.352457E-15
5252.48459908134  8.267251E-15
5255.26095399692  8.040126E-15
5258.0373089125  8.246512E-15
5260.81366382808  8.086794E-15
5263.59001874365  8.239756E-15
5266.36637365923  7.901917E-15
5269.14272857481  8.050119E-15
5271.91908349039  8.509212E-15
5274.69543840597  8.172357E-15
5277.47179332155  7.635058E-15
5280.24814823713  8.410269E-15
5283.02450315271  8.209723E-15
5285.80085806829  7.848976E-15
5288.57721298387  8.331248E-15
5291.35356789945  7.752446E-15
5294.12992281503  7.970276E-15
5296.90627773061  8.227350E-15
5299.68263264619  7.438754E-15
5302.45898756177  7.717062E-15
5305.23534247735  7.978849E-15
5308.01169739293  7.808212E-15
5310.78805230851  8.114701E-15
5313.56440722409  8.611710E-15
5316.34076213967  7.713217E-15
5319.11711705525  8.237795E-15
5321.89347197083  7.955165E-15
5324.66982688641  8.422060E-15
5327.44618180199  7.392108E-15
5330.22253671757  8.299467E-15
5332.99889163315  7.708457E-15
5335.77524654873  7.134470E-15
5338.55160146431  7.327006E-15
5341.32795637989  8.696014E-15
5344.10431129547  8.084551E-15
5346.88066621105  7.405036E-15
5349.65702112662  7.610971E-15
5352.43337604221  8.166342E-15
5355.20973095778  8.221512E-15
5357.98608587337  8.098514E-15
5360.76244078894  8.222345E-15
5363.53879570452  7.769728E-15
5366.3151506201  7.850426E-15
5369.09150553568  8.167165E-15
5371.86786045126  8.117828E-15
5374.64421536684  7.778198E-15
5377.42057028242  7.515379E-15
5380.196925198  7.437913E-15
5382.97328011358  7.637992E-15
5385.74963502916  8.179723E-15
5388.52598994474  7.974971E-15
5391.30234486032  7.938047E-15
5394.0786997759  7.858727E-15
5396.85505469148  7.696351E-15
5399.63140960706  8.146666E-15
5402.40776452264  8.178558E-15
5405.18411943822  7.361256E-15
5407.9604743538  7.533346E-15
5410.73682926938  7.582210E-15
5413.51318418496  8.512134E-15
5416.28953910054  8.463253E-15
5419.06589401612  7.920367E-15
5421.8422489317  7.810094E-15
5424.61860384728  8.278541E-15
5427.39495876286  7.436272E-15
5430.17131367844  7.547980E-15
5432.94766859402  7.513856E-15
5435.7240235096  7.661720E-15
5438.50037842518  8.062921E-15
5441.27673334076  7.920403E-15
5444.05308825634  7.460908E-15
5446.82944317192  7.209693E-15
5449.6057980875  7.473988E-15
5452.38215300308  8.159988E-15
5455.15850791866  7.730882E-15
5457.93486283423  7.193243E-15
5460.71121774981  7.853630E-15
5463.48757266539  8.075600E-15
5466.26392758097  7.671002E-15
5469.04028249655  7.882356E-15
5471.81663741213  7.322303E-15
5474.59299232771  7.410993E-15
5477.36934724329  7.463667E-15
5480.14570215887  7.363462E-15
5482.92205707445  7.406240E-15
5485.69841199003  6.766962E-15
5488.47476690561  7.503784E-15
5491.25112182119  8.208492E-15
5494.02747673677  7.318272E-15
5496.80383165235  7.358691E-15
5499.58018656793  7.740971E-15
5502.35654148351  6.860058E-15
5505.13289639909  6.934993E-15
5507.90925131467  7.503297E-15
5510.68560623025  7.484647E-15
5513.46196114583  7.301386E-15
5516.23831606141  7.293415E-15
5519.01467097699  7.197900E-15
5521.79102589257  7.621547E-15
5524.56738080815  7.188981E-15
5527.34373572373  7.327209E-15
5530.12009063931  7.778245E-15
5532.89644555489  7.313896E-15
5535.67280047047  7.119478E-15
5538.44915538605  7.361248E-15
5541.22551030163  7.518480E-15
5544.0018652172  7.636368E-15
5546.77822013278  7.351966E-15
5549.55457504837  7.172895E-15
5552.33092996394  7.638017E-15
5555.10728487952  7.286849E-15
5557.8836397951  6.826226E-15
5560.65999471068  7.180054E-15
5563.43634962626  7.124033E-15
5566.21270454184  6.958683E-15
5568.98905945742  6.950957E-15
5571.765414373  7.388160E-15
5574.54176928858  7.772761E-15
5577.31812420416  7.122399E-15
5580.09447911974  6.863372E-15
5582.87083403532  6.940975E-15
5585.6471889509  7.256173E-15
5588.42354386648  6.981858E-15
5591.19989878206  6.835390E-15
5593.97625369764  7.043248E-15
5596.75260861322  7.440357E-15
5599.5289635288  7.261397E-15
5602.30531844438  6.905859E-15
5605.08167335996  7.421172E-15
5607.85802827554  7.319839E-15
5610.63438319112  7.035130E-15
5613.4107381067  7.222477E-15
5616.18709302228  7.093604E-15
5618.96344793786  7.123438E-15
5621.73980285344  7.255144E-15
5624.51615776902  7.277972E-15
5627.2925126846  7.463511E-15
5630.06886760018  7.128335E-15
5632.84522251576  6.813312E-15
5635.62157743134  6.842093E-15
5638.39793234691  6.907076E-15
5641.1742872625  7.270964E-15
5643.95064217807  7.354454E-15
5646.72699709365  7.109490E-15
5649.50335200923  7.217328E-15
5652.27970692482  7.224476E-15
5655.05606184039  7.074894E-15
5657.83241675597  6.945776E-15
5660.60877167155  7.237903E-15
5663.38512658713  6.961584E-15
5666.16148150271  7.100399E-15
5668.93783641829  7.093895E-15
5671.71419133387  7.151898E-15
5674.49054624945  7.204319E-15
5677.26690116503  7.019981E-15
5680.04325608061  7.196258E-15
5682.81961099619  6.997358E-15
5685.59596591177  6.879834E-15
5688.37232082735  6.805713E-15
5691.14867574293  6.593480E-15
5693.92503065851  6.813899E-15
5696.70138557409  6.799067E-15
5699.47774048967  7.144803E-15
5702.25409540525  6.662938E-15
5705.03045032083  6.444878E-15
5707.80680523641  6.818421E-15
5710.58316015199  6.696956E-15
5713.35951506757  6.470441E-15
5716.13586998315  6.623502E-15
5718.91222489873  6.488624E-15
5721.68857981431  6.691548E-15
5724.46493472989  6.922007E-15
5727.24128964546  6.442054E-15
5730.01764456105  6.646396E-15
5732.79399947663  7.063019E-15
5735.5703543922  6.361893E-15
5738.34670930778  6.334689E-15
5741.12306422336  6.610353E-15
5743.89941913894  6.337562E-15
5746.67577405452  6.597589E-15
5749.4521289701  6.747642E-15
5752.22848388568  6.493799E-15
5755.00483880126  6.830404E-15
5757.78119371684  6.442661E-15
5760.55754863242  6.637719E-15
5763.333903548  7.107522E-15
5766.11025846358  7.142189E-15
5768.88661337916  6.999421E-15
5771.66296829474  6.776898E-15
5774.43932321032  7.004874E-15
5777.2156781259  6.608732E-15
5779.99203304148  6.635070E-15
5782.76838795706  6.591490E-15
5785.54474287264  6.690219E-15
5788.32109778822  6.592172E-15
5791.0974527038  6.563710E-15
5793.87380761938  6.777127E-15
5796.65016253496  7.055432E-15
5799.42651745054  6.905838E-15
5802.20287236612  6.717013E-15
5804.9792272817  6.559210E-15
5807.75558219728  6.561660E-15
5810.53193711286  6.974988E-15
5813.30829202844  6.967823E-15
5816.08464694402  6.897043E-15
5818.8610018596  7.130838E-15
5821.63735677518  6.663147E-15
5824.41371169076  6.376284E-15
5827.19006660633  6.961133E-15
5829.96642152192  7.382671E-15
5832.74277643749  6.840248E-15
5835.51913135307  6.285808E-15
5838.29548626865  6.253832E-15
5841.07184118423  6.723034E-15
5843.84819609981  6.838576E-15
5846.62455101539  6.350572E-15
5849.40090593097  6.471772E-15
5852.17726084655  6.809927E-15
5854.95361576213  6.483753E-15
5857.72997067771  6.339295E-15
5860.50632559329  6.474602E-15
5863.28268050887  6.686387E-15
5866.05903542445  6.810831E-15
5868.83539034003  6.951790E-15
5871.61174525561  6.793776E-15
5874.38810017119  6.634949E-15
5877.16445508677  6.633924E-15
5879.94081000235  6.319823E-15
5882.71716491793  6.104755E-15
5885.49351983351  6.274184E-15
5888.26987474909  5.934012E-15
5891.04622966467  6.264133E-15
5893.82258458025  6.124725E-15
5896.59893949583  6.146853E-15
5899.37529441141  6.136350E-15
5902.15164932699  6.394653E-15
5904.92800424257  6.239746E-15
5907.70435915815  6.305130E-15
5910.48071407373  6.060068E-15
5913.25706898931  5.988684E-15
5916.03342390489  5.895589E-15
5918.80977882047  6.493096E-15
5921.58613373604  6.431731E-15
5924.36248865163  6.394643E-15
5927.1388435672  6.631019E-15
5929.91519848278  6.340636E-15
5932.69155339836  6.252304E-15
5935.46790831394  6.448262E-15
5938.24426322952  6.457191E-15
5941.0206181451  6.229262E-15
5943.79697306068  6.400475E-15
5946.57332797626  6.391383E-15
5949.34968289184  6.149366E-15
5952.12603780742  6.167547E-15
5954.902392723  6.300493E-15
5957.67874763858  6.073274E-15
5960.45510255416  6.185258E-15
5963.23145746974  6.083704E-15
5966.00781238532  6.077993E-15
5968.7841673009  6.306267E-15
5971.56052221648  5.896747E-15
5974.33687713206  6.134471E-15
5977.11323204764  5.984880E-15
5979.88958696322  5.633187E-15
5982.6659418788  6.118691E-15
5985.44229679438  6.163398E-15
5988.21865170996  6.298748E-15
5990.99500662554  6.445400E-15
5993.77136154112  6.481687E-15
5996.5477164567  6.220766E-15
5999.32407137228  5.820968E-15
6002.10042628786  5.899046E-15
6004.87678120344  5.843373E-15
6007.65313611902  5.948860E-15
6010.42949103459  5.917855E-15
6013.20584595018  6.035806E-15
6015.98220086575  6.343399E-15
6018.75855578134  6.253037E-15
6021.53491069691  5.978911E-15
6024.31126561249  5.875669E-15
6027.08762052807  6.080838E-15
6029.86397544365  5.967215E-15
6032.64033035923  6.137877E-15
6035.41668527481  6.129498E-15
6038.19304019039  6.086714E-15
6040.96939510597  5.993145E-15
6043.74575002155  6.063692E-15
6046.52210493713  6.096962E-15
6049.29845985271  6.093082E-15
6052.07481476829  6.168620E-15
6054.85116968387  5.993444E-15
6057.62752459945  6.116405E-15
6060.40387951503  6.355385E-15
6063.18023443061  6.309148E-15
6065.95658934619  6.284542E-15
6068.73294426177  5.888694E-15
6071.50929917735  6.200306E-15
6074.28565409293  6.037104E-15
6077.06200900851  5.974879E-15
6079.83836392409  6.106576E-15
6082.61471883967  5.951891E-15
6085.39107375525  6.035208E-15
6088.16742867083  5.786346E-15
6090.94378358641  5.822270E-15
6093.72013850199  5.908098E-15
6096.49649341757  5.851056E-15
6099.27284833315  5.757115E-15
6102.04920324873  5.385878E-15
6104.82555816431  5.822345E-15
6107.60191307989  6.177144E-15
6110.37826799546  5.933483E-15
6113.15462291105  5.776274E-15
6115.93097782662  5.898882E-15
6118.7073327422  5.725632E-15
6121.48368765778  5.700738E-15
6124.26004257336  5.607695E-15
6127.03639748894  5.742577E-15
6129.81275240452  5.715146E-15
6132.5891073201  6.073234E-15
6135.36546223568  6.219290E-15
6138.14181715126  6.227230E-15
6140.91817206684  5.915064E-15
6143.69452698242  5.723305E-15
6146.470881898  5.735795E-15
6149.24723681358  5.513571E-15
6152.02359172916  5.487415E-15
6154.79994664474  5.819018E-15
6157.57630156032  5.993470E-15
6160.3526564759  5.497361E-15
6163.12901139148  5.583134E-15
6165.90536630706  5.657779E-15
6168.68172122264  5.772958E-15
6171.45807613822  5.955143E-15
6174.2344310538  5.958815E-15
6177.01078596938  5.825507E-15
6179.78714088496  5.463686E-15
6182.56349580054  5.525142E-15
6185.33985071612  5.853580E-15
6188.1162056317  5.748958E-15
6190.89256054728  5.656894E-15
6193.66891546286  5.792434E-15
6196.44527037844  5.787213E-15
6199.22162529402  5.679273E-15
6201.9979802096  5.723126E-15
6204.77433512517  5.763083E-15
6207.55069004076  5.868339E-15
6210.32704495633  5.991339E-15
6213.10339987191  5.555427E-15
6215.87975478749  5.511277E-15
6218.65610970307  5.911807E-15
6221.43246461865  5.724051E-15
6224.20881953423  5.661370E-15
6226.98517444981  5.694436E-15
6229.76152936539  5.644418E-15
6232.53788428097  5.470569E-15
6235.31423919655  5.794680E-15
6238.09059411213  5.729391E-15
6240.86694902771  5.679154E-15
6243.64330394329  5.765005E-15
6246.41965885887  5.479601E-15
6249.19601377445  5.390428E-15
6251.97236869003  5.556607E-15
6254.74872360561  5.782663E-15
6257.52507852119  5.741853E-15
6260.30143343677  6.005049E-15
6263.07778835235  5.705758E-15
6265.85414326793  5.753656E-15
6268.63049818351  5.497347E-15
6271.40685309909  5.540322E-15
6274.18320801467  5.458669E-15
6276.95956293025  5.573451E-15
6279.73591784583  5.305208E-15
6282.51227276141  5.037097E-15
6285.28862767699  5.345390E-15
6288.06498259257  5.261555E-15
6290.84133750815  5.043845E-15
6293.61769242373  5.382283E-15
6296.39404733931  5.235919E-15
6299.17040225488  5.246278E-15
6301.94675717047  5.560272E-15
6304.72311208604  5.480717E-15
6307.49946700162  5.104112E-15
6310.2758219172  5.337305E-15
6313.05217683278  5.304047E-15
6315.82853174836  5.245316E-15
6318.60488666394  5.288502E-15
6321.38124157952  5.390704E-15
6324.1575964951  5.475610E-15
6326.93395141068  5.252492E-15
6329.71030632626  5.275765E-15
6332.48666124184  5.153984E-15
6335.26301615742  5.312294E-15
6338.039371073  5.394680E-15
6340.81572598858  5.389433E-15
6343.59208090416  5.431219E-15
6346.36843581974  5.310976E-15
6349.14479073532  5.382996E-15
6351.9211456509  5.202179E-15
6354.69750056648  5.130721E-15
6357.47385548206  5.096582E-15
6360.25021039764  5.161651E-15
6363.02656531322  5.110664E-15
6365.8029202288  5.344702E-15
6368.57927514438  5.065243E-15
6371.35563005996  5.040130E-15
6374.13198497554  5.464768E-15
6376.90833989111  5.108811E-15
6379.6846948067  5.247701E-15
6382.46104972228  5.745323E-15
6385.23740463786  5.398681E-15
6388.01375955344  5.189236E-15
6390.79011446902  5.795214E-15
6393.56646938459  5.735116E-15
6396.34282430017  5.419375E-15
6399.11917921575  5.223475E-15
6401.89553413133  5.110742E-15
6404.67188904691  5.419944E-15
6407.44824396249  5.487006E-15
6410.22459887807  5.166662E-15
6413.00095379365  5.057918E-15
6415.77730870923  5.180239E-15
6418.55366362481  5.286022E-15
6421.33001854039  5.407723E-15
6424.10637345597  5.578643E-15
6426.88272837155  5.313335E-15
6429.65908328713  5.425928E-15
6432.43543820271  5.204029E-15
6435.21179311829  5.658861E-15
6437.98814803387  5.680888E-15
6440.76450294945  5.404053E-15
6443.54085786503  5.319867E-15
6446.31721278061  5.217067E-15
6449.09356769619  5.091306E-15
6451.86992261177  5.161886E-15
6454.64627752735  5.232916E-15
6457.42263244293  5.140503E-15
6460.19898735851  5.183070E-15
6462.97534227409  5.304180E-15
6465.75169718967  5.435886E-15
6468.52805210525  5.155329E-15
6471.30440702083  5.022154E-15
6474.08076193641  5.171081E-15
6476.85711685199  5.003871E-15
6479.63347176757  5.669789E-15
6482.40982668315  5.759902E-15
6485.18618159872  5.121405E-15
6487.9625365143  4.938432E-15
6490.73889142988  4.933925E-15
6493.51524634546  4.983167E-15
6496.29160126104  5.024798E-15
6499.06795617662  4.755450E-15
6501.8443110922  5.136162E-15
6504.62066600778  5.005822E-15
6507.39702092336  5.153436E-15
6510.17337583894  5.298855E-15
6512.94973075452  5.052471E-15
6515.7260856701  4.740576E-15
6518.50244058568  5.128398E-15
6521.27879550126  5.154313E-15
6524.05515041684  5.133046E-15
6526.83150533242  4.954792E-15
6529.607860248  4.974933E-15
6532.38421516358  5.003374E-15
6535.16057007916  5.153645E-15
6537.93692499474  5.314636E-15
6540.71327991032  5.181575E-15
6543.4896348259  5.728818E-15
6546.26598974148  6.492489E-15
6549.04234465706  7.206185E-15
6551.81869957264  7.834088E-15
6554.59505448822  8.139217E-15
6557.3714094038  8.510929E-15
6560.14776431938  8.686721E-15
6562.92411923496  8.331441E-15
6565.70047415053  7.650978E-15
6568.47682906612  6.982749E-15
6571.25318398169  6.336005E-15
6574.02953889728  5.465958E-15
6576.80589381286  4.946103E-15
6579.58224872843  4.843438E-15
6582.35860364401  4.725668E-15
6585.13495855959  5.022766E-15
6587.91131347517  4.685229E-15
6590.68766839076  4.398399E-15
6593.46402330633  4.746505E-15
6596.24037822191  4.683113E-15
6599.01673313749  5.098142E-15
6601.79308805307  4.912368E-15
6604.56944296865  5.033385E-15
6607.34579788423  5.003011E-15
6610.12215279981  4.855381E-15
6612.89850771539  4.963481E-15
6615.67486263097  4.802726E-15
6618.45121754655  4.848694E-15
6621.22757246213  4.945077E-15
6624.00392737771  4.879441E-15
6626.78028229329  4.576555E-15
6629.55663720887  4.622820E-15
6632.33299212445  4.978196E-15
6635.10934704003  4.953175E-15
6637.88570195561  4.904549E-15
6640.66205687119  4.877217E-15
6643.43841178677  4.528637E-15
6646.21476670235  4.400013E-15
6648.99112161793  4.655485E-15
6651.76747653351  4.746113E-15
6654.54383144909  4.658613E-15
6657.32018636467  4.847134E-15
6660.09654128025  5.136610E-15
6662.87289619583  4.862875E-15
6665.64925111141  4.518975E-15
6668.42560602698  4.754387E-15
6671.20196094257  5.046267E-15
6673.97831585815  5.145243E-15
6676.75467077372  4.803179E-15
6679.5310256893  4.634752E-15
6682.30738060488  4.899703E-15
6685.08373552046  5.044458E-15
6687.86009043604  4.774165E-15
6690.63644535162  4.471765E-15
6693.4128002672  4.842343E-15
6696.18915518278  5.112357E-15
6698.96551009836  4.902470E-15
6701.74186501394  4.678365E-15
6704.51821992952  4.707602E-15
6707.2945748451  4.705917E-15
6710.07092976068  4.658544E-15
6712.84728467626  4.815078E-15
6715.62363959184  4.597653E-15
6718.39999450742  4.636534E-15
6721.176349423  4.516379E-15
6723.95270433858  4.855857E-15
6726.72905925416  4.665549E-15
6729.50541416974  4.148003E-15
6732.28176908532  4.413910E-15
6735.0581240009  4.728175E-15
6737.83447891648  4.587239E-15
6740.61083383206  4.276934E-15
6743.38718874764  4.607014E-15
6746.16354366322  4.754034E-15
6748.9398985788  4.479914E-15
6751.71625349438  4.522004E-15
6754.49260840996  4.615172E-15
6757.26896332554  4.712581E-15
6760.04531824112  4.434267E-15
6762.82167315669  4.157070E-15
6765.59802807227  4.402035E-15
6768.37438298785  4.621311E-15
6771.15073790343  4.379415E-15
6773.92709281901  4.407797E-15
6776.70344773459  4.543154E-15
6779.47980265018  4.522396E-15
6782.25615756575  4.570334E-15
6785.03251248133  4.569418E-15
6787.80886739691  4.843596E-15
6790.58522231249  4.817505E-15
6793.36157722807  4.758881E-15
6796.13793214365  4.649126E-15
6798.91428705923  4.508982E-15
6801.69064197481  4.600853E-15
6804.46699689039  4.286148E-15
6807.24335180597  4.053684E-15
6810.01970672155  4.701930E-15
6812.79606163713  4.907967E-15
6815.57241655271  4.646563E-15
6818.34877146829  4.460052E-15
6821.12512638387  4.200639E-15
6823.90148129945  4.712704E-15
6826.67783621503  4.807205E-15
6829.45419113061  4.369244E-15
6832.23054604619  4.531609E-15
6835.00690096177  4.537687E-15
6837.78325587735  4.530186E-15
6840.55961079293  4.370746E-15
6843.33596570851  4.363588E-15
6846.11232062409  4.141400E-15
6848.88867553967  4.546325E-15
6851.66503045524  4.561429E-15
6854.44138537082  3.994762E-15
6857.21774028641  4.308926E-15
6859.99409520199  4.230821E-15
6862.77045011756  4.153065E-15
6865.54680503314  4.082480E-15
6868.32315994872  4.151960E-15
6871.0995148643  4.440237E-15
6873.87586977988  4.119992E-15
6876.65222469546  4.158654E-15
6879.42857961104  4.166755E-15
6882.20493452662  4.288748E-15
6884.9812894422  4.446304E-15
6887.75764435778  4.481216E-15
6890.53399927336  4.507889E-15
6893.31035418894  4.060509E-15
6896.08670910452  3.875287E-15
6898.8630640201  4.206306E-15
6901.63941893568  4.507225E-15
6904.41577385126  4.490255E-15
6907.19212876684  4.364459E-15
6909.96848368242  4.356310E-15
6912.744838598  4.365005E-15
6915.52119351358  4.457916E-15
6918.29754842916  4.213307E-15
6921.07390334474  4.288334E-15
6923.85025826032  4.508271E-15
6926.6266131759  4.247589E-15
6929.40296809148  4.242126E-15
6932.17932300706  4.291867E-15
6934.95567792264  3.889355E-15
6937.73203283822  4.156478E-15
6940.5083877538  4.471790E-15
6943.28474266938  4.148670E-15
6946.06109758495  4.149952E-15
6948.83745250054  4.313912E-15
6951.61380741612  4.308865E-15
6954.39016233169  4.372229E-15
6957.16651724727  4.084478E-15
6959.94287216285  4.041638E-15
6962.71922707843  4.530260E-15
6965.49558199401  4.522938E-15
6968.27193690959  4.048482E-15
6971.04829182517  3.956659E-15
6973.82464674075  4.178862E-15
6976.60100165633  4.199730E-15
6979.37735657191  4.521879E-15
6982.15371148749  4.103756E-15
6984.93006640307  4.245630E-15
6987.70642131865  4.065560E-15
6990.48277623423  4.031122E-15
6993.25913114981  4.013969E-15
6996.03548606539  4.010972E-15
6998.81184098097  4.143061E-15
7001.58819589655  4.154968E-15
7004.36455081213  4.331242E-15
7007.14090572771  4.188139E-15
7009.91726064329  4.741508E-15
7012.69361555887  4.183959E-15
7015.46997047445  3.987538E-15
7018.24632539003  4.273953E-15
7021.02268030561  4.333310E-15
7023.79903522119  4.555976E-15
7026.57539013677  4.411606E-15
7029.35174505235  4.096048E-15
7032.12809996793  4.354131E-15
7034.90445488351  4.504004E-15
7037.68080979909  4.325827E-15
7040.45716471466  4.367481E-15
7043.23351963024  4.253303E-15
7046.00987454583  4.261910E-15
7048.7862294614  4.547952E-15
7051.56258437698  4.594311E-15
7054.33893929256  4.117388E-15
7057.11529420814  4.081847E-15
7059.89164912372  4.561319E-15
7062.6680040393  4.417880E-15
7065.44435895488  4.298822E-15
7068.22071387046  4.443595E-15
7070.99706878604  4.668021E-15
7073.77342370162  4.357657E-15
7076.5497786172  4.158521E-15
7079.32613353278  4.051223E-15
7082.10248844836  4.090897E-15
7084.87884336394  4.042761E-15
7087.65519827952  3.855305E-15
7090.4315531951  4.194015E-15
7093.20790811068  4.322294E-15
7095.98426302626  4.211151E-15
7098.76061794184  4.255377E-15
7101.53697285742  4.200425E-15
7104.313327773  4.401051E-15
7107.08968268858  4.350938E-15
7109.86603760416  4.101136E-15
7112.64239251974  4.181783E-15
7115.41874743532  4.091349E-15
7118.1951023509  3.959563E-15
7120.97145726648  3.606473E-15
7123.74781218206  3.531576E-15
7126.52416709764  3.970547E-15
7129.30052201322  4.215975E-15
7132.0768769288  4.388951E-15
7134.85323184437  4.157524E-15
7137.62958675996  3.917022E-15
7140.40594167553  4.021148E-15
7143.18229659112  4.154527E-15
7145.95865150669  3.862319E-15
7148.73500642227  3.923340E-15
7151.51136133785  4.110359E-15
7154.28771625343  4.259488E-15
7157.06407116901  3.916932E-15
7159.84042608459  3.835714E-15
7162.61678100017  4.200101E-15
7165.39313591575  3.938286E-15
7168.16949083133  3.958844E-15
7170.94584574691  4.379414E-15
7173.72220066249  4.435736E-15
7176.49855557807  4.320832E-15
7179.27491049365  3.986465E-15
7182.05126540923  4.052256E-15
7184.82762032481  3.961695E-15
7187.60397524039  3.990223E-15
7190.38033015597  3.695195E-15
7193.15668507155  3.907684E-15
7195.93303998713  3.757255E-15
7198.70939490271  3.596384E-15
7201.48574981829  3.534975E-15
7204.26210473387  3.812550E-15
7207.03845964945  4.169297E-15
7209.81481456503  4.049935E-15
7212.59116948061  3.982766E-15
7215.36752439619  3.989986E-15
7218.14387931177  3.846984E-15
7220.92023422735  3.888022E-15
7223.69658914293  3.972592E-15
7226.47294405851  3.997623E-15
7229.24929897409  4.167694E-15
7232.02565388966  4.058040E-15
7234.80200880524  3.809833E-15
7237.57836372083  3.997350E-15
7240.3547186364  4.189781E-15
7243.13107355198  4.233112E-15
7245.90742846756  4.121669E-15
7248.68378338314  4.250280E-15
7251.46013829872  3.919784E-15
7254.2364932143  4.085038E-15
7257.01284812988  4.216977E-15
7259.78920304546  3.925311E-15
7262.56555796104  3.922647E-15
7265.34191287662  3.999724E-15
7268.1182677922  4.162707E-15
7270.89462270778  3.795427E-15
7273.67097762336  3.671053E-15
7276.44733253894  3.617381E-15
7279.22368745452  3.616289E-15
7282.0000423701  3.570208E-15
7284.77639728568  3.829261E-15
7287.55275220126  3.860713E-15
7290.32910711684  3.520993E-15
7293.10546203242  3.711973E-15
7295.881816948  3.746627E-15
7298.65817186358  3.632551E-15
7301.43452677916  3.534301E-15
7304.21088169474  3.621287E-15
7306.98723661032  3.773337E-15
7309.7635915259  3.668157E-15
7312.53994644148  3.647492E-15
7315.31630135706  3.655851E-15
7318.09265627264  3.426174E-15
7320.86901118822  3.340914E-15
7323.6453661038  3.635618E-15
7326.42172101938  4.063428E-15
7329.19807593495  3.937899E-15
7331.97443085053  3.817410E-15
7334.75078576611  3.638345E-15
7337.52714068169  3.964852E-15
7340.30349559727  3.690002E-15
7343.07985051285  3.556505E-15
7345.85620542843  3.853456E-15
7348.63256034401  3.679566E-15
7351.40891525959  3.627952E-15
7354.18527017517  3.751392E-15
7356.96162509075  3.656875E-15
7359.73798000633  3.435835E-15
7362.51433492191  3.679933E-15
7365.29068983749  3.905077E-15
7368.06704475307  3.936517E-15
7370.84339966865  3.493258E-15
7373.61975458423  3.445299E-15
7376.39610949981  3.585112E-15
7379.17246441539  3.566982E-15
7381.94881933097  3.308388E-15
7384.72517424655  3.541779E-15
7387.50152916213  3.345703E-15
7390.27788407771  3.831891E-15
7393.05423899329  3.786573E-15
7395.83059390887  3.819329E-15
7398.60694882445  3.591689E-15
7401.38330374003  3.214959E-15
7404.15965865561  3.494450E-15
7406.93601357119  3.488013E-15
7409.71236848677  3.475766E-15
7412.48872340235  3.693910E-15
7415.26507831793  3.572439E-15
7418.04143323351  3.620683E-15
7420.81778814909  3.315217E-15
7423.59414306466  3.439678E-15
7426.37049798024  3.651798E-15
7429.14685289582  3.564652E-15
7431.9232078114  3.316890E-15
7434.69956272698  3.172667E-15
7437.47591764256  3.211710E-15
7440.25227255814  3.374838E-15
7443.02862747372  3.548544E-15
7445.8049823893  3.507776E-15
7448.58133730488  3.839503E-15
7451.35769222046  3.778908E-15
7454.13404713604  3.767398E-15
7456.91040205162  3.641315E-15
7459.6867569672  3.331927E-15
7462.46311188278  3.669301E-15
7465.23946679836  3.881793E-15
7468.01582171394  3.592270E-15
7470.79217662952  3.444984E-15
7473.5685315451  3.407212E-15
7476.34488646068  3.594967E-15
7479.12124137626  3.453710E-15
7481.89759629184  3.239469E-15
7484.67395120742  3.269418E-15
7487.450306123  3.257690E-15
7490.22666103858  3.367506E-15
7493.00301595416  3.054160E-15
7495.77937086974  2.978131E-15
7498.55572578532  3.265585E-15
7501.3320807009  3.550203E-15
7504.10843561648  3.482806E-15
7506.88479053206  3.258280E-15
7509.66114544764  3.519701E-15
7512.43750036321  3.436709E-15
7515.2138552788  3.250650E-15
7517.99021019437  3.370422E-15
7520.76656510995  3.419677E-15
7523.54292002553  3.564306E-15
7526.31927494111  3.596977E-15
7529.09562985669  3.503748E-15
7531.87198477227  3.595889E-15
7534.64833968785  3.522854E-15
7537.42469460343  3.590055E-15
7540.20104951901  3.547362E-15
7542.97740443459  3.997066E-15
7545.75375935017  3.528162E-15
7548.53011426575  3.259476E-15
7551.30646918133  3.569216E-15
7554.08282409691  3.442171E-15
7556.85917901249  3.258058E-15
7559.63553392807  3.363248E-15
7562.41188884365  3.312660E-15
7565.18824375923  3.412699E-15
7567.96459867481  3.634509E-15
7570.74095359039  3.607542E-15
7573.51730850597  3.323777E-15
7576.29366342155  3.214306E-15
7579.07001833713  3.141270E-15
7581.84637325271  3.092743E-15
7584.62272816829  3.067871E-15
7587.39908308387  3.028026E-15
7590.17543799945  3.281768E-15
7592.95179291503  3.085381E-15
7595.72814783061  3.057319E-15
7598.50450274619  3.019959E-15
7601.28085766177  2.964977E-15
7604.05721257735  2.683681E-15
7606.83356749292  2.907587E-15
7609.60992240851  2.766435E-15
7612.38627732408  2.707986E-15
7615.16263223967  2.970532E-15
7617.93898715524  2.770800E-15
7620.71534207082  2.737636E-15
7623.4916969864  2.780788E-15
7626.26805190198  2.909754E-15
7629.04440681756  3.475387E-15
7631.82076173314  3.614293E-15
7634.59711664872  3.028750E-15
7637.3734715643  2.677408E-15
7640.14982647988  3.024200E-15
7642.92618139546  3.347936E-15
7645.70253631104  3.183853E-15
7648.47889122662  3.197418E-15
7651.2552461422  3.180434E-15
7654.03160105778  3.049745E-15
7656.80795597336  2.907321E-15
7659.58431088894  3.066376E-15
7662.36066580452  3.135026E-15
7665.1370207201  2.514941E-15
7667.91337563568  3.061370E-15
7670.68973055126  3.035963E-15
7673.46608546684  3.223962E-15
7676.24244038242  3.375915E-15
7679.018795298  3.051302E-15
7681.79515021358  2.826502E-15
7684.57150512916  2.900152E-15
7687.34786004474  2.767634E-15
7690.12421496032  2.682017E-15
7692.9005698759  2.982524E-15
7695.67692479148  3.146065E-15
7698.45327970706  3.116865E-15
7701.22963462264  3.265470E-15
7704.00598953821  3.406856E-15
7706.78234445379  3.373904E-15
7709.55869936937  3.499556E-15
7712.33505428495  3.293742E-15
7715.11140920053  2.954617E-15
7717.88776411611  3.168764E-15
7720.66411903169  3.280849E-15
7723.44047394727  3.019725E-15
7726.21682886285  3.029093E-15
7728.99318377843  3.078138E-15
7731.76953869401  3.155424E-15
7734.54589360959  2.900261E-15
7737.32224852517  2.909202E-15
7740.09860344075  3.294331E-15
7742.87495835633  3.179019E-15
7745.65131327191  2.966391E-15
7748.42766818749  2.994065E-15
7751.20402310307  2.965839E-15
7753.98037801865  3.129384E-15
7756.75673293423  3.301494E-15
7759.53308784981  3.421762E-15
7762.30944276539  3.211081E-15
7765.08579768097  3.057450E-15
7767.86215259655  3.085000E-15
7770.63850751213  3.011488E-15
7773.41486242771  3.203429E-15
7776.19121734329  2.803933E-15
7778.96757225887  3.085090E-15
7781.74392717445  2.972920E-15
7784.52028209003  3.111936E-15
7787.29663700561  3.120472E-15
7790.07299192119  3.038557E-15
7792.84934683677  2.941149E-15
7795.62570175234  2.826035E-15
7798.40205666793  2.827658E-15
7801.1784115835  2.828427E-15
7803.95476649909  2.913360E-15
7806.73112141466  3.140451E-15
7809.50747633024  3.215707E-15
7812.28383124582  3.205023E-15
7815.0601861614  3.332665E-15
7817.83654107698  3.281355E-15
7820.61289599256  3.518903E-15
7823.38925090814  3.184364E-15
7826.16560582372  2.915333E-15
7828.9419607393  2.888116E-15
7831.71831565488  3.307616E-15
7834.49467057046  3.218023E-15
7837.27102548604  3.135906E-15
7840.04738040162  3.035247E-15
7842.8237353172  3.060394E-15
7845.60009023278  3.280583E-15
7848.37644514836  3.319300E-15
7851.15280006394  3.202379E-15
7853.92915497952  3.188135E-15
7856.7055098951  3.105225E-15
7859.48186481068  2.977521E-15
7862.25821972626  2.877116E-15
7865.03457464184  2.853670E-15
7867.81092955742  3.090457E-15
7870.587284473  2.746287E-15
7873.36363938858  2.895525E-15
7876.13999430416  3.225678E-15
7878.91634921974  3.009166E-15
7881.69270413532  2.983617E-15
7884.4690590509  2.884691E-15
7887.24541396648  2.894639E-15
7890.02176888206  2.700163E-15
7892.79812379764  2.669492E-15
7895.57447871321  2.955040E-15
7898.3508336288  2.960734E-15
7901.12718854437  2.938376E-15
7903.90354345995  2.929818E-15
7906.67989837553  2.851817E-15
7909.45625329111  2.829529E-15
7912.23260820669  2.995195E-15
7915.00896312227  3.102781E-15
7917.78531803785  3.028372E-15
7920.56167295343  3.236346E-15
7923.33802786901  2.758579E-15
7926.11438278459  2.608153E-15
7928.89073770017  2.545557E-15
7931.66709261575  3.068321E-15
7934.44344753133  3.142596E-15
7937.21980244691  3.045895E-15
7939.99615736249  2.697624E-15
7942.77251227807  2.655859E-15
7945.54886719365  2.722668E-15
7948.32522210923  2.754186E-15
7951.10157702481  2.702342E-15
7953.87793194039  2.890184E-15
7956.65428685597  2.659168E-15
7959.43064177155  2.446932E-15
7962.20699668713  2.746202E-15
7964.98335160271  2.790566E-15
7967.75970651829  2.670979E-15
7970.53606143387  2.812865E-15
7973.31241634945  3.041951E-15
7976.08877126503  2.508273E-15
7978.86512618061  2.428425E-15
7981.64148109619  2.888914E-15
7984.41783601176  2.486457E-15
7987.19419092735  2.534814E-15
7989.97054584292  2.559425E-15
7992.74690075851  2.610251E-15
7995.52325567408  3.025009E-15
7998.29961058966  2.892142E-15
8001.07596550524  2.502797E-15
8003.85232042082  2.577588E-15
8006.6286753364  2.505998E-15
8009.40503025198  2.646984E-15
8012.18138516756  2.953092E-15
8014.95774008314  2.736788E-15
8017.73409499872  2.749670E-15
8020.5104499143  2.880805E-15
8023.28680482988  2.556607E-15
8026.06315974546  2.690403E-15
8028.83951466104  2.648481E-15
8031.61586957662  2.443444E-15
8034.3922244922  2.772158E-15
8037.16857940778  2.789801E-15
8039.94493432336  2.849195E-15
8042.72128923894  2.705052E-15
8045.49764415452  2.522683E-15
8048.2739990701  2.617827E-15
8051.05035398568  2.793814E-15
8053.82670890126  2.897938E-15
8056.60306381684  2.800702E-15
8059.37941873242  2.673057E-15
8062.155773648  2.951956E-15
8064.93212856357  2.788423E-15
8067.70848347916  2.512348E-15
8070.48483839474  2.818068E-15
8073.26119331031  2.828556E-15
8076.03754822589  2.826053E-15
8078.81390314148  2.874504E-15
8081.59025805706  2.779594E-15
8084.36661297263  2.875074E-15
8087.14296788822  3.035634E-15
8089.91932280379  2.840705E-15
8092.69567771937  2.547932E-15
8095.47203263495  2.634674E-15
8098.24838755053  2.751302E-15
8101.02474246611  2.708691E-15
8103.80109738169  2.846017E-15
8106.57745229727  2.557828E-15
8109.35380721285  2.417529E-15
8112.13016212843  2.564717E-15
8114.90651704401  2.779602E-15
8117.68287195959  2.838636E-15
8120.45922687517  2.704803E-15
8123.23558179075  2.617743E-15
8126.01193670633  2.316035E-15
8128.78829162191  2.319632E-15
8131.56464653749  2.711683E-15
8134.34100145307  2.466934E-15
8137.11735636865  2.839393E-15
8139.89371128423  2.452646E-15
8142.67006619981  2.490117E-15
8145.44642111539  2.357566E-15
8148.22277603097  2.322246E-15
8150.99913094655  2.474556E-15
8153.77548586213  2.475453E-15
8156.55184077771  2.514019E-15
8159.32819569329  2.281202E-15
8162.10455060886  2.285089E-15
8164.88090552445  2.455236E-15
8167.65726044003  2.349266E-15
8170.43361535561  2.346387E-15
8173.20997027118  2.383177E-15
8175.98632518676  2.406846E-15
8178.76268010234  2.465592E-15
8181.53903501792  2.253557E-15
8184.3153899335  2.291640E-15
8187.09174484908  2.408127E-15
8189.86809976466  2.643737E-15
8192.64445468024  2.435018E-15
8195.42080959582  2.680883E-15
8198.1971645114  2.690711E-15
8200.97351942698  2.572179E-15
8203.74987434256  2.475567E-15
8206.52622925814  2.276154E-15
8209.30258417372  2.462866E-15
8212.0789390893  2.526234E-15
8214.85529400488  2.358305E-15
8217.63164892046  2.458290E-15
8220.40800383604  2.183811E-15
8223.18435875162  2.190315E-15
8225.9607136672  2.488777E-15
8228.73706858278  2.289537E-15
8231.51342349836  2.289025E-15
8234.28977841394  2.381456E-15
8237.06613332952  2.623058E-15
8239.8424882451  2.394201E-15
8242.61884316068  2.523045E-15
8245.39519807626  2.572118E-15
8248.17155299184  2.594684E-15
8250.94790790742  2.664647E-15
8253.724262823  2.808789E-15
8256.50061773858  2.884809E-15
8259.27697265415  2.986567E-15
8262.05332756974  2.883330E-15
8264.82968248532  2.573463E-15
8267.60603740089  2.507280E-15
8270.38239231647  2.642045E-15
8273.15874723205  2.335517E-15
8275.93510214764  2.286439E-15
8278.71145706321  2.707192E-15
8281.48781197879  2.856805E-15
8284.26416689437  2.960564E-15
8287.04052180995  2.746149E-15
8289.81687672553  2.489492E-15
8292.59323164111  2.655943E-15
8295.36958655669  2.631155E-15
8298.14594147227  2.291017E-15
8300.92229638785  2.653689E-15
8303.69865130343  2.613680E-15
8306.47500621901  2.471668E-15
8309.25136113459  2.675482E-15
8312.02771605017  2.920836E-15
8314.80407096575  2.767173E-15
8317.58042588133  2.770001E-15
8320.35678079691  2.823228E-15
8323.13313571249  2.773897E-15
8325.90949062807  2.513670E-15
8328.68584554365  2.573840E-15
8331.46220045923  2.830452E-15
8334.23855537481  2.740900E-15
8337.01491029039  2.784827E-15
8339.79126520597  2.651157E-15
8342.56762012155  2.702507E-15
8345.34397503712  2.804380E-15
8348.12032995271  2.453216E-15
8350.89668486829  2.436050E-15
8353.67303978387  2.762516E-15
8356.44939469944  2.737690E-15
8359.22574961502  2.734257E-15
8362.00210453061  2.518070E-15
8364.77845944619  2.679795E-15
8367.55481436176  2.859070E-15
8370.33116927734  2.687891E-15
8373.10752419292  2.363983E-15
8375.8838791085  2.528705E-15
8378.66023402408  2.701532E-15
8381.43658893966  2.394309E-15
8384.21294385524  2.485069E-15
8386.98929877082  2.832593E-15
8389.7656536864  2.572989E-15
8392.54200860198  2.349078E-15
8395.31836351756  2.512554E-15
8398.09471843314  2.536178E-15
8400.87107334872  2.419189E-15
8403.6474282643  2.480846E-15
8406.42378317988  2.686100E-15
8409.20013809546  2.683197E-15
8411.97649301104  2.500103E-15
8414.75284792662  2.179852E-15
8417.5292028422  2.543324E-15
8420.30555775778  2.491316E-15
8423.08191267336  2.605325E-15
8425.85826758894  2.614313E-15
8428.63462250452  2.694638E-15
8431.4109774201  2.627395E-15
8434.18733233568  2.450415E-15
8436.96368725126  2.743489E-15
8439.74004216684  2.777708E-15
8442.51639708242  2.563943E-15
8445.292751998  2.394183E-15
8448.06910691358  2.391033E-15
8450.84546182916  2.580528E-15
8453.62181674473  2.671367E-15
8456.39817166031  2.822022E-15
8459.1745265759  2.377211E-15
8461.95088149147  2.352540E-15
8464.72723640705  2.609459E-15
8467.50359132263  2.710219E-15
8470.27994623821  2.548018E-15
8473.05630115379  2.496355E-15
8475.83265606937  2.568703E-15
8478.60901098495  2.434689E-15
8481.38536590053  2.299120E-15
8484.16172081611  2.253308E-15
8486.93807573169  2.002958E-15
8489.71443064727  2.211997E-15
8492.49078556285  2.652827E-15
8495.26714047843  2.545004E-15
8498.04349539401  2.756010E-15
8500.81985030959  2.597079E-15
8503.59620522517  2.504743E-15
8506.37256014075  2.445588E-15
8509.14891505633  2.698545E-15
8511.92526997191  2.451060E-15
8514.70162488749  2.591156E-15
8517.47797980307  2.340070E-15
8520.25433471865  2.465206E-15
8523.03068963423  2.353983E-15
8525.80704454981  2.522648E-15
8528.58339946539  2.680197E-15
8531.35975438097  2.510594E-15
8534.13610929655  2.573637E-15
8536.91246421213  2.554780E-15
8539.6888191277  2.482902E-15
8542.46517404328  2.459803E-15
8545.24152895887  2.329759E-15
8548.01788387445  2.458747E-15
8550.79423879002  2.298837E-15
8553.5705937056  2.201748E-15
8556.34694862118  2.455906E-15
8559.12330353676  2.503721E-15
8561.89965845234  2.328824E-15
8564.67601336792  2.352237E-15
8567.4523682835  2.366155E-15
8570.22872319908  2.080761E-15
8573.00507811466  2.116579E-15
8575.78143303024  2.324691E-15
8578.55778794582  2.352452E-15
8581.3341428614  2.420932E-15
8584.11049777698  2.449905E-15
8586.88685269256  2.397897E-15
8589.66320760814  2.464389E-15
8592.43956252372  2.312927E-15
8595.2159174393  2.170764E-15
8597.99227235488  2.300589E-15
8600.76862727046  2.270369E-15
8603.54498218604  2.395059E-15
8606.32133710162  2.361623E-15
8609.0976920172  2.326947E-15
8611.87404693278  2.469068E-15
8614.65040184836  2.388087E-15
8617.42675676394  2.523837E-15
8620.20311167952  2.421395E-15
8622.97946659509  2.510901E-15
8625.75582151068  2.516471E-15
8628.53217642626  2.601240E-15
8631.30853134184  2.507989E-15
8634.08488625742  2.253872E-15
8636.861241173  2.215704E-15
8639.63759608857  2.368998E-15
8642.41395100416  2.215976E-15
8645.19030591974  2.377938E-15
8647.96666083531  2.423617E-15
8650.74301575089  2.144920E-15
8653.51937066647  2.430913E-15
8656.29572558205  2.309765E-15
8659.07208049763  2.310483E-15
8661.84843541321  1.934959E-15
8664.62479032879  2.207884E-15
8667.40114524437  2.388400E-15
8670.17750015995  2.540665E-15
8672.95385507553  2.500517E-15
8675.73020999111  2.390277E-15
8678.50656490669  2.366876E-15
8681.28291982227  2.145435E-15
8684.05927473785  2.126406E-15
8686.83562965343  2.704136E-15
8689.61198456901  2.822544E-15
8692.38833948459  2.367047E-15
8695.16469440017  2.271880E-15
8697.94104931575  2.368948E-15
8700.71740423133  2.340444E-15
8703.49375914691  2.352506E-15
8706.27011406249  2.698736E-15
8709.04646897807  2.722708E-15
8711.82282389365  1.952257E-15
8714.59917880923  2.336415E-15
8717.37553372481  2.086703E-15
8720.15188864039  2.312287E-15
8722.92824355597  2.256422E-15
8725.70459847155  2.553986E-15
8728.48095338713  2.259355E-15
8731.25730830271  2.264443E-15
8734.03366321828  1.997369E-15
8736.81001813386  1.997638E-15
8739.58637304945  2.215419E-15
8742.36272796502  2.402739E-15
8745.1390828806  2.374742E-15
8747.91543779618  2.404097E-15
8750.69179271176  2.395709E-15
8753.46814762734  2.050615E-15
8756.24450254292  2.224961E-15
8759.0208574585  2.890500E-15
8761.79721237408  2.638551E-15
8764.57356728966  2.029219E-15
8767.34992220524  2.121510E-15
8770.12627712082  2.156502E-15
8772.9026320364  2.258064E-15
8775.67898695198  2.426587E-15
8778.45534186756  2.351304E-15
8781.23169678314  2.112879E-15
8784.00805169872  2.131476E-15
8786.7844066143  2.293668E-15
8789.56076152988  2.134455E-15
8792.33711644546  2.189415E-15
8795.11347136104  1.841360E-15
8797.88982627662  1.778712E-15
8800.6661811922  1.981980E-15
8803.44253610778  1.993744E-15
8806.21889102336  1.826058E-15
8808.99524593894  1.552935E-15
8811.77160085452  1.580482E-15
8814.5479557701  1.714426E-15
8817.32431068567  1.838683E-15
8820.10066560126  2.253464E-15
8822.87702051683  2.247453E-15
8825.65337543242  1.924634E-15
8828.429730348  1.828906E-15
8831.20608526358  2.139189E-15
