3861.5307863759  1.039447E-14
3864.30714129148  1.306831E-14
3867.08349620706  1.220964E-14
3869.85985112264  1.155681E-14
3872.63620603822  1.313184E-14
3875.4125609538  9.020126E-15
3878.18891586938  6.896148E-15
3880.96527078496  1.062238E-14
3883.74162570054  1.080462E-14
3886.51798061612  8.262538E-15
3889.2943355317  8.538646E-15
3892.07069044728  9.632019E-15
3894.84704536286  7.153953E-15
3897.62340027844  6.739312E-15
3900.39975519402  8.573051E-15
3903.1761101096  9.762964E-15
3905.95246502518  9.274201E-15
3908.72881994076  8.531996E-15
3911.50517485634  9.255410E-15
3914.28152977192  9.407172E-15
3917.0578846875  9.102707E-15
3919.83423960308  6.639884E-15
3922.61059451866  1.111830E-14
3925.38694943424  8.328055E-15
3928.16330434982  6.541142E-15
3930.9396592654  8.598672E-15
3933.71601418098  8.056118E-15
3936.49236909656  7.856956E-15
3939.26872401214  8.457393E-15
3942.04507892772  9.415538E-15
3944.82143384329  8.536430E-15
3947.59778875887  8.711179E-15
3950.37414367445  8.787394E-15
3953.15049859003  8.643696E-15
3955.92685350561  7.849456E-15
3958.70320842119  8.917487E-15
3961.47956333677  7.714918E-15
3964.25591825235  7.540530E-15
3967.03227316793  7.577285E-15
3969.80862808351  8.347816E-15
3972.58498299909  6.846573E-15
3975.36133791467  6.371231E-15
3978.13769283025  6.069466E-15
3980.91404774583  7.014091E-15
3983.69040266141  6.610371E-15
3986.46675757699  8.465853E-15
3989.24311249257  7.437579E-15
3992.01946740815  9.476735E-15
3994.79582232373  8.348524E-15
3997.57217723931  8.521276E-15
4000.34853215489  8.323611E-15
4003.12488707047  7.982439E-15
4005.90124198605  8.682133E-15
4008.67759690163  8.724750E-15
4011.45395181721  8.114460E-15
4014.23030673279  8.994127E-15
4017.00666164837  9.599144E-15
4019.78301656395  8.290466E-15
4022.55937147953  8.319423E-15
4025.33572639511  8.377234E-15
4028.11208131069  8.839752E-15
4030.88843622627  7.805115E-15
4033.66479114185  8.052349E-15
4036.44114605743  7.946042E-15
4039.21750097301  8.428569E-15
4041.99385588858  8.703351E-15
4044.77021080416  8.215712E-15
4047.54656571974  7.694175E-15
4050.32292063532  9.225668E-15
4053.0992755509  8.544222E-15
4055.87563046648  8.389295E-15
4058.65198538206  9.675814E-15
4061.42834029764  9.260052E-15
4064.20469521322  7.802546E-15
4066.9810501288  7.755514E-15
4069.75740504438  8.648720E-15
4072.53375995996  9.472294E-15
4075.31011487554  8.710170E-15
4078.08646979112  9.019226E-15
4080.8628247067  8.313511E-15
4083.63917962228  7.678816E-15
4086.41553453786  8.179157E-15
4089.19188945344  9.198104E-15
4091.96824436902  8.463304E-15
4094.7445992846  7.313360E-15
4097.52095420018  7.877173E-15
4100.29730911576  7.828649E-15
4103.07366403134  7.526761E-15
4105.85001894692  7.958523E-15
4108.6263738625  7.031126E-15
4111.40272877808  8.288244E-15
4114.17908369366  7.400579E-15
4116.95543860924  8.959465E-15
4119.73179352482  7.782418E-15
4122.5081484404  7.402918E-15
4125.28450335598  8.570231E-15
4128.06085827156  9.014319E-15
4130.83721318714  9.101720E-15
4133.61356810271  8.347871E-15
4136.38992301829  8.471761E-15
4139.16627793387  9.302450E-15
4141.94263284945  8.814662E-15
4144.71898776503  9.054991E-15
4147.49534268061  8.641437E-15
4150.27169759619  9.258157E-15
4153.04805251177  9.173158E-15
4155.82440742735  9.227922E-15
4158.60076234293  8.347558E-15
4161.37711725851  8.959604E-15
4164.15347217409  8.050496E-15
4166.92982708967  7.503598E-15
4169.70618200525  8.514040E-15
4172.48253692083  8.993190E-15
4175.25889183641  8.803300E-15
4178.03524675199  9.048147E-15
4180.81160166757  8.752989E-15
4183.58795658315  8.135960E-15
4186.36431149873  9.084138E-15
4189.14066641431  8.811066E-15
4191.91702132989  8.517283E-15
4194.69337624547  7.828672E-15
4197.46973116105  8.597014E-15
4200.24608607663  8.954594E-15
4203.02244099221  8.428298E-15
4205.79879590779  9.170042E-15
4208.57515082337  8.649901E-15
4211.35150573895  8.810457E-15
4214.12786065453  8.821417E-15
4216.90421557011  8.451242E-15
4219.68057048569  9.067933E-15
4222.45692540127  8.072610E-15
4225.23328031684  8.373321E-15
4228.00963523242  8.412205E-15
4230.785990148  9.202280E-15
4233.56234506358  9.330638E-15
4236.33869997916  8.950462E-15
4239.11505489474  8.557034E-15
4241.89140981032  8.431584E-15
4244.6677647259  9.166851E-15
4247.44411964148  8.967868E-15
4250.22047455706  8.261125E-15
4252.99682947264  9.062882E-15
4255.77318438822  8.050547E-15
4258.5495393038  7.790863E-15
4261.32589421938  8.273963E-15
4264.10224913496  9.262542E-15
4266.87860405054  8.871976E-15
4269.65495896612  8.499727E-15
4272.4313138817  8.137143E-15
4275.20766879728  8.011091E-15
4277.98402371286  8.127088E-15
4280.76037862844  8.301140E-15
4283.53673354402  8.649978E-15
4286.3130884596  8.616281E-15
4289.08944337518  8.021173E-15
4291.86579829076  8.479510E-15
4294.64215320634  8.345413E-15
4297.41850812192  8.488021E-15
4300.1948630375  8.282009E-15
4302.97121795308  8.229517E-15
4305.74757286866  8.515699E-15
4308.52392778424  8.956035E-15
4311.30028269982  8.349510E-15
4314.0766376154  8.638284E-15
4316.85299253098  7.895225E-15
4319.62934744656  8.782356E-15
4322.40570236213  8.167645E-15
4325.18205727771  8.160514E-15
4327.95841219329  8.516345E-15
4330.73476710887  8.356986E-15
4333.51112202445  7.624760E-15
4336.28747694003  7.650822E-15
4339.06383185561  7.745246E-15
4341.84018677119  7.559052E-15
4344.61654168677  7.755871E-15
4347.39289660235  7.276060E-15
4350.16925151793  7.168373E-15
4352.94560643351  7.101179E-15
4355.72196134909  6.660479E-15
4358.49831626467  6.998252E-15
4361.27467118025  7.747332E-15
4364.05102609583  8.059595E-15
4366.82738101141  8.433094E-15
4369.60373592699  8.829034E-15
4372.38009084257  8.548477E-15
4375.15644575815  8.333462E-15
4377.93280067373  7.778948E-15
4380.70915558931  8.432781E-15
4383.48551050489  7.484660E-15
4386.26186542047  8.448302E-15
4389.03822033605  8.335377E-15
4391.81457525163  7.743638E-15
4394.59093016721  8.473208E-15
4397.36728508279  8.125420E-15
4400.14363999837  8.514839E-15
4402.91999491395  8.374323E-15
4405.69634982953  7.552469E-15
4408.47270474511  7.730190E-15
4411.24905966069  8.447200E-15
4414.02541457626  7.608920E-15
4416.80176949185  8.310429E-15
4419.57812440742  8.801629E-15
4422.354479323  8.283440E-15
4425.13083423858  8.711122E-15
4427.90718915416  8.246123E-15
4430.68354406974  8.319584E-15
4433.45989898532  7.645930E-15
4436.2362539009  7.297816E-15
4439.01260881648  7.624124E-15
4441.78896373206  8.060803E-15
4444.56531864764  8.225690E-15
4447.34167356322  8.400454E-15
4450.1180284788  8.630095E-15
4452.89438339438  8.309261E-15
4455.67073830996  8.511751E-15
4458.44709322554  8.170725E-15
4461.22344814112  7.555043E-15
4463.9998030567  7.674999E-15
4466.77615797228  8.026701E-15
4469.55251288786  7.809671E-15
4472.32886780344  8.342379E-15
4475.10522271902  8.090974E-15
4477.8815776346  7.563006E-15
4480.65793255018  7.184983E-15
4483.43428746576  7.554846E-15
4486.21064238134  7.437195E-15
4488.98699729692  8.550085E-15
4491.7633522125  8.834238E-15
4494.53970712808  7.862195E-15
4497.31606204366  8.244180E-15
4500.09241695924  8.524205E-15
4502.86877187482  7.200650E-15
4505.64512679039  8.641110E-15
4508.42148170598  8.643012E-15
4511.19783662155  8.374456E-15
4513.97419153713  7.958729E-15
4516.75054645271  8.255740E-15
4519.52690136829  8.688190E-15
4522.30325628387  8.468753E-15
4525.07961119945  8.301449E-15
4527.85596611503  8.335788E-15
4530.63232103061  8.655343E-15
4533.40867594619  7.871010E-15
4536.18503086177  7.942635E-15
4538.96138577735  7.982304E-15
4541.73774069293  8.329248E-15
4544.51409560851  8.577129E-15
4547.29045052409  8.780231E-15
4550.06680543967  8.611366E-15
4552.84316035525  7.687454E-15
4555.61951527083  8.029110E-15
4558.39587018641  7.593616E-15
4561.17222510199  7.970007E-15
4563.94858001757  8.219024E-15
4566.72493493315  7.829524E-15
4569.50128984873  8.489178E-15
4572.27764476431  8.297479E-15
4575.05399967989  8.096746E-15
4577.83035459547  8.144949E-15
4580.60670951105  7.469718E-15
4583.38306442663  8.166704E-15
4586.15941934221  7.654206E-15
4588.93577425779  7.775832E-15
4591.71212917337  8.919769E-15
4594.48848408895  8.426397E-15
4597.26483900453  8.274268E-15
4600.0411939201  8.202223E-15
4602.81754883568  8.184292E-15
4605.59390375127  8.735928E-15
4608.37025866684  7.981129E-15
4611.14661358242  8.055581E-15
4613.922968498  8.910809E-15
4616.69932341358  8.520141E-15
4619.47567832916  8.030046E-15
4622.25203324474  8.649928E-15
4625.02838816032  8.333305E-15
4627.8047430759  8.164852E-15
4630.58109799148  8.117947E-15
4633.35745290706  8.825479E-15
4636.13380782264  8.770997E-15
4638.91016273822  8.471834E-15
4641.6865176538  8.358635E-15
4644.46287256938  8.160014E-15
4647.23922748496  7.916504E-15
4650.01558240054  8.030568E-15
4652.79193731612  8.244307E-15
4655.5682922317  8.880007E-15
4658.34464714728  7.780288E-15
4661.12100206286  8.021592E-15
4663.89735697844  8.381849E-15
4666.67371189402  8.891606E-15
4669.4500668096  8.497277E-15
4672.22642172518  8.789753E-15
4675.00277664076  8.341364E-15
4677.77913155634  8.326607E-15
4680.55548647192  9.698073E-15
4683.3318413875  9.205068E-15
4686.10819630308  8.499306E-15
4688.88455121866  8.992074E-15
4691.66090613424  8.361865E-15
4694.43726104982  8.355495E-15
4697.21361596539  8.371189E-15
4699.98997088097  8.537101E-15
4702.76632579655  8.425283E-15
4705.54268071213  8.499146E-15
4708.31903562771  8.476305E-15
4711.09539054329  7.940673E-15
4713.87174545887  8.023020E-15
4716.64810037445  8.441909E-15
4719.42445529003  8.219178E-15
4722.20081020561  8.110051E-15
4724.97716512119  8.357784E-15
4727.75352003677  8.162863E-15
4730.52987495235  8.188067E-15
4733.30622986793  8.658563E-15
4736.08258478351  7.586433E-15
4738.85893969909  8.245573E-15
4741.63529461467  7.845301E-15
4744.41164953025  7.749559E-15
4747.18800444583  7.696768E-15
4749.96435936141  7.393173E-15
4752.74071427699  7.194547E-15
4755.51706919257  7.958417E-15
4758.29342410815  8.164419E-15
4761.06977902373  8.003863E-15
4763.84613393931  8.367946E-15
4766.62248885489  7.671955E-15
4769.39884377047  8.144454E-15
4772.17519868605  8.292202E-15
4774.95155360163  7.772908E-15
4777.72790851721  7.588925E-15
4780.50426343279  6.915527E-15
4783.28061834837  7.675624E-15
4786.05697326394  7.765079E-15
4788.83332817953  7.423391E-15
4791.6096830951  7.487272E-15
4794.38603801068  7.928496E-15
4797.16239292626  8.103813E-15
4799.93874784184  7.662991E-15
4802.71510275742  8.049095E-15
4805.491457673  8.116260E-15
4808.26781258858  7.226097E-15
4811.04416750416  7.666193E-15
4813.82052241974  8.209395E-15
4816.59687733532  8.145685E-15
4819.3732322509  8.076931E-15
4822.14958716648  8.488781E-15
4824.92594208206  7.681082E-15
4827.70229699764  7.965705E-15
4830.47865191322  8.506906E-15
4833.2550068288  7.821203E-15
4836.03136174438  7.972609E-15
4838.80771665996  7.988161E-15
4841.58407157554  7.819439E-15
4844.36042649112  7.908857E-15
4847.1367814067  8.032546E-15
4849.91313632228  8.412625E-15
4852.68949123786  7.846251E-15
4855.46584615344  7.484026E-15
4858.24220106902  7.831512E-15
4861.0185559846  8.026821E-15
4863.79491090018  8.055692E-15
4866.57126581576  7.703938E-15
4869.34762073134  7.242657E-15
4872.12397564692  7.605317E-15
4874.9003305625  7.381941E-15
4877.67668547807  6.719714E-15
4880.45304039366  7.081869E-15
4883.22939530923  7.244081E-15
4886.00575022481  7.489836E-15
4888.7821051404  7.544544E-15
4891.55846005597  7.357569E-15
4894.33481497155  7.416302E-15
4897.11116988713  7.804625E-15
4899.88752480271  7.733501E-15
4902.66387971829  8.215574E-15
4905.44023463387  8.134534E-15
4908.21658954945  8.184793E-15
4910.99294446503  8.068982E-15
4913.76929938061  8.010937E-15
4916.54565429619  8.066386E-15
4919.32200921177  8.264881E-15
4922.09836412735  8.349298E-15
4924.87471904293  8.230395E-15
4927.65107395851  7.015002E-15
4930.42742887409  7.386348E-15
4933.20378378967  7.223002E-15
4935.98013870525  7.265486E-15
4938.75649362083  7.830796E-15
4941.53284853641  7.906904E-15
4944.30920345199  7.737804E-15
4947.08555836757  7.771956E-15
4949.86191328315  7.481966E-15
4952.63826819873  7.645142E-15
4955.41462311431  7.935858E-15
4958.19097802989  7.972804E-15
4960.96733294547  7.737161E-15
4963.74368786104  8.043097E-15
4966.52004277663  8.305489E-15
4969.29639769221  7.730130E-15
4972.07275260778  7.673563E-15
4974.84910752337  8.420962E-15
4977.62546243894  8.090509E-15
4980.40181735452  8.187943E-15
4983.1781722701  8.046477E-15
4985.95452718569  7.450892E-15
4988.73088210126  8.303979E-15
4991.50723701684  7.649992E-15
4994.28359193242  7.448969E-15
4997.059946848  7.264685E-15
4999.83630176358  7.724710E-15
5002.61265667916  7.772609E-15
5005.38901159474  7.708213E-15
5008.16536651032  7.649462E-15
5010.9417214259  7.204124E-15
5013.71807634148  7.423115E-15
5016.49443125706  7.211050E-15
5019.27078617264  7.339693E-15
5022.04714108822  7.669733E-15
5024.8234960038  7.069510E-15
5027.59985091938  7.395423E-15
5030.37620583496  8.070134E-15
5033.15256075054  7.543745E-15
5035.92891566612  7.176022E-15
5038.7052705817  7.079650E-15
5041.48162549728  7.541976E-15
5044.25798041286  7.686046E-15
5047.03433532844  7.196720E-15
5049.81069024402  7.583928E-15
5052.5870451596  7.977244E-15
5055.36340007518  7.846159E-15
5058.13975499076  7.572022E-15
5060.91610990634  7.444058E-15
5063.69246482192  7.598662E-15
5066.4688197375  7.711100E-15
5069.24517465307  7.707518E-15
5072.02152956866  7.453672E-15
5074.79788448423  7.698727E-15
5077.57423939981  7.751619E-15
5080.3505943154  7.624038E-15
5083.12694923098  7.903040E-15
5085.90330414655  7.725693E-15
5088.67965906213  7.671710E-15
5091.45601397771  7.965190E-15
5094.23236889329  7.793955E-15
5097.00872380887  7.966809E-15
5099.78507872445  7.843852E-15
5102.56143364003  7.190231E-15
5105.33778855561  7.288265E-15
5108.11414347119  7.341876E-15
5110.89049838677  7.570913E-15
5113.66685330235  7.616057E-15
5116.44320821793  7.883042E-15
5119.21956313351  7.892396E-15
5121.99591804909  7.383939E-15
5124.77227296467  7.569321E-15
5127.54862788025  7.687525E-15
5130.32498279583  7.633074E-15
5133.10133771141  7.235636E-15
5135.87769262699  7.442250E-15
5138.65404754257  7.361504E-15
5141.43040245815  7.854699E-15
5144.20675737373  7.572477E-15
5146.98311228931  7.531449E-15
5149.75946720489  7.610847E-15
5152.53582212047  7.758244E-15
5155.31217703605  7.515879E-15
5158.08853195163  7.167878E-15
5160.86488686721  7.428975E-15
5163.64124178279  7.411449E-15
5166.41759669837  7.423675E-15
5169.19395161395  7.366604E-15
5171.97030652952  7.183101E-15
5174.74666144511  7.019384E-15
5177.52301636068  7.371190E-15
5180.29937127626  7.195990E-15
5183.07572619184  7.780835E-15
5185.85208110742  7.697677E-15
5188.628436023  7.568870E-15
5191.40479093858  7.645188E-15
5194.18114585416  7.351904E-15
5196.95750076974  6.952623E-15
5199.73385568532  7.686336E-15
5202.5102106009  7.262969E-15
5205.28656551648  7.094779E-15
5208.06292043206  7.465200E-15
5210.83927534764  7.125942E-15
5213.61563026322  7.167751E-15
5216.3919851788  7.842488E-15
5219.16834009438  7.496420E-15
5221.94469500996  7.185729E-15
5224.72104992554  7.561699E-15
5227.49740484112  7.411137E-15
5230.2737597567  7.701061E-15
5233.05011467228  7.194989E-15
5235.82646958786  7.365408E-15
5238.60282450344  7.402045E-15
5241.37917941902  7.647596E-15
5244.1555343346  7.771380E-15
5246.93188925018  7.262810E-15
5249.70824416576  7.063147E-15
5252.48459908134  7.659444E-15
5255.26095399692  7.766227E-15
5258.0373089125  7.302268E-15
5260.81366382808  6.944575E-15
5263.59001874365  7.123490E-15
5266.36637365923  7.257383E-15
5269.14272857481  7.317325E-15
5271.91908349039  7.456016E-15
5274.69543840597  7.215563E-15
5277.47179332155  7.304186E-15
5280.24814823713  7.400403E-15
5283.02450315271  7.135950E-15
5285.80085806829  7.312637E-15
5288.57721298387  7.294520E-15
5291.35356789945  7.247978E-15
5294.12992281503  7.301092E-15
5296.90627773061  7.331606E-15
5299.68263264619  6.884049E-15
5302.45898756177  6.971072E-15
5305.23534247735  7.166130E-15
5308.01169739293  7.068127E-15
5310.78805230851  7.287529E-15
5313.56440722409  7.617078E-15
5316.34076213967  7.305099E-15
5319.11711705525  6.966866E-15
5321.89347197083  7.171738E-15
5324.66982688641  7.399232E-15
5327.44618180199  7.888175E-15
5330.22253671757  7.011094E-15
5332.99889163315  6.707395E-15
5335.77524654873  7.102197E-15
5338.55160146431  7.141959E-15
5341.32795637989  7.207341E-15
5344.10431129547  6.742449E-15
5346.88066621105  7.189080E-15
5349.65702112662  7.213939E-15
5352.43337604221  6.998898E-15
5355.20973095778  7.379881E-15
5357.98608587337  6.856529E-15
5360.76244078894  6.822318E-15
5363.53879570452  6.843217E-15
5366.3151506201  7.310824E-15
5369.09150553568  7.524169E-15
5371.86786045126  7.045935E-15
5374.64421536684  7.091484E-15
5377.42057028242  7.083187E-15
5380.196925198  6.877452E-15
5382.97328011358  6.569842E-15
5385.74963502916  6.898135E-15
5388.52598994474  7.245981E-15
5391.30234486032  6.938149E-15
5394.0786997759  6.882846E-15
5396.85505469148  6.929679E-15
5399.63140960706  7.153157E-15
5402.40776452264  7.215963E-15
5405.18411943822  6.762214E-15
5407.9604743538  6.620293E-15
5410.73682926938  6.882950E-15
5413.51318418496  7.225756E-15
5416.28953910054  7.008066E-15
5419.06589401612  6.526842E-15
5421.8422489317  7.146579E-15
5424.61860384728  7.383252E-15
5427.39495876286  7.171552E-15
5430.17131367844  7.071766E-15
5432.94766859402  6.808983E-15
5435.7240235096  6.949943E-15
5438.50037842518  6.913950E-15
5441.27673334076  6.665993E-15
5444.05308825634  6.681608E-15
5446.82944317192  7.203051E-15
5449.6057980875  7.034022E-15
5452.38215300308  6.919748E-15
5455.15850791866  6.802335E-15
5457.93486283423  6.853480E-15
5460.71121774981  7.135444E-15
5463.48757266539  7.093279E-15
5466.26392758097  6.890328E-15
5469.04028249655  6.799003E-15
5471.81663741213  6.468269E-15
5474.59299232771  6.638129E-15
5477.36934724329  6.537566E-15
5480.14570215887  6.684360E-15
5482.92205707445  6.673049E-15
5485.69841199003  6.903244E-15
5488.47476690561  6.626252E-15
5491.25112182119  6.637586E-15
5494.02747673677  6.834388E-15
5496.80383165235  6.211504E-15
5499.58018656793  6.878545E-15
5502.35654148351  6.702660E-15
5505.13289639909  6.767694E-15
5507.90925131467  7.005155E-15
5510.68560623025  6.896158E-15
5513.46196114583  6.858548E-15
5516.23831606141  6.739783E-15
5519.01467097699  6.719586E-15
5521.79102589257  6.352056E-15
5524.56738080815  6.801742E-15
5527.34373572373  7.379079E-15
5530.12009063931  7.115658E-15
5532.89644555489  6.409045E-15
5535.67280047047  6.086431E-15
5538.44915538605  6.472239E-15
5541.22551030163  6.804068E-15
5544.0018652172  6.991465E-15
5546.77822013278  6.878893E-15
5549.55457504837  6.673920E-15
5552.33092996394  6.650526E-15
5555.10728487952  6.567007E-15
5557.8836397951  6.935134E-15
5560.65999471068  6.933421E-15
5563.43634962626  6.657165E-15
5566.21270454184  6.551475E-15
5568.98905945742  7.055111E-15
5571.765414373  7.073986E-15
5574.54176928858  6.427159E-15
5577.31812420416  6.364642E-15
5580.09447911974  6.495884E-15
5582.87083403532  6.416806E-15
5585.6471889509  6.942176E-15
5588.42354386648  6.766521E-15
5591.19989878206  6.528891E-15
5593.97625369764  6.615060E-15
5596.75260861322  6.542160E-15
5599.5289635288  6.468653E-15
5602.30531844438  6.516551E-15
5605.08167335996  6.623667E-15
5607.85802827554  7.017506E-15
5610.63438319112  6.549191E-15
5613.4107381067  6.439509E-15
5616.18709302228  6.519259E-15
5618.96344793786  6.476256E-15
5621.73980285344  6.449516E-15
5624.51615776902  6.271653E-15
5627.2925126846  6.154762E-15
5630.06886760018  6.086127E-15
5632.84522251576  6.399375E-15
5635.62157743134  6.143426E-15
5638.39793234691  6.541360E-15
5641.1742872625  6.970092E-15
5643.95064217807  6.732648E-15
5646.72699709365  6.861540E-15
5649.50335200923  6.349942E-15
5652.27970692482  6.349143E-15
5655.05606184039  6.353777E-15
5657.83241675597  6.563291E-15
5660.60877167155  6.334807E-15
5663.38512658713  6.463663E-15
5666.16148150271  6.731742E-15
5668.93783641829  6.502883E-15
5671.71419133387  6.503103E-15
5674.49054624945  6.423991E-15
5677.26690116503  6.516425E-15
5680.04325608061  6.467901E-15
5682.81961099619  6.047139E-15
5685.59596591177  6.722292E-15
5688.37232082735  6.710310E-15
5691.14867574293  6.399215E-15
5693.92503065851  6.323378E-15
5696.70138557409  6.119636E-15
5699.47774048967  5.920069E-15
5702.25409540525  5.952304E-15
5705.03045032083  6.219355E-15
5707.80680523641  6.155612E-15
5710.58316015199  6.067311E-15
5713.35951506757  5.896392E-15
5716.13586998315  5.745972E-15
5718.91222489873  5.737915E-15
5721.68857981431  6.293135E-15
5724.46493472989  6.444553E-15
5727.24128964546  6.263757E-15
5730.01764456105  6.355056E-15
5732.79399947663  6.142481E-15
5735.5703543922  6.170255E-15
5738.34670930778  6.278694E-15
5741.12306422336  6.516273E-15
5743.89941913894  5.850432E-15
5746.67577405452  6.011724E-15
5749.4521289701  6.276141E-15
5752.22848388568  6.440927E-15
5755.00483880126  5.957882E-15
5757.78119371684  6.283112E-15
5760.55754863242  6.248938E-15
5763.333903548  6.035501E-15
5766.11025846358  6.614603E-15
5768.88661337916  6.260588E-15
5771.66296829474  6.144347E-15
5774.43932321032  6.090963E-15
5777.2156781259  6.397278E-15
5779.99203304148  6.278377E-15
5782.76838795706  6.010614E-15
5785.54474287264  6.367581E-15
5788.32109778822  6.243579E-15
5791.0974527038  6.459610E-15
5793.87380761938  6.200550E-15
5796.65016253496  6.060140E-15
5799.42651745054  6.598083E-15
5802.20287236612  6.170893E-15
5804.9792272817  6.196867E-15
5807.75558219728  6.554575E-15
5810.53193711286  6.342726E-15
5813.30829202844  6.014597E-15
5816.08464694402  5.995736E-15
5818.8610018596  6.240873E-15
5821.63735677518  6.443833E-15
5824.41371169076  6.205905E-15
5827.19006660633  5.868993E-15
5829.96642152192  5.841502E-15
5832.74277643749  6.049070E-15
5835.51913135307  6.233455E-15
5838.29548626865  6.391754E-15
5841.07184118423  6.389369E-15
5843.84819609981  6.054249E-15
5846.62455101539  6.009671E-15
5849.40090593097  5.974009E-15
5852.17726084655  6.241747E-15
5854.95361576213  6.322452E-15
5857.72997067771  6.111561E-15
5860.50632559329  6.405056E-15
5863.28268050887  6.153796E-15
5866.05903542445  6.355486E-15
5868.83539034003  6.321223E-15
5871.61174525561  5.880830E-15
5874.38810017119  6.309038E-15
5877.16445508677  6.265684E-15
5879.94081000235  6.134272E-15
5882.71716491793  5.945907E-15
5885.49351983351  6.357607E-15
5888.26987474909  6.041476E-15
5891.04622966467  5.825224E-15
5893.82258458025  6.306860E-15
5896.59893949583  5.757391E-15
5899.37529441141  5.924687E-15
5902.15164932699  6.129706E-15
5904.92800424257  5.616601E-15
5907.70435915815  5.886494E-15
5910.48071407373  5.879594E-15
5913.25706898931  6.065190E-15
5916.03342390489  5.971629E-15
5918.80977882047  6.208566E-15
5921.58613373604  5.525576E-15
5924.36248865163  5.732312E-15
5927.1388435672  6.042895E-15
5929.91519848278  6.154578E-15
5932.69155339836  6.002108E-15
5935.46790831394  5.773085E-15
5938.24426322952  5.743186E-15
5941.0206181451  5.830663E-15
5943.79697306068  5.737790E-15
5946.57332797626  5.420672E-15
5949.34968289184  5.810434E-15
5952.12603780742  5.735626E-15
5954.902392723  5.710721E-15
5957.67874763858  5.839134E-15
5960.45510255416  5.754044E-15
5963.23145746974  5.776604E-15
5966.00781238532  6.026169E-15
5968.7841673009  5.759154E-15
5971.56052221648  5.627226E-15
5974.33687713206  6.085828E-15
5977.11323204764  6.069711E-15
5979.88958696322  5.500503E-15
5982.6659418788  5.841577E-15
5985.44229679438  6.117174E-15
5988.21865170996  5.478721E-15
5990.99500662554  5.770496E-15
5993.77136154112  5.853586E-15
5996.5477164567  5.481093E-15
5999.32407137228  5.382518E-15
6002.10042628786  5.481871E-15
6004.87678120344  5.720984E-15
6007.65313611902  5.578473E-15
6010.42949103459  5.490856E-15
6013.20584595018  5.797085E-15
6015.98220086575  5.878963E-15
6018.75855578134  5.167726E-15
6021.53491069691  5.129659E-15
6024.31126561249  5.285179E-15
6027.08762052807  5.551014E-15
6029.86397544365  5.938522E-15
6032.64033035923  5.753056E-15
6035.41668527481  5.411379E-15
6038.19304019039  5.639884E-15
6040.96939510597  5.760299E-15
6043.74575002155  5.599669E-15
6046.52210493713  5.577475E-15
6049.29845985271  5.310303E-15
6052.07481476829  5.737143E-15
6054.85116968387  5.672929E-15
6057.62752459945  5.426771E-15
6060.40387951503  5.539649E-15
6063.18023443061  5.627830E-15
6065.95658934619  5.736005E-15
6068.73294426177  5.508665E-15
6071.50929917735  5.735655E-15
6074.28565409293  5.416746E-15
6077.06200900851  5.626668E-15
6079.83836392409  5.300977E-15
6082.61471883967  5.656467E-15
6085.39107375525  5.769479E-15
6088.16742867083  5.485875E-15
6090.94378358641  5.527881E-15
6093.72013850199  5.478726E-15
6096.49649341757  5.947095E-15
6099.27284833315  5.810207E-15
6102.04920324873  5.240297E-15
6104.82555816431  5.365087E-15
6107.60191307989  5.394682E-15
6110.37826799546  5.078470E-15
6113.15462291105  5.438817E-15
6115.93097782662  5.576444E-15
6118.7073327422  5.507583E-15
6121.48368765778  5.437999E-15
6124.26004257336  5.440826E-15
6127.03639748894  5.550210E-15
6129.81275240452  5.534445E-15
6132.5891073201  5.323940E-15
6135.36546223568  5.555388E-15
6138.14181715126  5.503750E-15
6140.91817206684  5.601113E-15
6143.69452698242  5.565683E-15
6146.470881898  5.403383E-15
6149.24723681358  5.293253E-15
6152.02359172916  5.399616E-15
6154.79994664474  5.317836E-15
6157.57630156032  5.222504E-15
6160.3526564759  5.115678E-15
6163.12901139148  5.370256E-15
6165.90536630706  5.205404E-15
6168.68172122264  5.263885E-15
6171.45807613822  5.516276E-15
6174.2344310538  5.343696E-15
6177.01078596938  5.214903E-15
6179.78714088496  5.460021E-15
6182.56349580054  5.456529E-15
6185.33985071612  5.269613E-15
6188.1162056317  5.622539E-15
6190.89256054728  5.665756E-15
6193.66891546286  5.250488E-15
6196.44527037844  5.343626E-15
6199.22162529402  5.504381E-15
6201.9979802096  5.322819E-15
6204.77433512517  5.558780E-15
6207.55069004076  5.635385E-15
6210.32704495633  5.227286E-15
6213.10339987191  5.207176E-15
6215.87975478749  5.269366E-15
6218.65610970307  5.373148E-15
6221.43246461865  5.388391E-15
6224.20881953423  5.242479E-15
6226.98517444981  5.262472E-15
6229.76152936539  5.246672E-15
6232.53788428097  5.363069E-15
6235.31423919655  5.666030E-15
6238.09059411213  5.303171E-15
6240.86694902771  5.540351E-15
6243.64330394329  5.414958E-15
6246.41965885887  5.199134E-15
6249.19601377445  5.180779E-15
6251.97236869003  5.381517E-15
6254.74872360561  5.330912E-15
6257.52507852119  5.394401E-15
6260.30143343677  5.535547E-15
6263.07778835235  5.515660E-15
6265.85414326793  5.542483E-15
6268.63049818351  5.064983E-15
6271.40685309909  4.920703E-15
6274.18320801467  4.959103E-15
6276.95956293025  5.257826E-15
6279.73591784583  5.040303E-15
6282.51227276141  5.201444E-15
6285.28862767699  5.133094E-15
6288.06498259257  4.858599E-15
6290.84133750815  5.053702E-15
6293.61769242373  5.185492E-15
6296.39404733931  5.321934E-15
6299.17040225488  5.176750E-15
6301.94675717047  4.890349E-15
6304.72311208604  5.328129E-15
6307.49946700162  5.053951E-15
6310.2758219172  4.878534E-15
6313.05217683278  5.371036E-15
6315.82853174836  5.506261E-15
6318.60488666394  5.364327E-15
6321.38124157952  5.112435E-15
6324.1575964951  5.072276E-15
6326.93395141068  5.402041E-15
6329.71030632626  5.268320E-15
6332.48666124184  4.796900E-15
6335.26301615742  4.972105E-15
6338.039371073  5.027101E-15
6340.81572598858  4.847731E-15
6343.59208090416  5.075844E-15
6346.36843581974  5.437695E-15
6349.14479073532  5.278165E-15
6351.9211456509  4.850723E-15
6354.69750056648  5.134529E-15
6357.47385548206  5.250072E-15
6360.25021039764  5.127057E-15
6363.02656531322  5.198076E-15
6365.8029202288  5.047522E-15
6368.57927514438  5.012578E-15
6371.35563005996  5.511604E-15
6374.13198497554  5.160102E-15
6376.90833989111  5.117131E-15
6379.6846948067  5.386465E-15
6382.46104972228  5.390966E-15
6385.23740463786  5.510194E-15
6388.01375955344  5.152170E-15
6390.79011446902  5.003409E-15
6393.56646938459  5.289878E-15
6396.34282430017  5.298975E-15
6399.11917921575  4.924465E-15
6401.89553413133  5.068222E-15
6404.67188904691  5.117711E-15
6407.44824396249  5.156726E-15
6410.22459887807  4.886564E-15
6413.00095379365  5.098688E-15
6415.77730870923  5.312115E-15
6418.55366362481  5.672544E-15
6421.33001854039  5.440543E-15
6424.10637345597  5.096101E-15
6426.88272837155  5.146216E-15
6429.65908328713  4.912346E-15
6432.43543820271  5.194524E-15
6435.21179311829  5.086286E-15
6437.98814803387  4.836060E-15
6440.76450294945  4.876861E-15
6443.54085786503  4.958136E-15
6446.31721278061  5.077575E-15
6449.09356769619  5.253194E-15
6451.86992261177  5.036249E-15
6454.64627752735  4.868745E-15
6457.42263244293  4.673633E-15
6460.19898735851  4.700256E-15
6462.97534227409  5.298671E-15
6465.75169718967  5.048848E-15
6468.52805210525  4.703991E-15
6471.30440702083  5.037314E-15
6474.08076193641  5.151687E-15
6476.85711685199  5.172495E-15
6479.63347176757  5.240066E-15
6482.40982668315  4.950856E-15
6485.18618159872  5.062616E-15
6487.9625365143  4.999096E-15
6490.73889142988  4.554202E-15
6493.51524634546  4.983234E-15
6496.29160126104  4.919488E-15
6499.06795617662  4.663109E-15
6501.8443110922  4.966901E-15
6504.62066600778  4.981610E-15
6507.39702092336  4.899760E-15
6510.17337583894  4.684467E-15
6512.94973075452  4.765753E-15
6515.7260856701  4.960288E-15
6518.50244058568  4.918230E-15
6521.27879550126  4.880019E-15
6524.05515041684  5.046782E-15
6526.83150533242  5.018032E-15
6529.607860248  4.626877E-15
6532.38421516358  4.390237E-15
6535.16057007916  4.625287E-15
6537.93692499474  4.737495E-15
6540.71327991032  4.806598E-15
6543.4896348259  5.025592E-15
6546.26598974148  5.739641E-15
6549.04234465706  6.603683E-15
6551.81869957264  7.098346E-15
6554.59505448822  7.989310E-15
6557.3714094038  8.406097E-15
6560.14776431938  8.382052E-15
6562.92411923496  8.505104E-15
6565.70047415053  7.876451E-15
6568.47682906612  7.199980E-15
6571.25318398169  6.174185E-15
6574.02953889728  5.136922E-15
6576.80589381286  4.787438E-15
6579.58224872843  4.586379E-15
6582.35860364401  4.704564E-15
6585.13495855959  4.734754E-15
6587.91131347517  4.648602E-15
6590.68766839076  4.700762E-15
6593.46402330633  4.642412E-15
6596.24037822191  4.335555E-15
6599.01673313749  4.750973E-15
6601.79308805307  4.719907E-15
6604.56944296865  4.487908E-15
6607.34579788423  4.826952E-15
6610.12215279981  4.760659E-15
6612.89850771539  4.516586E-15
6615.67486263097  4.382062E-15
6618.45121754655  4.455388E-15
6621.22757246213  4.929122E-15
6624.00392737771  5.068160E-15
6626.78028229329  4.814429E-15
6629.55663720887  4.781000E-15
6632.33299212445  4.998077E-15
6635.10934704003  4.528824E-15
6637.88570195561  4.364134E-15
6640.66205687119  4.602015E-15
6643.43841178677  4.584944E-15
6646.21476670235  4.352965E-15
6648.99112161793  4.452106E-15
6651.76747653351  4.814784E-15
6654.54383144909  4.527722E-15
6657.32018636467  4.504042E-15
6660.09654128025  4.942645E-15
6662.87289619583  4.805633E-15
6665.64925111141  4.799323E-15
6668.42560602698  4.924433E-15
6671.20196094257  4.859844E-15
6673.97831585815  4.639626E-15
6676.75467077372  4.893286E-15
6679.5310256893  4.865898E-15
6682.30738060488  4.850723E-15
6685.08373552046  4.830782E-15
6687.86009043604  4.750054E-15
6690.63644535162  4.754711E-15
6693.4128002672  4.476172E-15
6696.18915518278  4.568508E-15
6698.96551009836  4.602240E-15
6701.74186501394  4.315739E-15
6704.51821992952  4.526480E-15
6707.2945748451  4.356867E-15
6710.07092976068  4.504991E-15
6712.84728467626  4.420342E-15
6715.62363959184  4.326913E-15
6718.39999450742  4.239956E-15
6721.176349423  4.333055E-15
6723.95270433858  4.269153E-15
6726.72905925416  4.348881E-15
6729.50541416974  4.660306E-15
6732.28176908532  4.606888E-15
6735.0581240009  4.343447E-15
6737.83447891648  4.167633E-15
6740.61083383206  4.001187E-15
6743.38718874764  4.031787E-15
6746.16354366322  4.398077E-15
6748.9398985788  4.469058E-15
6751.71625349438  4.535491E-15
6754.49260840996  4.613177E-15
6757.26896332554  4.498427E-15
6760.04531824112  4.320831E-15
6762.82167315669  4.128364E-15
6765.59802807227  4.489794E-15
6768.37438298785  4.477341E-15
6771.15073790343  4.507690E-15
6773.92709281901  4.347468E-15
6776.70344773459  4.359325E-15
6779.47980265018  4.313455E-15
6782.25615756575  4.430344E-15
6785.03251248133  4.082888E-15
6787.80886739691  4.150228E-15
6790.58522231249  4.520916E-15
6793.36157722807  4.533730E-15
6796.13793214365  4.509436E-15
6798.91428705923  4.537611E-15
6801.69064197481  4.334000E-15
6804.46699689039  4.361410E-15
6807.24335180597  4.375956E-15
6810.01970672155  4.582486E-15
6812.79606163713  4.637173E-15
6815.57241655271  4.186544E-15
6818.34877146829  4.412912E-15
6821.12512638387  4.665456E-15
6823.90148129945  4.340392E-15
6826.67783621503  4.299682E-15
6829.45419113061  4.306691E-15
6832.23054604619  4.561109E-15
6835.00690096177  4.627438E-15
6837.78325587735  4.628623E-15
6840.55961079293  4.548599E-15
6843.33596570851  4.180896E-15
6846.11232062409  4.382189E-15
6848.88867553967  4.552940E-15
6851.66503045524  4.325358E-15
6854.44138537082  4.209409E-15
6857.21774028641  4.545875E-15
6859.99409520199  4.553094E-15
6862.77045011756  4.614665E-15
6865.54680503314  4.502289E-15
6868.32315994872  4.370098E-15
6871.0995148643  4.545776E-15
6873.87586977988  4.446249E-15
6876.65222469546  4.439599E-15
6879.42857961104  4.418767E-15
6882.20493452662  4.305317E-15
6884.9812894422  4.296361E-15
6887.75764435778  4.281139E-15
6890.53399927336  4.634097E-15
6893.31035418894  4.520930E-15
6896.08670910452  4.036545E-15
6898.8630640201  4.398564E-15
6901.63941893568  4.499433E-15
6904.41577385126  4.516750E-15
6907.19212876684  4.198365E-15
6909.96848368242  4.109837E-15
6912.744838598  4.348967E-15
6915.52119351358  4.155575E-15
6918.29754842916  4.332684E-15
6921.07390334474  4.277726E-15
6923.85025826032  4.225335E-15
6926.6266131759  4.376855E-15
6929.40296809148  4.296684E-15
6932.17932300706  4.352522E-15
6934.95567792264  4.258533E-15
6937.73203283822  4.210172E-15
6940.5083877538  4.315347E-15
6943.28474266938  4.331037E-15
6946.06109758495  4.350919E-15
6948.83745250054  4.181403E-15
6951.61380741612  4.349957E-15
6954.39016233169  4.416863E-15
6957.16651724727  4.348857E-15
6959.94287216285  4.280021E-15
6962.71922707843  4.214729E-15
6965.49558199401  4.293700E-15
6968.27193690959  4.193628E-15
6971.04829182517  4.208852E-15
6973.82464674075  4.153374E-15
6976.60100165633  4.145195E-15
6979.37735657191  4.297552E-15
6982.15371148749  4.446095E-15
6984.93006640307  4.419579E-15
6987.70642131865  4.631956E-15
6990.48277623423  4.253622E-15
6993.25913114981  4.218448E-15
6996.03548606539  4.276221E-15
6998.81184098097  4.302207E-15
7001.58819589655  4.325981E-15
7004.36455081213  4.288895E-15
7007.14090572771  4.477831E-15
7009.91726064329  4.402471E-15
7012.69361555887  4.212042E-15
7015.46997047445  4.044889E-15
7018.24632539003  3.963603E-15
7021.02268030561  4.041605E-15
7023.79903522119  4.284281E-15
7026.57539013677  4.209823E-15
7029.35174505235  4.280564E-15
7032.12809996793  4.262101E-15
7034.90445488351  4.063858E-15
7037.68080979909  4.054571E-15
7040.45716471466  3.800197E-15
7043.23351963024  4.173150E-15
7046.00987454583  3.995061E-15
7048.7862294614  3.928037E-15
7051.56258437698  4.321947E-15
7054.33893929256  4.357369E-15
7057.11529420814  4.393402E-15
7059.89164912372  4.368381E-15
7062.6680040393  4.311418E-15
7065.44435895488  4.132897E-15
7068.22071387046  4.284228E-15
7070.99706878604  4.409417E-15
7073.77342370162  4.459855E-15
7076.5497786172  4.210773E-15
7079.32613353278  3.980229E-15
7082.10248844836  3.886170E-15
7084.87884336394  4.062348E-15
7087.65519827952  4.214831E-15
7090.4315531951  4.129548E-15
7093.20790811068  4.118145E-15
7095.98426302626  4.053850E-15
7098.76061794184  4.111115E-15
7101.53697285742  4.162427E-15
7104.313327773  3.911446E-15
7107.08968268858  3.797358E-15
7109.86603760416  3.821736E-15
7112.64239251974  4.141216E-15
7115.41874743532  4.032053E-15
7118.1951023509  4.209245E-15
7120.97145726648  4.197551E-15
7123.74781218206  3.894115E-15
7126.52416709764  4.009442E-15
7129.30052201322  3.906326E-15
7132.0768769288  3.879214E-15
7134.85323184437  3.692293E-15
7137.62958675996  3.956449E-15
7140.40594167553  4.282675E-15
7143.18229659112  4.075837E-15
7145.95865150669  3.774084E-15
7148.73500642227  3.861163E-15
7151.51136133785  4.088156E-15
7154.28771625343  3.806110E-15
7157.06407116901  3.777723E-15
7159.84042608459  3.880456E-15
7162.61678100017  3.870398E-15
7165.39313591575  4.131417E-15
7168.16949083133  3.991012E-15
7170.94584574691  3.950111E-15
7173.72220066249  3.996696E-15
7176.49855557807  3.535595E-15
7179.27491049365  3.870668E-15
7182.05126540923  3.710576E-15
7184.82762032481  3.522836E-15
7187.60397524039  3.463069E-15
7190.38033015597  3.463658E-15
7193.15668507155  3.730780E-15
7195.93303998713  3.862368E-15
7198.70939490271  3.690963E-15
7201.48574981829  3.726044E-15
7204.26210473387  3.583275E-15
7207.03845964945  3.464690E-15
7209.81481456503  3.490708E-15
7212.59116948061  3.792650E-15
7215.36752439619  4.016096E-15
7218.14387931177  3.813821E-15
7220.92023422735  3.761544E-15
7223.69658914293  3.990872E-15
7226.47294405851  3.712681E-15
7229.24929897409  3.415868E-15
7232.02565388966  3.478436E-15
7234.80200880524  3.598867E-15
7237.57836372083  3.901928E-15
7240.3547186364  3.709074E-15
7243.13107355198  4.026170E-15
7245.90742846756  3.442044E-15
7248.68378338314  3.649494E-15
7251.46013829872  3.924637E-15
7254.2364932143  3.909474E-15
7257.01284812988  3.707087E-15
7259.78920304546  3.645717E-15
7262.56555796104  3.745849E-15
7265.34191287662  3.689296E-15
7268.1182677922  3.697395E-15
7270.89462270778  3.727669E-15
7273.67097762336  3.873309E-15
7276.44733253894  3.672579E-15
7279.22368745452  3.517200E-15
7282.0000423701  3.871570E-15
7284.77639728568  3.745782E-15
7287.55275220126  3.235749E-15
7290.32910711684  3.561685E-15
7293.10546203242  3.770408E-15
7295.881816948  3.397531E-15
7298.65817186358  3.544564E-15
7301.43452677916  3.539042E-15
7304.21088169474  3.695961E-15
7306.98723661032  3.477462E-15
7309.7635915259  3.468347E-15
7312.53994644148  3.553940E-15
7315.31630135706  3.589717E-15
7318.09265627264  3.389887E-15
7320.86901118822  3.515568E-15
7323.6453661038  3.571788E-15
7326.42172101938  3.702207E-15
7329.19807593495  3.987504E-15
7331.97443085053  3.687588E-15
7334.75078576611  3.496969E-15
7337.52714068169  3.577373E-15
7340.30349559727  3.573583E-15
7343.07985051285  3.614009E-15
7345.85620542843  3.609645E-15
7348.63256034401  3.567764E-15
7351.40891525959  3.473633E-15
7354.18527017517  3.489133E-15
7356.96162509075  3.802492E-15
7359.73798000633  3.772825E-15
7362.51433492191  3.686762E-15
7365.29068983749  3.759968E-15
7368.06704475307  3.481622E-15
7370.84339966865  3.571392E-15
7373.61975458423  3.952282E-15
7376.39610949981  3.881623E-15
7379.17246441539  3.681823E-15
7381.94881933097  3.649704E-15
7384.72517424655  3.556444E-15
7387.50152916213  3.544834E-15
7390.27788407771  3.575790E-15
7393.05423899329  3.623897E-15
7395.83059390887  3.799890E-15
7398.60694882445  3.409317E-15
7401.38330374003  3.276628E-15
7404.15965865561  3.456276E-15
7406.93601357119  3.535533E-15
7409.71236848677  3.671313E-15
7412.48872340235  3.547234E-15
7415.26507831793  3.450727E-15
7418.04143323351  3.428611E-15
7420.81778814909  3.491869E-15
7423.59414306466  3.708670E-15
7426.37049798024  3.581000E-15
7429.14685289582  3.513441E-15
7431.9232078114  3.590315E-15
7434.69956272698  3.666539E-15
7437.47591764256  3.534642E-15
7440.25227255814  3.581625E-15
7443.02862747372  3.599559E-15
7445.8049823893  3.559672E-15
7448.58133730488  3.634461E-15
7451.35769222046  3.766252E-15
7454.13404713604  3.713739E-15
7456.91040205162  3.443633E-15
7459.6867569672  3.486804E-15
7462.46311188278  3.589401E-15
7465.23946679836  3.399819E-15
7468.01582171394  3.308854E-15
7470.79217662952  3.294706E-15
7473.5685315451  3.342146E-15
7476.34488646068  3.514905E-15
7479.12124137626  3.601133E-15
7481.89759629184  3.728256E-15
7484.67395120742  3.387531E-15
7487.450306123  3.281954E-15
7490.22666103858  3.422954E-15
7493.00301595416  3.363006E-15
7495.77937086974  3.268187E-15
7498.55572578532  3.195498E-15
7501.3320807009  3.394197E-15
7504.10843561648  3.234144E-15
7506.88479053206  3.410104E-15
7509.66114544764  3.576199E-15
7512.43750036321  3.351072E-15
7515.2138552788  3.477335E-15
7517.99021019437  3.617923E-15
7520.76656510995  3.455050E-15
7523.54292002553  3.591127E-15
7526.31927494111  3.840551E-15
7529.09562985669  3.692787E-15
7531.87198477227  3.375420E-15
7534.64833968785  3.352671E-15
7537.42469460343  3.641683E-15
7540.20104951901  3.693704E-15
7542.97740443459  3.640209E-15
7545.75375935017  3.618446E-15
7548.53011426575  3.576008E-15
7551.30646918133  3.366579E-15
7554.08282409691  3.614133E-15
7556.85917901249  3.400211E-15
7559.63553392807  3.423945E-15
7562.41188884365  3.699852E-15
7565.18824375923  3.640517E-15
7567.96459867481  3.335118E-15
7570.74095359039  3.307022E-15
7573.51730850597  3.515664E-15
7576.29366342155  3.498398E-15
7579.07001833713  3.164977E-15
7581.84637325271  3.208189E-15
7584.62272816829  3.378473E-15
7587.39908308387  3.244690E-15
7590.17543799945  3.563136E-15
7592.95179291503  3.742402E-15
7595.72814783061  3.628327E-15
7598.50450274619  3.226334E-15
7601.28085766177  3.121268E-15
7604.05721257735  2.796278E-15
7606.83356749292  3.165675E-15
7609.60992240851  3.191373E-15
7612.38627732408  3.132653E-15
7615.16263223967  3.178927E-15
7617.93898715524  3.058227E-15
7620.71534207082  3.082752E-15
7623.4916969864  3.063931E-15
7626.26805190198  3.102311E-15
7629.04440681756  3.164903E-15
7631.82076173314  3.013612E-15
7634.59711664872  2.986856E-15
7637.3734715643  3.149177E-15
7640.14982647988  3.238781E-15
7642.92618139546  3.186485E-15
7645.70253631104  3.098809E-15
7648.47889122662  3.089853E-15
7651.2552461422  3.002827E-15
7654.03160105778  3.095876E-15
7656.80795597336  3.085235E-15
7659.58431088894  3.063644E-15
7662.36066580452  3.078819E-15
7665.1370207201  2.707741E-15
7667.91337563568  3.082388E-15
7670.68973055126  3.088297E-15
7673.46608546684  3.231878E-15
7676.24244038242  3.154154E-15
7679.018795298  2.851718E-15
7681.79515021358  2.927711E-15
7684.57150512916  3.149141E-15
7687.34786004474  3.132593E-15
7690.12421496032  3.179983E-15
7692.9005698759  3.298223E-15
7695.67692479148  3.105679E-15
7698.45327970706  3.020753E-15
7701.22963462264  3.154008E-15
7704.00598953821  3.033995E-15
7706.78234445379  3.134497E-15
7709.55869936937  2.789888E-15
7712.33505428495  2.610574E-15
7715.11140920053  2.866560E-15
7717.88776411611  2.916312E-15
7720.66411903169  2.874076E-15
7723.44047394727  2.946518E-15
7726.21682886285  3.288801E-15
7728.99318377843  2.924220E-15
7731.76953869401  2.979332E-15
7734.54589360959  3.178432E-15
7737.32224852517  2.930682E-15
7740.09860344075  2.928229E-15
7742.87495835633  2.923727E-15
7745.65131327191  2.776016E-15
7748.42766818749  3.046839E-15
7751.20402310307  3.280906E-15
7753.98037801865  3.047792E-15
7756.75673293423  3.042300E-15
7759.53308784981  3.235718E-15
7762.30944276539  3.055834E-15
7765.08579768097  3.183570E-15
7767.86215259655  3.103092E-15
7770.63850751213  3.024403E-15
7773.41486242771  2.997586E-15
7776.19121734329  2.720674E-15
7778.96757225887  2.775917E-15
7781.74392717445  3.031184E-15
7784.52028209003  3.303013E-15
7787.29663700561  3.134492E-15
7790.07299192119  3.077113E-15
7792.84934683677  2.957027E-15
7795.62570175234  2.855686E-15
7798.40205666793  3.028666E-15
7801.1784115835  3.029155E-15
7803.95476649909  3.068404E-15
7806.73112141466  3.264176E-15
7809.50747633024  3.218749E-15
7812.28383124582  3.151425E-15
7815.0601861614  3.056526E-15
7817.83654107698  3.122502E-15
7820.61289599256  3.115621E-15
7823.38925090814  3.016156E-15
7826.16560582372  3.063343E-15
7828.9419607393  3.079012E-15
7831.71831565488  3.146298E-15
7834.49467057046  3.135642E-15
7837.27102548604  2.944708E-15
7840.04738040162  2.821945E-15
7842.8237353172  2.953859E-15
7845.60009023278  2.976477E-15
7848.37644514836  2.951100E-15
7851.15280006394  3.118783E-15
7853.92915497952  3.100279E-15
7856.7055098951  2.962845E-15
7859.48186481068  2.994685E-15
7862.25821972626  3.055363E-15
7865.03457464184  3.098311E-15
7867.81092955742  2.856542E-15
7870.587284473  2.754281E-15
7873.36363938858  2.815477E-15
7876.13999430416  2.950256E-15
7878.91634921974  2.966196E-15
7881.69270413532  2.705063E-15
7884.4690590509  2.778878E-15
7887.24541396648  2.959129E-15
7890.02176888206  2.821199E-15
7892.79812379764  2.858791E-15
7895.57447871321  2.794511E-15
7898.3508336288  2.715724E-15
7901.12718854437  2.819048E-15
7903.90354345995  2.970676E-15
7906.67989837553  2.854584E-15
7909.45625329111  2.817273E-15
7912.23260820669  3.024357E-15
7915.00896312227  2.908258E-15
7917.78531803785  2.901272E-15
7920.56167295343  2.967783E-15
7923.33802786901  2.725704E-15
7926.11438278459  2.933618E-15
7928.89073770017  2.893394E-15
7931.66709261575  2.821668E-15
7934.44344753133  2.876842E-15
7937.21980244691  3.035159E-15
7939.99615736249  2.844198E-15
7942.77251227807  3.175531E-15
7945.54886719365  2.729630E-15
7948.32522210923  2.954763E-15
7951.10157702481  3.066036E-15
7953.87793194039  2.911183E-15
7956.65428685597  2.983904E-15
7959.43064177155  2.934025E-15
7962.20699668713  2.913795E-15
7964.98335160271  2.697420E-15
7967.75970651829  2.423137E-15
7970.53606143387  2.601823E-15
7973.31241634945  2.646074E-15
7976.08877126503  2.677144E-15
7978.86512618061  2.731520E-15
7981.64148109619  2.576071E-15
7984.41783601176  2.663544E-15
7987.19419092735  3.017311E-15
7989.97054584292  2.778282E-15
7992.74690075851  3.150488E-15
7995.52325567408  3.071363E-15
7998.29961058966  2.838658E-15
8001.07596550524  2.776772E-15
8003.85232042082  2.643060E-15
8006.6286753364  2.853125E-15
8009.40503025198  2.782302E-15
8012.18138516756  2.792159E-15
8014.95774008314  2.819243E-15
8017.73409499872  2.519391E-15
8020.5104499143  2.715590E-15
8023.28680482988  2.909011E-15
8026.06315974546  3.013903E-15
8028.83951466104  2.806536E-15
8031.61586957662  2.720117E-15
8034.3922244922  2.957088E-15
8037.16857940778  2.956391E-15
8039.94493432336  2.671053E-15
8042.72128923894  3.024012E-15
8045.49764415452  2.818501E-15
8048.2739990701  2.794369E-15
8051.05035398568  2.777666E-15
8053.82670890126  2.638451E-15
8056.60306381684  2.718531E-15
8059.37941873242  2.949296E-15
8062.155773648  2.879964E-15
8064.93212856357  2.885715E-15
8067.70848347916  2.931242E-15
8070.48483839474  2.700203E-15
8073.26119331031  2.646172E-15
8076.03754822589  2.759428E-15
8078.81390314148  2.807190E-15
8081.59025805706  2.587881E-15
8084.36661297263  2.800915E-15
8087.14296788822  3.197623E-15
8089.91932280379  2.993865E-15
8092.69567771937  2.837035E-15
8095.47203263495  2.709479E-15
8098.24838755053  2.710776E-15
8101.02474246611  2.813603E-15
8103.80109738169  2.703440E-15
8106.57745229727  2.672363E-15
8109.35380721285  2.727893E-15
8112.13016212843  2.759804E-15
8114.90651704401  2.675836E-15
8117.68287195959  2.502494E-15
8120.45922687517  2.638933E-15
8123.23558179075  2.902898E-15
8126.01193670633  2.733562E-15
8128.78829162191  2.642799E-15
8131.56464653749  2.737393E-15
8134.34100145307  2.526726E-15
8137.11735636865  2.856171E-15
8139.89371128423  2.671097E-15
8142.67006619981  2.822980E-15
8145.44642111539  2.801394E-15
8148.22277603097  2.429400E-15
8150.99913094655  2.592024E-15
8153.77548586213  2.625607E-15
8156.55184077771  2.489984E-15
8159.32819569329  2.427057E-15
8162.10455060886  2.608323E-15
8164.88090552445  2.850678E-15
8167.65726044003  2.600611E-15
8170.43361535561  2.300187E-15
8173.20997027118  2.506124E-15
8175.98632518676  2.597010E-15
8178.76268010234  2.498277E-15
8181.53903501792  2.582202E-15
8184.3153899335  2.545237E-15
8187.09174484908  2.610661E-15
8189.86809976466  2.459426E-15
8192.64445468024  2.616002E-15
8195.42080959582  2.562864E-15
8198.1971645114  2.548549E-15
8200.97351942698  2.454002E-15
8203.74987434256  2.599526E-15
8206.52622925814  2.645697E-15
8209.30258417372  2.607655E-15
8212.0789390893  2.791024E-15
8214.85529400488  2.786324E-15
8217.63164892046  2.655165E-15
8220.40800383604  2.627882E-15
8223.18435875162  2.619969E-15
8225.9607136672  2.289158E-15
8228.73706858278  2.177019E-15
8231.51342349836  2.574094E-15
8234.28977841394  2.687038E-15
8237.06613332952  2.801175E-15
8239.8424882451  2.409190E-15
8242.61884316068  2.683594E-15
8245.39519807626  2.726950E-15
8248.17155299184  2.983640E-15
8250.94790790742  3.052432E-15
8253.724262823  2.618300E-15
8256.50061773858  2.675163E-15
8259.27697265415  2.766740E-15
8262.05332756974  2.607567E-15
8264.82968248532  2.631113E-15
8267.60603740089  2.742008E-15
8270.38239231647  2.870752E-15
8273.15874723205  2.762791E-15
8275.93510214764  2.532426E-15
8278.71145706321  2.527305E-15
8281.48781197879  2.609266E-15
8284.26416689437  2.564307E-15
8287.04052180995  2.522272E-15
8289.81687672553  2.725457E-15
8292.59323164111  2.455359E-15
8295.36958655669  2.379786E-15
8298.14594147227  2.568417E-15
8300.92229638785  2.801666E-15
8303.69865130343  2.599743E-15
8306.47500621901  2.935144E-15
8309.25136113459  2.600624E-15
8312.02771605017  2.338330E-15
8314.80407096575  2.243530E-15
8317.58042588133  2.577010E-15
8320.35678079691  2.790074E-15
8323.13313571249  2.739681E-15
8325.90949062807  2.685449E-15
8328.68584554365  2.630772E-15
8331.46220045923  2.730671E-15
8334.23855537481  2.656105E-15
8337.01491029039  2.299256E-15
8339.79126520597  2.591507E-15
8342.56762012155  3.151626E-15
8345.34397503712  2.741131E-15
8348.12032995271  2.649892E-15
8350.89668486829  2.486897E-15
8353.67303978387  2.822331E-15
8356.44939469944  3.020205E-15
8359.22574961502  2.870699E-15
8362.00210453061  3.045236E-15
8364.77845944619  3.064986E-15
8367.55481436176  2.755560E-15
8370.33116927734  2.645856E-15
8373.10752419292  2.613335E-15
8375.8838791085  2.735189E-15
8378.66023402408  2.779841E-15
8381.43658893966  2.467820E-15
8384.21294385524  2.563641E-15
8386.98929877082  2.854613E-15
8389.7656536864  2.589287E-15
8392.54200860198  2.642343E-15
8395.31836351756  2.881475E-15
8398.09471843314  2.716530E-15
8400.87107334872  2.722380E-15
8403.6474282643  2.947575E-15
8406.42378317988  2.573153E-15
8409.20013809546  2.670338E-15
8411.97649301104  2.765055E-15
8414.75284792662  2.546172E-15
8417.5292028422  2.668184E-15
8420.30555775778  2.823454E-15
8423.08191267336  2.860487E-15
8425.85826758894  2.694489E-15
8428.63462250452  2.557191E-15
8431.4109774201  2.597073E-15
8434.18733233568  2.615425E-15
8436.96368725126  2.725621E-15
8439.74004216684  2.869337E-15
8442.51639708242  2.558884E-15
8445.292751998  2.385185E-15
8448.06910691358  2.934275E-15
8450.84546182916  2.800563E-15
8453.62181674473  2.605110E-15
8456.39817166031  2.298383E-15
8459.1745265759  2.392504E-15
8461.95088149147  2.701440E-15
8464.72723640705  2.811798E-15
8467.50359132263  2.463395E-15
8470.27994623821  2.465963E-15
8473.05630115379  2.332992E-15
8475.83265606937  2.448579E-15
8478.60901098495  2.413106E-15
8481.38536590053  2.277732E-15
8484.16172081611  2.290526E-15
8486.93807573169  2.333347E-15
8489.71443064727  2.503007E-15
8492.49078556285  2.621519E-15
8495.26714047843  2.555285E-15
8498.04349539401  2.466712E-15
8500.81985030959  2.594699E-15
8503.59620522517  2.282155E-15
8506.37256014075  2.282038E-15
8509.14891505633  2.544153E-15
8511.92526997191  2.414878E-15
8514.70162488749  2.719004E-15
8517.47797980307  2.598001E-15
8520.25433471865  2.401619E-15
8523.03068963423  2.692714E-15
8525.80704454981  2.421972E-15
8528.58339946539  2.451655E-15
8531.35975438097  2.622776E-15
8534.13610929655  2.616401E-15
8536.91246421213  2.512182E-15
8539.6888191277  2.362009E-15
8542.46517404328  2.410529E-15
8545.24152895887  2.364234E-15
8548.01788387445  2.265803E-15
8550.79423879002  2.495384E-15
8553.5705937056  2.732766E-15
8556.34694862118  2.346284E-15
8559.12330353676  2.056289E-15
8561.89965845234  2.408532E-15
8564.67601336792  2.507536E-15
8567.4523682835  2.283871E-15
8570.22872319908  2.531989E-15
8573.00507811466  2.315726E-15
8575.78143303024  2.293181E-15
8578.55778794582  2.571409E-15
8581.3341428614  2.438913E-15
8584.11049777698  2.295379E-15
8586.88685269256  2.130098E-15
8589.66320760814  2.144644E-15
8592.43956252372  2.577009E-15
8595.2159174393  2.676362E-15
8597.99227235488  2.358188E-15
8600.76862727046  2.276778E-15
8603.54498218604  2.246952E-15
8606.32133710162  2.184048E-15
8609.0976920172  2.676416E-15
8611.87404693278  2.579896E-15
8614.65040184836  2.290926E-15
8617.42675676394  2.714050E-15
8620.20311167952  2.591478E-15
8622.97946659509  2.573525E-15
8625.75582151068  2.410466E-15
8628.53217642626  2.405757E-15
8631.30853134184  2.385570E-15
8634.08488625742  2.492442E-15
8636.861241173  2.697527E-15
8639.63759608857  2.554696E-15
8642.41395100416  2.353403E-15
8645.19030591974  2.240352E-15
8647.96666083531  2.268940E-15
8650.74301575089  2.519028E-15
8653.51937066647  2.543469E-15
8656.29572558205  2.513096E-15
8659.07208049763  2.553978E-15
8661.84843541321  2.539954E-15
8664.62479032879  2.590455E-15
8667.40114524437  2.611760E-15
8670.17750015995  2.324176E-15
8672.95385507553  2.120379E-15
8675.73020999111  2.193804E-15
8678.50656490669  2.414783E-15
8681.28291982227  2.418824E-15
8684.05927473785  2.504684E-15
8686.83562965343  2.450809E-15
8689.61198456901  2.421640E-15
8692.38833948459  2.259435E-15
8695.16469440017  2.056610E-15
8697.94104931575  2.169777E-15
8700.71740423133  2.421166E-15
8703.49375914691  2.354423E-15
8706.27011406249  2.311562E-15
8709.04646897807  2.628258E-15
8711.82282389365  2.372468E-15
8714.59917880923  2.147178E-15
8717.37553372481  2.176045E-15
8720.15188864039  2.103517E-15
8722.92824355597  2.192597E-15
8725.70459847155  2.389352E-15
8728.48095338713  2.421416E-15
8731.25730830271  2.318484E-15
8734.03366321828  2.362867E-15
8736.81001813386  2.066693E-15
8739.58637304945  2.230511E-15
8742.36272796502  2.354346E-15
8745.1390828806  2.137789E-15
8747.91543779618  2.100396E-15
8750.69179271176  2.169882E-15
8753.46814762734  2.176894E-15
8756.24450254292  2.264356E-15
8759.0208574585  2.544742E-15
8761.79721237408  2.459476E-15
8764.57356728966  1.987036E-15
8767.34992220524  2.259054E-15
8770.12627712082  2.339358E-15
8772.9026320364  2.322961E-15
8775.67898695198  2.243811E-15
8778.45534186756  2.067808E-15
8781.23169678314  1.991396E-15
8784.00805169872  2.033737E-15
8786.7844066143  2.132567E-15
8789.56076152988  2.290460E-15
8792.33711644546  2.329498E-15
8795.11347136104  2.173666E-15
8797.88982627662  2.145266E-15
8800.6661811922  1.990142E-15
8803.44253610778  2.236581E-15
8806.21889102336  2.442030E-15
8808.99524593894  2.280763E-15
8811.77160085452  2.193964E-15
8814.5479557701  1.839244E-15
8817.32431068567  1.780994E-15
8820.10066560126  1.945886E-15
8822.87702051683  1.884038E-15
8825.65337543242  1.849566E-15
8828.429730348  2.058352E-15
8831.20608526358  2.051123E-15
