3861.5307863759  1.258946E-14
3864.30714129148  1.307378E-14
3867.08349620706  1.412683E-14
3869.85985112264  1.186678E-14
3872.63620603822  1.075288E-14
3875.4125609538  1.224352E-14
3878.18891586938  1.118257E-14
3880.96527078496  9.259018E-15
3883.74162570054  9.097534E-15
3886.51798061612  1.150961E-14
3889.2943355317  9.623895E-15
3892.07069044728  9.867772E-15
3894.84704536286  9.185833E-15
3897.62340027844  9.671091E-15
3900.39975519402  1.118302E-14
3903.1761101096  9.935694E-15
3905.95246502518  9.546218E-15
3908.72881994076  1.148285E-14
3911.50517485634  1.048987E-14
3914.28152977192  1.073801E-14
3917.0578846875  1.228302E-14
3919.83423960308  9.668091E-15
3922.61059451866  9.872515E-15
3925.38694943424  1.016482E-14
3928.16330434982  1.022130E-14
3930.9396592654  9.689944E-15
3933.71601418098  9.658051E-15
3936.49236909656  9.515105E-15
3939.26872401214  9.977199E-15
3942.04507892772  9.655742E-15
3944.82143384329  9.648006E-15
3947.59778875887  1.048593E-14
3950.37414367445  9.116328E-15
3953.15049859003  8.836431E-15
3955.92685350561  8.131482E-15
3958.70320842119  7.974282E-15
3961.47956333677  8.737409E-15
3964.25591825235  7.345370E-15
3967.03227316793  7.534840E-15
3969.80862808351  7.794717E-15
3972.58498299909  7.917699E-15
3975.36133791467  8.213041E-15
3978.13769283025  8.007535E-15
3980.91404774583  8.700318E-15
3983.69040266141  8.439151E-15
3986.46675757699  7.618746E-15
3989.24311249257  7.964506E-15
3992.01946740815  1.071202E-14
3994.79582232373  9.094237E-15
3997.57217723931  8.234036E-15
4000.34853215489  1.077373E-14
4003.12488707047  7.817015E-15
4005.90124198605  9.125753E-15
4008.67759690163  8.398463E-15
4011.45395181721  9.432115E-15
4014.23030673279  9.417441E-15
4017.00666164837  9.330905E-15
4019.78301656395  9.149460E-15
4022.55937147953  1.003656E-14
4025.33572639511  1.025082E-14
4028.11208131069  9.428801E-15
4030.88843622627  9.403058E-15
4033.66479114185  8.446567E-15
4036.44114605743  1.029083E-14
4039.21750097301  9.862277E-15
4041.99385588858  8.912724E-15
4044.77021080416  1.075607E-14
4047.54656571974  9.419658E-15
4050.32292063532  8.812624E-15
4053.0992755509  9.230464E-15
4055.87563046648  8.567510E-15
4058.65198538206  9.198827E-15
4061.42834029764  8.484195E-15
4064.20469521322  9.143493E-15
4066.9810501288  9.132036E-15
4069.75740504438  9.042614E-15
4072.53375995996  9.419621E-15
4075.31011487554  8.633786E-15
4078.08646979112  9.168384E-15
4080.8628247067  1.051933E-14
4083.63917962228  8.918467E-15
4086.41553453786  9.866630E-15
4089.19188945344  9.474185E-15
4091.96824436902  7.943771E-15
4094.7445992846  7.963978E-15
4097.52095420018  8.011122E-15
4100.29730911576  9.432780E-15
4103.07366403134  8.599041E-15
4105.85001894692  8.553038E-15
4108.6263738625  8.268495E-15
4111.40272877808  8.301523E-15
4114.17908369366  7.834730E-15
4116.95543860924  8.348718E-15
4119.73179352482  7.676559E-15
4122.5081484404  9.012135E-15
4125.28450335598  8.728304E-15
4128.06085827156  8.702655E-15
4130.83721318714  9.918710E-15
4133.61356810271  9.528995E-15
4136.38992301829  9.397814E-15
4139.16627793387  9.970239E-15
4141.94263284945  9.716233E-15
4144.71898776503  8.749073E-15
4147.49534268061  8.983781E-15
4150.27169759619  9.590208E-15
4153.04805251177  1.005324E-14
4155.82440742735  9.193875E-15
4158.60076234293  9.454554E-15
4161.37711725851  9.523650E-15
4164.15347217409  9.898552E-15
4166.92982708967  9.259433E-15
4169.70618200525  8.653851E-15
4172.48253692083  9.463425E-15
4175.25889183641  9.274657E-15
4178.03524675199  9.407715E-15
4180.81160166757  9.441457E-15
4183.58795658315  8.939238E-15
4186.36431149873  9.805092E-15
4189.14066641431  8.758296E-15
4191.91702132989  8.463303E-15
4194.69337624547  9.480819E-15
4197.46973116105  9.698133E-15
4200.24608607663  9.619743E-15
4203.02244099221  9.577209E-15
4205.79879590779  9.032778E-15
4208.57515082337  1.054766E-14
4211.35150573895  9.733422E-15
4214.12786065453  9.063605E-15
4216.90421557011  9.582379E-15
4219.68057048569  9.753441E-15
4222.45692540127  9.580453E-15
4225.23328031684  1.000017E-14
4228.00963523242  9.715766E-15
4230.785990148  9.225356E-15
4233.56234506358  8.495660E-15
4236.33869997916  9.482581E-15
4239.11505489474  9.423532E-15
4241.89140981032  8.637885E-15
4244.6677647259  9.267387E-15
4247.44411964148  9.196738E-15
4250.22047455706  1.018359E-14
4252.99682947264  9.994539E-15
4255.77318438822  9.806622E-15
4258.5495393038  8.378093E-15
4261.32589421938  8.589294E-15
4264.10224913496  9.509349E-15
4266.87860405054  9.898447E-15
4269.65495896612  9.827340E-15
4272.4313138817  9.516658E-15
4275.20766879728  9.866214E-15
4277.98402371286  9.261533E-15
4280.76037862844  9.549654E-15
4283.53673354402  9.720205E-15
4286.3130884596  8.641600E-15
4289.08944337518  8.980789E-15
4291.86579829076  9.310591E-15
4294.64215320634  9.478670E-15
4297.41850812192  8.906353E-15
4300.1948630375  9.282761E-15
4302.97121795308  9.565085E-15
4305.74757286866  9.239224E-15
4308.52392778424  8.793052E-15
4311.30028269982  9.115037E-15
4314.0766376154  9.536477E-15
4316.85299253098  8.885350E-15
4319.62934744656  8.067968E-15
4322.40570236213  8.303926E-15
4325.18205727771  8.391008E-15
4327.95841219329  8.529205E-15
4330.73476710887  8.822305E-15
4333.51112202445  8.801698E-15
4336.28747694003  8.175560E-15
4339.06383185561  7.843249E-15
4341.84018677119  7.945217E-15
4344.61654168677  7.681321E-15
4347.39289660235  8.240680E-15
4350.16925151793  7.310951E-15
4352.94560643351  7.152858E-15
4355.72196134909  7.713169E-15
4358.49831626467  7.816656E-15
4361.27467118025  7.332023E-15
4364.05102609583  8.601318E-15
4366.82738101141  9.027221E-15
4369.60373592699  9.467489E-15
4372.38009084257  8.010200E-15
4375.15644575815  8.400902E-15
4377.93280067373  8.870257E-15
4380.70915558931  9.065937E-15
4383.48551050489  8.899002E-15
4386.26186542047  9.541011E-15
4389.03822033605  9.001544E-15
4391.81457525163  8.766847E-15
4394.59093016721  8.828718E-15
4397.36728508279  9.021715E-15
4400.14363999837  8.618405E-15
4402.91999491395  8.681587E-15
4405.69634982953  8.853464E-15
4408.47270474511  8.469248E-15
4411.24905966069  8.548708E-15
4414.02541457626  8.976001E-15
4416.80176949185  9.071145E-15
4419.57812440742  9.558626E-15
4422.354479323  9.313029E-15
4425.13083423858  9.331407E-15
4427.90718915416  9.260189E-15
4430.68354406974  8.682785E-15
4433.45989898532  8.221044E-15
4436.2362539009  9.062312E-15
4439.01260881648  9.625238E-15
4441.78896373206  8.780552E-15
4444.56531864764  9.200227E-15
4447.34167356322  9.171460E-15
4450.1180284788  8.647348E-15
4452.89438339438  8.919220E-15
4455.67073830996  8.555657E-15
4458.44709322554  8.739448E-15
4461.22344814112  8.847213E-15
4463.9998030567  8.753891E-15
4466.77615797228  8.422931E-15
4469.55251288786  8.174119E-15
4472.32886780344  8.736590E-15
4475.10522271902  8.198154E-15
4477.8815776346  8.259982E-15
4480.65793255018  8.490624E-15
4483.43428746576  7.933685E-15
4486.21064238134  8.350827E-15
4488.98699729692  8.125410E-15
4491.7633522125  8.749009E-15
4494.53970712808  8.957830E-15
4497.31606204366  8.740818E-15
4500.09241695924  9.569636E-15
4502.86877187482  8.922465E-15
4505.64512679039  8.744957E-15
4508.42148170598  8.449249E-15
4511.19783662155  8.591075E-15
4513.97419153713  9.107034E-15
4516.75054645271  8.908907E-15
4519.52690136829  8.643689E-15
4522.30325628387  8.597466E-15
4525.07961119945  9.079824E-15
4527.85596611503  7.923014E-15
4530.63232103061  8.336124E-15
4533.40867594619  8.927199E-15
4536.18503086177  9.609349E-15
4538.96138577735  8.722082E-15
4541.73774069293  8.771668E-15
4544.51409560851  9.441116E-15
4547.29045052409  8.892531E-15
4550.06680543967  8.473790E-15
4552.84316035525  8.542203E-15
4555.61951527083  8.673268E-15
4558.39587018641  9.078807E-15
4561.17222510199  9.228626E-15
4563.94858001757  8.901177E-15
4566.72493493315  8.273423E-15
4569.50128984873  8.653920E-15
4572.27764476431  8.463254E-15
4575.05399967989  9.525616E-15
4577.83035459547  8.711600E-15
4580.60670951105  8.978493E-15
4583.38306442663  8.781385E-15
4586.15941934221  8.652374E-15
4588.93577425779  8.602496E-15
4591.71212917337  9.097028E-15
4594.48848408895  8.871854E-15
4597.26483900453  8.148728E-15
4600.0411939201  8.097550E-15
4602.81754883568  8.636094E-15
4605.59390375127  8.831280E-15
4608.37025866684  8.629531E-15
4611.14661358242  8.687949E-15
4613.922968498  8.619744E-15
4616.69932341358  9.175554E-15
4619.47567832916  8.948833E-15
4622.25203324474  8.947251E-15
4625.02838816032  9.023335E-15
4627.8047430759  8.643460E-15
4630.58109799148  9.198253E-15
4633.35745290706  9.878909E-15
4636.13380782264  9.312679E-15
4638.91016273822  8.560710E-15
4641.6865176538  8.745696E-15
4644.46287256938  8.859336E-15
4647.23922748496  8.672461E-15
4650.01558240054  8.426896E-15
4652.79193731612  8.414311E-15
4655.5682922317  8.291994E-15
4658.34464714728  8.993956E-15
4661.12100206286  9.241564E-15
4663.89735697844  9.146656E-15
4666.67371189402  8.930844E-15
4669.4500668096  8.562865E-15
4672.22642172518  8.739293E-15
4675.00277664076  9.416379E-15
4677.77913155634  9.894281E-15
4680.55548647192  9.007240E-15
4683.3318413875  8.578305E-15
4686.10819630308  9.682080E-15
4688.88455121866  8.898977E-15
4691.66090613424  8.452321E-15
4694.43726104982  9.352999E-15
4697.21361596539  8.294646E-15
4699.98997088097  8.552477E-15
4702.76632579655  8.967052E-15
4705.54268071213  9.099008E-15
4708.31903562771  8.898408E-15
4711.09539054329  8.886154E-15
4713.87174545887  8.489584E-15
4716.64810037445  8.241878E-15
4719.42445529003  8.518388E-15
4722.20081020561  8.840348E-15
4724.97716512119  8.250472E-15
4727.75352003677  8.553800E-15
4730.52987495235  7.981474E-15
4733.30622986793  8.380768E-15
4736.08258478351  8.858980E-15
4738.85893969909  8.888016E-15
4741.63529461467  8.278285E-15
4744.41164953025  8.213053E-15
4747.18800444583  8.482996E-15
4749.96435936141  8.848922E-15
4752.74071427699  8.358966E-15
4755.51706919257  8.408798E-15
4758.29342410815  8.702351E-15
4761.06977902373  7.997467E-15
4763.84613393931  8.631398E-15
4766.62248885489  8.419594E-15
4769.39884377047  8.889779E-15
4772.17519868605  8.237868E-15
4774.95155360163  8.147443E-15
4777.72790851721  8.917897E-15
4780.50426343279  9.206947E-15
4783.28061834837  9.173934E-15
4786.05697326394  8.370329E-15
4788.83332817953  8.216082E-15
4791.6096830951  8.365700E-15
4794.38603801068  8.147147E-15
4797.16239292626  8.610040E-15
4799.93874784184  8.566592E-15
4802.71510275742  8.706963E-15
4805.491457673  8.426269E-15
4808.26781258858  8.247496E-15
4811.04416750416  8.429680E-15
4813.82052241974  8.189946E-15
4816.59687733532  8.359549E-15
4819.3732322509  8.030052E-15
4822.14958716648  8.339821E-15
4824.92594208206  8.904988E-15
4827.70229699764  8.157926E-15
4830.47865191322  8.656338E-15
4833.2550068288  8.643569E-15
4836.03136174438  8.500379E-15
4838.80771665996  7.898596E-15
4841.58407157554  8.126764E-15
4844.36042649112  8.472660E-15
4847.1367814067  8.179246E-15
4849.91313632228  7.993350E-15
4852.68949123786  8.813930E-15
4855.46584615344  8.595068E-15
4858.24220106902  7.480634E-15
4861.0185559846  7.736774E-15
4863.79491090018  8.533986E-15
4866.57126581576  8.053342E-15
4869.34762073134  7.912989E-15
4872.12397564692  7.831871E-15
4874.9003305625  7.553053E-15
4877.67668547807  7.916771E-15
4880.45304039366  8.307130E-15
4883.22939530923  7.781413E-15
4886.00575022481  7.655539E-15
4888.7821051404  7.784555E-15
4891.55846005597  8.128791E-15
4894.33481497155  8.169179E-15
4897.11116988713  7.891595E-15
4899.88752480271  8.416962E-15
4902.66387971829  8.866896E-15
4905.44023463387  8.260727E-15
4908.21658954945  8.216685E-15
4910.99294446503  8.366240E-15
4913.76929938061  8.518997E-15
4916.54565429619  8.456631E-15
4919.32200921177  8.612742E-15
4922.09836412735  8.234572E-15
4924.87471904293  8.223748E-15
4927.65107395851  8.032128E-15
4930.42742887409  8.837463E-15
4933.20378378967  8.853206E-15
4935.98013870525  7.592181E-15
4938.75649362083  8.186879E-15
4941.53284853641  8.110983E-15
4944.30920345199  8.109471E-15
4947.08555836757  8.397076E-15
4949.86191328315  8.285490E-15
4952.63826819873  8.506238E-15
4955.41462311431  8.523141E-15
4958.19097802989  8.020167E-15
4960.96733294547  7.772607E-15
4963.74368786104  7.500927E-15
4966.52004277663  7.858959E-15
4969.29639769221  8.349317E-15
4972.07275260778  8.167691E-15
4974.84910752337  8.449422E-15
4977.62546243894  7.775501E-15
4980.40181735452  7.887645E-15
4983.1781722701  7.854585E-15
4985.95452718569  7.739072E-15
4988.73088210126  8.013099E-15
4991.50723701684  7.696979E-15
4994.28359193242  7.852571E-15
4997.059946848  8.354781E-15
4999.83630176358  8.122934E-15
5002.61265667916  8.292474E-15
5005.38901159474  7.720007E-15
5008.16536651032  7.731580E-15
5010.9417214259  7.798687E-15
5013.71807634148  7.805809E-15
5016.49443125706  7.895184E-15
5019.27078617264  7.963784E-15
5022.04714108822  7.711416E-15
5024.8234960038  7.699301E-15
5027.59985091938  7.339076E-15
5030.37620583496  7.583317E-15
5033.15256075054  7.782779E-15
5035.92891566612  7.351617E-15
5038.7052705817  7.717658E-15
5041.48162549728  7.945249E-15
5044.25798041286  7.772465E-15
5047.03433532844  8.352384E-15
5049.81069024402  7.650090E-15
5052.5870451596  8.171170E-15
5055.36340007518  8.087562E-15
5058.13975499076  7.812399E-15
5060.91610990634  8.345013E-15
5063.69246482192  7.766434E-15
5066.4688197375  7.384901E-15
5069.24517465307  7.637661E-15
5072.02152956866  7.959976E-15
5074.79788448423  8.142362E-15
5077.57423939981  8.118320E-15
5080.3505943154  8.191200E-15
5083.12694923098  7.913880E-15
5085.90330414655  8.524222E-15
5088.67965906213  8.098612E-15
5091.45601397771  7.766650E-15
5094.23236889329  8.002758E-15
5097.00872380887  7.916699E-15
5099.78507872445  8.048227E-15
5102.56143364003  8.258936E-15
5105.33778855561  8.569370E-15
5108.11414347119  8.293076E-15
5110.89049838677  7.522616E-15
5113.66685330235  7.832744E-15
5116.44320821793  7.438188E-15
5119.21956313351  8.257861E-15
5121.99591804909  8.269080E-15
5124.77227296467  7.866192E-15
5127.54862788025  8.059275E-15
5130.32498279583  8.152977E-15
5133.10133771141  7.528770E-15
5135.87769262699  8.103592E-15
5138.65404754257  8.179248E-15
5141.43040245815  7.379165E-15
5144.20675737373  7.505927E-15
5146.98311228931  7.455792E-15
5149.75946720489  8.347691E-15
5152.53582212047  7.859903E-15
5155.31217703605  7.716437E-15
5158.08853195163  7.825214E-15
5160.86488686721  7.459846E-15
5163.64124178279  7.223505E-15
5166.41759669837  7.600353E-15
5169.19395161395  7.901423E-15
5171.97030652952  7.818863E-15
5174.74666144511  7.601364E-15
5177.52301636068  7.167988E-15
5180.29937127626  7.634889E-15
5183.07572619184  7.884971E-15
5185.85208110742  7.565802E-15
5188.628436023  7.779540E-15
5191.40479093858  7.947354E-15
5194.18114585416  7.653062E-15
5196.95750076974  7.653166E-15
5199.73385568532  7.752444E-15
5202.5102106009  7.433505E-15
5205.28656551648  7.519585E-15
5208.06292043206  7.810498E-15
5210.83927534764  7.751257E-15
5213.61563026322  7.630973E-15
5216.3919851788  7.697905E-15
5219.16834009438  7.704641E-15
5221.94469500996  7.690442E-15
5224.72104992554  7.984305E-15
5227.49740484112  7.777038E-15
5230.2737597567  7.690142E-15
5233.05011467228  7.933289E-15
5235.82646958786  8.142129E-15
5238.60282450344  8.047108E-15
5241.37917941902  7.976303E-15
5244.1555343346  7.778182E-15
5246.93188925018  7.928827E-15
5249.70824416576  7.874905E-15
5252.48459908134  7.589084E-15
5255.26095399692  7.465914E-15
5258.0373089125  7.708648E-15
5260.81366382808  7.686958E-15
5263.59001874365  7.524531E-15
5266.36637365923  7.596182E-15
5269.14272857481  7.852984E-15
5271.91908349039  7.511837E-15
5274.69543840597  7.363526E-15
5277.47179332155  7.578612E-15
5280.24814823713  7.346421E-15
5283.02450315271  7.154787E-15
5285.80085806829  7.445437E-15
5288.57721298387  7.521681E-15
5291.35356789945  7.441000E-15
5294.12992281503  7.503373E-15
5296.90627773061  7.466528E-15
5299.68263264619  7.390708E-15
5302.45898756177  7.487648E-15
5305.23534247735  7.467071E-15
5308.01169739293  7.667969E-15
5310.78805230851  7.442912E-15
5313.56440722409  7.150230E-15
5316.34076213967  7.107808E-15
5319.11711705525  7.580326E-15
5321.89347197083  7.741903E-15
5324.66982688641  7.348489E-15
5327.44618180199  7.483336E-15
5330.22253671757  7.494568E-15
5332.99889163315  7.135242E-15
5335.77524654873  7.705819E-15
5338.55160146431  7.531509E-15
5341.32795637989  7.494713E-15
5344.10431129547  7.324701E-15
5346.88066621105  7.515972E-15
5349.65702112662  7.536609E-15
5352.43337604221  6.764367E-15
5355.20973095778  6.979590E-15
5357.98608587337  7.248216E-15
5360.76244078894  7.564343E-15
5363.53879570452  7.192044E-15
5366.3151506201  7.061148E-15
5369.09150553568  7.188327E-15
5371.86786045126  7.151054E-15
5374.64421536684  6.838340E-15
5377.42057028242  6.910653E-15
5380.196925198  7.504992E-15
5382.97328011358  7.224336E-15
5385.74963502916  6.972090E-15
5388.52598994474  7.292550E-15
5391.30234486032  7.424766E-15
5394.0786997759  7.140198E-15
5396.85505469148  6.940972E-15
5399.63140960706  6.950494E-15
5402.40776452264  7.315933E-15
5405.18411943822  7.176804E-15
5407.9604743538  7.122065E-15
5410.73682926938  7.564727E-15
5413.51318418496  7.132100E-15
5416.28953910054  7.041938E-15
5419.06589401612  7.182429E-15
5421.8422489317  7.459459E-15
5424.61860384728  7.536232E-15
5427.39495876286  7.020709E-15
5430.17131367844  6.794956E-15
5432.94766859402  6.873388E-15
5435.7240235096  6.743394E-15
5438.50037842518  7.066422E-15
5441.27673334076  7.023978E-15
5444.05308825634  6.772274E-15
5446.82944317192  7.532674E-15
5449.6057980875  7.532368E-15
5452.38215300308  6.646915E-15
5455.15850791866  7.020680E-15
5457.93486283423  7.179001E-15
5460.71121774981  6.738325E-15
5463.48757266539  6.937478E-15
5466.26392758097  7.384638E-15
5469.04028249655  6.816049E-15
5471.81663741213  6.658637E-15
5474.59299232771  6.723813E-15
5477.36934724329  6.898192E-15
5480.14570215887  6.835373E-15
5482.92205707445  6.833465E-15
5485.69841199003  6.323077E-15
5488.47476690561  6.954378E-15
5491.25112182119  7.413361E-15
5494.02747673677  6.917605E-15
5496.80383165235  6.693178E-15
5499.58018656793  6.934954E-15
5502.35654148351  7.158414E-15
5505.13289639909  7.088967E-15
5507.90925131467  7.111151E-15
5510.68560623025  7.153297E-15
5513.46196114583  7.186606E-15
5516.23831606141  7.563913E-15
5519.01467097699  7.083027E-15
5521.79102589257  6.882599E-15
5524.56738080815  6.932321E-15
5527.34373572373  6.662208E-15
5530.12009063931  6.474976E-15
5532.89644555489  6.415300E-15
5535.67280047047  6.580556E-15
5538.44915538605  6.790497E-15
5541.22551030163  6.912314E-15
5544.0018652172  7.161962E-15
5546.77822013278  7.036667E-15
5549.55457504837  6.436619E-15
5552.33092996394  6.772829E-15
5555.10728487952  6.879665E-15
5557.8836397951  6.721868E-15
5560.65999471068  6.580648E-15
5563.43634962626  6.767622E-15
5566.21270454184  7.299765E-15
5568.98905945742  7.285032E-15
5571.765414373  6.851277E-15
5574.54176928858  6.593332E-15
5577.31812420416  6.946063E-15
5580.09447911974  6.922051E-15
5582.87083403532  6.452200E-15
5585.6471889509  6.415385E-15
5588.42354386648  6.810939E-15
5591.19989878206  6.786618E-15
5593.97625369764  6.392663E-15
5596.75260861322  6.507509E-15
5599.5289635288  7.098171E-15
5602.30531844438  6.817310E-15
5605.08167335996  6.603195E-15
5607.85802827554  6.860446E-15
5610.63438319112  6.767804E-15
5613.4107381067  6.607040E-15
5616.18709302228  6.507565E-15
5618.96344793786  6.331925E-15
5621.73980285344  6.381820E-15
5624.51615776902  6.539734E-15
5627.2925126846  6.377154E-15
5630.06886760018  6.603506E-15
5632.84522251576  7.025184E-15
5635.62157743134  6.610843E-15
5638.39793234691  6.561778E-15
5641.1742872625  6.548292E-15
5643.95064217807  6.490450E-15
5646.72699709365  6.623135E-15
5649.50335200923  6.512812E-15
5652.27970692482  6.126120E-15
5655.05606184039  6.217432E-15
5657.83241675597  6.630983E-15
5660.60877167155  6.604071E-15
5663.38512658713  6.237940E-15
5666.16148150271  6.335394E-15
5668.93783641829  6.302740E-15
5671.71419133387  6.446235E-15
5674.49054624945  6.072716E-15
5677.26690116503  6.405885E-15
5680.04325608061  6.744383E-15
5682.81961099619  6.773195E-15
5685.59596591177  6.497370E-15
5688.37232082735  6.180614E-15
5691.14867574293  6.467781E-15
5693.92503065851  6.796873E-15
5696.70138557409  7.066393E-15
5699.47774048967  6.452071E-15
5702.25409540525  6.189652E-15
5705.03045032083  6.285590E-15
5707.80680523641  5.943246E-15
5710.58316015199  6.131763E-15
5713.35951506757  6.351539E-15
5716.13586998315  6.490489E-15
5718.91222489873  6.393163E-15
5721.68857981431  6.192088E-15
5724.46493472989  6.267597E-15
5727.24128964546  6.923018E-15
5730.01764456105  6.531347E-15
5732.79399947663  6.026287E-15
5735.5703543922  6.330859E-15
5738.34670930778  6.172431E-15
5741.12306422336  6.337017E-15
5743.89941913894  6.485881E-15
5746.67577405452  6.215876E-15
5749.4521289701  6.193316E-15
5752.22848388568  6.481282E-15
5755.00483880126  6.388034E-15
5757.78119371684  6.157036E-15
5760.55754863242  6.343320E-15
5763.333903548  6.161158E-15
5766.11025846358  6.387110E-15
5768.88661337916  6.510080E-15
5771.66296829474  6.546820E-15
5774.43932321032  6.587264E-15
5777.2156781259  6.460959E-15
5779.99203304148  6.366741E-15
5782.76838795706  6.262837E-15
5785.54474287264  6.066310E-15
5788.32109778822  6.217357E-15
5791.0974527038  6.025476E-15
5793.87380761938  6.216150E-15
5796.65016253496  6.391150E-15
5799.42651745054  6.315075E-15
5802.20287236612  6.005104E-15
5804.9792272817  6.111875E-15
5807.75558219728  6.339086E-15
5810.53193711286  6.174052E-15
5813.30829202844  6.226368E-15
5816.08464694402  6.219214E-15
5818.8610018596  6.001102E-15
5821.63735677518  6.309636E-15
5824.41371169076  6.225988E-15
5827.19006660633  6.515976E-15
5829.96642152192  6.128425E-15
5832.74277643749  6.024401E-15
5835.51913135307  6.347533E-15
5838.29548626865  5.907888E-15
5841.07184118423  6.178504E-15
5843.84819609981  5.900672E-15
5846.62455101539  6.323008E-15
5849.40090593097  6.753566E-15
5852.17726084655  6.278809E-15
5854.95361576213  6.217091E-15
5857.72997067771  6.634609E-15
5860.50632559329  6.680451E-15
5863.28268050887  6.424413E-15
5866.05903542445  5.833335E-15
5868.83539034003  6.174992E-15
5871.61174525561  6.238265E-15
5874.38810017119  6.219010E-15
5877.16445508677  6.403850E-15
5879.94081000235  6.598450E-15
5882.71716491793  6.240064E-15
5885.49351983351  6.147384E-15
5888.26987474909  6.031632E-15
5891.04622966467  6.374750E-15
5893.82258458025  6.499704E-15
5896.59893949583  6.287037E-15
5899.37529441141  6.078848E-15
5902.15164932699  6.025849E-15
5904.92800424257  5.746371E-15
5907.70435915815  5.708714E-15
5910.48071407373  5.913952E-15
5913.25706898931  6.079582E-15
5916.03342390489  6.012777E-15
5918.80977882047  5.709507E-15
5921.58613373604  5.830566E-15
5924.36248865163  5.976656E-15
5927.1388435672  5.702075E-15
5929.91519848278  5.692553E-15
5932.69155339836  5.830241E-15
5935.46790831394  5.891424E-15
5938.24426322952  5.798486E-15
5941.0206181451  5.871339E-15
5943.79697306068  5.651467E-15
5946.57332797626  5.714677E-15
5949.34968289184  5.785863E-15
5952.12603780742  5.684760E-15
5954.902392723  5.701207E-15
5957.67874763858  6.047420E-15
5960.45510255416  6.157819E-15
5963.23145746974  6.154020E-15
5966.00781238532  6.106633E-15
5968.7841673009  5.763883E-15
5971.56052221648  6.139410E-15
5974.33687713206  6.153175E-15
5977.11323204764  5.625391E-15
5979.88958696322  5.873436E-15
5982.6659418788  5.964221E-15
5985.44229679438  5.754700E-15
5988.21865170996  5.909543E-15
5990.99500662554  6.022552E-15
5993.77136154112  6.140978E-15
5996.5477164567  5.899540E-15
5999.32407137228  5.489803E-15
6002.10042628786  5.807507E-15
6004.87678120344  5.944163E-15
6007.65313611902  5.816909E-15
6010.42949103459  5.590927E-15
6013.20584595018  5.603488E-15
6015.98220086575  5.812640E-15
6018.75855578134  5.635800E-15
6021.53491069691  5.762188E-15
6024.31126561249  5.657350E-15
6027.08762052807  5.870758E-15
6029.86397544365  5.802698E-15
6032.64033035923  5.571550E-15
6035.41668527481  5.707782E-15
6038.19304019039  5.841267E-15
6040.96939510597  6.068456E-15
6043.74575002155  5.990936E-15
6046.52210493713  5.804790E-15
6049.29845985271  5.574240E-15
6052.07481476829  5.770630E-15
6054.85116968387  5.931521E-15
6057.62752459945  5.924594E-15
6060.40387951503  5.640651E-15
6063.18023443061  5.624646E-15
6065.95658934619  5.482731E-15
6068.73294426177  5.941320E-15
6071.50929917735  5.700915E-15
6074.28565409293  5.485489E-15
6077.06200900851  5.596570E-15
6079.83836392409  5.267036E-15
6082.61471883967  5.545604E-15
6085.39107375525  5.454825E-15
6088.16742867083  5.899793E-15
6090.94378358641  5.630623E-15
6093.72013850199  5.336583E-15
6096.49649341757  5.404529E-15
6099.27284833315  5.402889E-15
6102.04920324873  5.424262E-15
6104.82555816431  5.515769E-15
6107.60191307989  5.569050E-15
6110.37826799546  5.666945E-15
6113.15462291105  5.316551E-15
6115.93097782662  5.354215E-15
6118.7073327422  5.727558E-15
6121.48368765778  5.525835E-15
6124.26004257336  5.639306E-15
6127.03639748894  5.740339E-15
6129.81275240452  5.654036E-15
6132.5891073201  5.605878E-15
6135.36546223568  5.277074E-15
6138.14181715126  5.689694E-15
6140.91817206684  5.805283E-15
6143.69452698242  5.736803E-15
6146.470881898  5.864590E-15
6149.24723681358  5.688533E-15
6152.02359172916  5.215084E-15
6154.79994664474  5.079094E-15
6157.57630156032  5.449893E-15
6160.3526564759  5.831366E-15
6163.12901139148  5.235146E-15
6165.90536630706  5.299501E-15
6168.68172122264  5.580240E-15
6171.45807613822  5.875975E-15
6174.2344310538  5.808767E-15
6177.01078596938  5.580082E-15
6179.78714088496  5.499461E-15
6182.56349580054  5.261649E-15
6185.33985071612  5.446618E-15
6188.1162056317  5.771101E-15
6190.89256054728  5.432923E-15
6193.66891546286  5.425897E-15
6196.44527037844  5.608707E-15
6199.22162529402  5.534075E-15
6201.9979802096  5.575753E-15
6204.77433512517  5.247510E-15
6207.55069004076  5.244212E-15
6210.32704495633  5.379702E-15
6213.10339987191  5.409314E-15
6215.87975478749  5.645428E-15
6218.65610970307  5.509732E-15
6221.43246461865  5.648121E-15
6224.20881953423  5.622739E-15
6226.98517444981  5.683773E-15
6229.76152936539  5.646485E-15
6232.53788428097  5.589841E-15
6235.31423919655  5.411992E-15
6238.09059411213  5.292225E-15
6240.86694902771  5.304632E-15
6243.64330394329  5.539738E-15
6246.41965885887  5.420034E-15
6249.19601377445  5.471860E-15
6251.97236869003  5.101211E-15
6254.74872360561  5.573774E-15
6257.52507852119  5.431709E-15
6260.30143343677  5.464721E-15
6263.07778835235  5.415935E-15
6265.85414326793  5.253802E-15
6268.63049818351  5.123676E-15
6271.40685309909  5.115574E-15
6274.18320801467  5.425495E-15
6276.95956293025  5.206083E-15
6279.73591784583  4.974987E-15
6282.51227276141  5.053770E-15
6285.28862767699  5.350074E-15
6288.06498259257  5.447164E-15
6290.84133750815  5.692720E-15
6293.61769242373  5.089472E-15
6296.39404733931  4.736305E-15
6299.17040225488  4.982143E-15
6301.94675717047  5.097800E-15
6304.72311208604  5.314656E-15
6307.49946700162  4.966104E-15
6310.2758219172  5.196540E-15
6313.05217683278  5.318592E-15
6315.82853174836  5.068657E-15
6318.60488666394  5.327130E-15
6321.38124157952  5.266499E-15
6324.1575964951  5.033691E-15
6326.93395141068  5.223282E-15
6329.71030632626  5.258945E-15
6332.48666124184  5.046266E-15
6335.26301615742  5.212922E-15
6338.039371073  5.234928E-15
6340.81572598858  5.071173E-15
6343.59208090416  5.341433E-15
6346.36843581974  5.545580E-15
6349.14479073532  5.171374E-15
6351.9211456509  5.136661E-15
6354.69750056648  5.493225E-15
6357.47385548206  5.223365E-15
6360.25021039764  5.033200E-15
6363.02656531322  4.949311E-15
6365.8029202288  5.338681E-15
6368.57927514438  5.542975E-15
6371.35563005996  5.210812E-15
6374.13198497554  4.825570E-15
6376.90833989111  5.117340E-15
6379.6846948067  5.131693E-15
6382.46104972228  5.121354E-15
6385.23740463786  5.073789E-15
6388.01375955344  4.765700E-15
6390.79011446902  5.139412E-15
6393.56646938459  5.334755E-15
6396.34282430017  5.226189E-15
6399.11917921575  5.205686E-15
6401.89553413133  4.987200E-15
6404.67188904691  4.913390E-15
6407.44824396249  5.272321E-15
6410.22459887807  4.991735E-15
6413.00095379365  5.076150E-15
6415.77730870923  5.533608E-15
6418.55366362481  4.946232E-15
6421.33001854039  5.109190E-15
6424.10637345597  5.140711E-15
6426.88272837155  4.803780E-15
6429.65908328713  4.704373E-15
6432.43543820271  5.154474E-15
6435.21179311829  5.168357E-15
6437.98814803387  5.196246E-15
6440.76450294945  5.044970E-15
6443.54085786503  4.804225E-15
6446.31721278061  4.941623E-15
6449.09356769619  4.833965E-15
6451.86992261177  4.998908E-15
6454.64627752735  5.358961E-15
6457.42263244293  5.417680E-15
6460.19898735851  4.981974E-15
6462.97534227409  4.781585E-15
6465.75169718967  4.992895E-15
6468.52805210525  4.603334E-15
6471.30440702083  4.956495E-15
6474.08076193641  5.020254E-15
6476.85711685199  4.562889E-15
6479.63347176757  4.880409E-15
6482.40982668315  4.758000E-15
6485.18618159872  4.864459E-15
6487.9625365143  4.731332E-15
6490.73889142988  4.984699E-15
6493.51524634546  5.320367E-15
6496.29160126104  5.015472E-15
6499.06795617662  4.974966E-15
6501.8443110922  4.987772E-15
6504.62066600778  4.896746E-15
6507.39702092336  5.225378E-15
6510.17337583894  4.820048E-15
6512.94973075452  4.567888E-15
6515.7260856701  4.867621E-15
6518.50244058568  4.962875E-15
6521.27879550126  4.690150E-15
6524.05515041684  5.061145E-15
6526.83150533242  4.980371E-15
6529.607860248  4.630348E-15
6532.38421516358  4.654702E-15
6535.16057007916  4.989947E-15
6537.93692499474  4.773356E-15
6540.71327991032  4.986773E-15
6543.4896348259  5.274535E-15
6546.26598974148  5.723371E-15
6549.04234465706  6.668840E-15
6551.81869957264  7.234331E-15
6554.59505448822  7.616268E-15
6557.3714094038  8.341120E-15
6560.14776431938  8.286580E-15
6562.92411923496  7.898335E-15
6565.70047415053  7.875371E-15
6568.47682906612  7.029680E-15
6571.25318398169  6.541508E-15
6574.02953889728  6.160698E-15
6576.80589381286  5.049060E-15
6579.58224872843  4.799074E-15
6582.35860364401  4.657088E-15
6585.13495855959  4.513190E-15
6587.91131347517  4.654247E-15
6590.68766839076  4.758161E-15
6593.46402330633  4.677495E-15
6596.24037822191  4.893840E-15
6599.01673313749  4.637570E-15
6601.79308805307  4.679989E-15
6604.56944296865  4.720578E-15
6607.34579788423  4.601421E-15
6610.12215279981  4.860567E-15
6612.89850771539  4.539277E-15
6615.67486263097  4.357897E-15
6618.45121754655  4.546116E-15
6621.22757246213  4.678413E-15
6624.00392737771  4.618881E-15
6626.78028229329  4.604360E-15
6629.55663720887  4.772804E-15
6632.33299212445  4.859049E-15
6635.10934704003  4.746892E-15
6637.88570195561  4.612785E-15
6640.66205687119  4.660058E-15
6643.43841178677  4.690556E-15
6646.21476670235  4.518413E-15
6648.99112161793  4.808154E-15
6651.76747653351  4.899929E-15
6654.54383144909  4.444639E-15
6657.32018636467  4.759531E-15
6660.09654128025  4.732678E-15
6662.87289619583  4.287196E-15
6665.64925111141  4.693790E-15
6668.42560602698  4.596749E-15
6671.20196094257  4.792600E-15
6673.97831585815  5.133716E-15
6676.75467077372  4.770415E-15
6679.5310256893  4.795102E-15
6682.30738060488  4.638278E-15
6685.08373552046  4.933925E-15
6687.86009043604  4.598966E-15
6690.63644535162  4.451065E-15
6693.4128002672  4.650087E-15
6696.18915518278  4.647580E-15
6698.96551009836  4.524872E-15
6701.74186501394  4.783701E-15
6704.51821992952  4.635960E-15
6707.2945748451  4.669604E-15
6710.07092976068  4.257050E-15
6712.84728467626  4.553907E-15
6715.62363959184  4.330872E-15
6718.39999450742  4.325738E-15
6721.176349423  4.570834E-15
6723.95270433858  4.486983E-15
6726.72905925416  4.450229E-15
6729.50541416974  4.495522E-15
6732.28176908532  4.278425E-15
6735.0581240009  4.257793E-15
6737.83447891648  4.420445E-15
6740.61083383206  4.183513E-15
6743.38718874764  4.528953E-15
6746.16354366322  4.837893E-15
6748.9398985788  4.450301E-15
6751.71625349438  4.620373E-15
6754.49260840996  4.407161E-15
6757.26896332554  4.471708E-15
6760.04531824112  4.607446E-15
6762.82167315669  4.599988E-15
6765.59802807227  4.418416E-15
6768.37438298785  4.586384E-15
6771.15073790343  4.308250E-15
6773.92709281901  4.489851E-15
6776.70344773459  4.437858E-15
6779.47980265018  4.686643E-15
6782.25615756575  4.190184E-15
6785.03251248133  4.573272E-15
6787.80886739691  4.676760E-15
6790.58522231249  4.398447E-15
6793.36157722807  4.237317E-15
6796.13793214365  4.520739E-15
6798.91428705923  4.433998E-15
6801.69064197481  4.363160E-15
6804.46699689039  4.469220E-15
6807.24335180597  4.632630E-15
6810.01970672155  4.614209E-15
6812.79606163713  4.424479E-15
6815.57241655271  4.475454E-15
6818.34877146829  4.651393E-15
6821.12512638387  4.572277E-15
6823.90148129945  4.347785E-15
6826.67783621503  4.609992E-15
6829.45419113061  4.561981E-15
6832.23054604619  4.232701E-15
6835.00690096177  4.421625E-15
6837.78325587735  4.450504E-15
6840.55961079293  4.414262E-15
6843.33596570851  4.544238E-15
6846.11232062409  4.311423E-15
6848.88867553967  4.407546E-15
6851.66503045524  4.446126E-15
6854.44138537082  4.072706E-15
6857.21774028641  4.430681E-15
6859.99409520199  4.536458E-15
6862.77045011756  4.297717E-15
6865.54680503314  4.465800E-15
6868.32315994872  4.308801E-15
6871.0995148643  4.566467E-15
6873.87586977988  4.343943E-15
6876.65222469546  4.452940E-15
6879.42857961104  4.425352E-15
6882.20493452662  4.271507E-15
6884.9812894422  4.361778E-15
6887.75764435778  4.328179E-15
6890.53399927336  4.351945E-15
6893.31035418894  4.305313E-15
6896.08670910452  4.306466E-15
6898.8630640201  4.464979E-15
6901.63941893568  4.554267E-15
6904.41577385126  4.452731E-15
6907.19212876684  4.231837E-15
6909.96848368242  4.430986E-15
6912.744838598  4.575396E-15
6915.52119351358  4.159221E-15
6918.29754842916  4.205436E-15
6921.07390334474  4.313428E-15
6923.85025826032  4.243777E-15
6926.6266131759  4.399686E-15
6929.40296809148  4.356324E-15
6932.17932300706  4.475743E-15
6934.95567792264  4.313417E-15
6937.73203283822  4.063171E-15
6940.5083877538  3.936799E-15
6943.28474266938  4.341490E-15
6946.06109758495  4.401566E-15
6948.83745250054  4.431432E-15
6951.61380741612  4.688404E-15
6954.39016233169  4.362679E-15
6957.16651724727  4.073512E-15
6959.94287216285  4.196756E-15
6962.71922707843  4.234509E-15
6965.49558199401  4.175183E-15
6968.27193690959  4.036674E-15
6971.04829182517  4.279020E-15
6973.82464674075  4.606541E-15
6976.60100165633  4.255629E-15
6979.37735657191  4.055570E-15
6982.15371148749  4.165587E-15
6984.93006640307  4.447364E-15
6987.70642131865  4.447047E-15
6990.48277623423  4.057682E-15
6993.25913114981  3.821464E-15
6996.03548606539  4.089608E-15
6998.81184098097  4.033914E-15
7001.58819589655  3.934688E-15
7004.36455081213  4.281576E-15
7007.14090572771  4.352378E-15
7009.91726064329  4.147846E-15
7012.69361555887  4.251446E-15
7015.46997047445  4.269071E-15
7018.24632539003  4.230216E-15
7021.02268030561  4.269669E-15
7023.79903522119  4.410982E-15
7026.57539013677  4.420949E-15
7029.35174505235  4.246632E-15
7032.12809996793  4.277880E-15
7034.90445488351  4.261081E-15
7037.68080979909  4.154574E-15
7040.45716471466  4.259124E-15
7043.23351963024  4.094242E-15
7046.00987454583  4.011516E-15
7048.7862294614  4.250293E-15
7051.56258437698  4.220835E-15
7054.33893929256  4.301956E-15
7057.11529420814  4.312471E-15
7059.89164912372  4.475403E-15
7062.6680040393  4.235626E-15
7065.44435895488  4.242297E-15
7068.22071387046  4.289254E-15
7070.99706878604  4.287278E-15
7073.77342370162  4.207303E-15
7076.5497786172  4.162613E-15
7079.32613353278  4.288478E-15
7082.10248844836  4.188679E-15
7084.87884336394  4.217400E-15
7087.65519827952  3.942156E-15
7090.4315531951  4.037266E-15
7093.20790811068  4.186042E-15
7095.98426302626  4.064288E-15
7098.76061794184  4.169482E-15
7101.53697285742  3.944101E-15
7104.313327773  3.841654E-15
7107.08968268858  4.239681E-15
7109.86603760416  4.371456E-15
7112.64239251974  4.227384E-15
7115.41874743532  4.181801E-15
7118.1951023509  4.158919E-15
7120.97145726648  3.767998E-15
7123.74781218206  3.980763E-15
7126.52416709764  4.021012E-15
7129.30052201322  4.156076E-15
7132.0768769288  4.054653E-15
7134.85323184437  3.958608E-15
7137.62958675996  4.204137E-15
7140.40594167553  4.134545E-15
7143.18229659112  4.167001E-15
7145.95865150669  3.843085E-15
7148.73500642227  3.987480E-15
7151.51136133785  4.082865E-15
7154.28771625343  4.027031E-15
7157.06407116901  3.816035E-15
7159.84042608459  3.725031E-15
7162.61678100017  4.004815E-15
7165.39313591575  3.933459E-15
7168.16949083133  3.642584E-15
7170.94584574691  3.559689E-15
7173.72220066249  3.613716E-15
7176.49855557807  3.649732E-15
7179.27491049365  3.705399E-15
7182.05126540923  3.974865E-15
7184.82762032481  3.718039E-15
7187.60397524039  3.500065E-15
7190.38033015597  3.496717E-15
7193.15668507155  3.610284E-15
7195.93303998713  3.856236E-15
7198.70939490271  3.600823E-15
7201.48574981829  3.867151E-15
7204.26210473387  3.754363E-15
7207.03845964945  3.676984E-15
7209.81481456503  3.813227E-15
7212.59116948061  3.839672E-15
7215.36752439619  3.800814E-15
7218.14387931177  3.835429E-15
7220.92023422735  3.868491E-15
7223.69658914293  4.040505E-15
7226.47294405851  4.041108E-15
7229.24929897409  3.615477E-15
7232.02565388966  3.460803E-15
7234.80200880524  3.737635E-15
7237.57836372083  3.938056E-15
7240.3547186364  3.976392E-15
7243.13107355198  4.026202E-15
7245.90742846756  3.812305E-15
7248.68378338314  3.730142E-15
7251.46013829872  3.718950E-15
7254.2364932143  3.678313E-15
7257.01284812988  3.623489E-15
7259.78920304546  4.126264E-15
7262.56555796104  3.473414E-15
7265.34191287662  3.592352E-15
7268.1182677922  4.046240E-15
7270.89462270778  3.801028E-15
7273.67097762336  3.639873E-15
7276.44733253894  3.554359E-15
7279.22368745452  3.804085E-15
7282.0000423701  3.941825E-15
7284.77639728568  3.784063E-15
7287.55275220126  3.766685E-15
7290.32910711684  3.660929E-15
7293.10546203242  3.555626E-15
7295.881816948  3.616688E-15
7298.65817186358  3.507150E-15
7301.43452677916  3.263728E-15
7304.21088169474  3.373460E-15
7306.98723661032  3.540700E-15
7309.7635915259  3.416840E-15
7312.53994644148  3.624944E-15
7315.31630135706  3.624421E-15
7318.09265627264  3.417921E-15
7320.86901118822  3.293646E-15
7323.6453661038  3.742485E-15
7326.42172101938  3.887430E-15
7329.19807593495  3.557121E-15
7331.97443085053  3.725883E-15
7334.75078576611  3.593330E-15
7337.52714068169  3.620116E-15
7340.30349559727  3.665963E-15
7343.07985051285  3.673476E-15
7345.85620542843  3.740810E-15
7348.63256034401  3.910730E-15
7351.40891525959  3.750168E-15
7354.18527017517  3.376405E-15
7356.96162509075  3.667720E-15
7359.73798000633  3.822900E-15
7362.51433492191  3.913649E-15
7365.29068983749  3.462918E-15
7368.06704475307  3.769804E-15
7370.84339966865  3.741157E-15
7373.61975458423  3.298346E-15
7376.39610949981  3.697441E-15
7379.17246441539  3.726207E-15
7381.94881933097  3.491380E-15
7384.72517424655  3.379990E-15
7387.50152916213  3.547959E-15
7390.27788407771  3.567862E-15
7393.05423899329  3.563963E-15
7395.83059390887  3.519322E-15
7398.60694882445  3.414837E-15
7401.38330374003  3.346963E-15
7404.15965865561  3.451929E-15
7406.93601357119  3.494062E-15
7409.71236848677  3.391777E-15
7412.48872340235  3.409375E-15
7415.26507831793  3.450229E-15
7418.04143323351  3.444774E-15
7420.81778814909  3.447256E-15
7423.59414306466  3.510485E-15
7426.37049798024  3.388885E-15
7429.14685289582  3.391161E-15
7431.9232078114  3.760261E-15
7434.69956272698  3.112845E-15
7437.47591764256  3.306896E-15
7440.25227255814  3.400890E-15
7443.02862747372  3.634593E-15
7445.8049823893  3.605961E-15
7448.58133730488  3.240264E-15
7451.35769222046  3.463048E-15
7454.13404713604  3.426290E-15
7456.91040205162  3.461407E-15
7459.6867569672  3.308421E-15
7462.46311188278  3.192080E-15
7465.23946679836  3.541289E-15
7468.01582171394  3.665540E-15
7470.79217662952  3.523024E-15
7473.5685315451  3.377528E-15
7476.34488646068  3.617593E-15
7479.12124137626  3.893258E-15
7481.89759629184  3.368459E-15
7484.67395120742  3.129893E-15
7487.450306123  3.288032E-15
7490.22666103858  3.357224E-15
7493.00301595416  3.483619E-15
7495.77937086974  3.419811E-15
7498.55572578532  3.289039E-15
7501.3320807009  3.318960E-15
7504.10843561648  3.310833E-15
7506.88479053206  3.299036E-15
7509.66114544764  3.736608E-15
7512.43750036321  3.576219E-15
7515.2138552788  3.429752E-15
7517.99021019437  3.469924E-15
7520.76656510995  3.386177E-15
7523.54292002553  3.475147E-15
7526.31927494111  3.463051E-15
7529.09562985669  3.399960E-15
7531.87198477227  3.515841E-15
7534.64833968785  3.536064E-15
7537.42469460343  3.578923E-15
7540.20104951901  3.754867E-15
7542.97740443459  3.505602E-15
7545.75375935017  3.708386E-15
7548.53011426575  3.694316E-15
7551.30646918133  3.691496E-15
7554.08282409691  3.497665E-15
7556.85917901249  3.542303E-15
7559.63553392807  3.466440E-15
7562.41188884365  3.130478E-15
7565.18824375923  3.443271E-15
7567.96459867481  3.662728E-15
7570.74095359039  3.498418E-15
7573.51730850597  2.977210E-15
7576.29366342155  2.993449E-15
7579.07001833713  3.458325E-15
7581.84637325271  3.405721E-15
7584.62272816829  3.286001E-15
7587.39908308387  3.331430E-15
7590.17543799945  3.148861E-15
7592.95179291503  3.015875E-15
7595.72814783061  3.498967E-15
7598.50450274619  3.523887E-15
7601.28085766177  3.200091E-15
7604.05721257735  3.125651E-15
7606.83356749292  2.952043E-15
7609.60992240851  2.750928E-15
7612.38627732408  3.253033E-15
7615.16263223967  3.374676E-15
7617.93898715524  3.579348E-15
7620.71534207082  3.294305E-15
7623.4916969864  3.028538E-15
7626.26805190198  2.972064E-15
7629.04440681756  3.115037E-15
7631.82076173314  3.528382E-15
7634.59711664872  3.341286E-15
7637.3734715643  3.420305E-15
7640.14982647988  3.469333E-15
7642.92618139546  3.013990E-15
7645.70253631104  3.570908E-15
7648.47889122662  3.399154E-15
7651.2552461422  3.067489E-15
7654.03160105778  3.010647E-15
7656.80795597336  2.942346E-15
7659.58431088894  3.159278E-15
7662.36066580452  3.229837E-15
7665.1370207201  3.001727E-15
7667.91337563568  3.269817E-15
7670.68973055126  3.331589E-15
7673.46608546684  3.225928E-15
7676.24244038242  3.244677E-15
7679.018795298  3.082960E-15
7681.79515021358  3.194425E-15
7684.57150512916  3.228264E-15
7687.34786004474  3.100524E-15
7690.12421496032  3.016263E-15
7692.9005698759  3.023367E-15
7695.67692479148  3.229022E-15
7698.45327970706  3.224580E-15
7701.22963462264  3.144437E-15
7704.00598953821  3.281293E-15
7706.78234445379  3.269290E-15
7709.55869936937  3.171213E-15
7712.33505428495  3.063591E-15
7715.11140920053  3.010997E-15
7717.88776411611  2.931585E-15
7720.66411903169  2.815066E-15
7723.44047394727  2.991004E-15
7726.21682886285  3.149123E-15
7728.99318377843  3.130208E-15
7731.76953869401  3.290265E-15
7734.54589360959  3.143215E-15
7737.32224852517  2.947636E-15
7740.09860344075  3.017478E-15
7742.87495835633  3.176853E-15
7745.65131327191  2.984624E-15
7748.42766818749  2.841210E-15
7751.20402310307  2.950099E-15
7753.98037801865  2.855586E-15
7756.75673293423  3.040714E-15
7759.53308784981  3.191471E-15
7762.30944276539  3.383219E-15
7765.08579768097  3.016954E-15
7767.86215259655  2.691794E-15
7770.63850751213  3.022669E-15
7773.41486242771  3.035312E-15
7776.19121734329  2.974389E-15
7778.96757225887  3.033386E-15
7781.74392717445  3.129732E-15
7784.52028209003  3.063161E-15
7787.29663700561  2.828487E-15
7790.07299192119  3.178018E-15
7792.84934683677  3.203062E-15
7795.62570175234  3.048732E-15
7798.40205666793  3.124138E-15
7801.1784115835  3.088629E-15
7803.95476649909  3.326128E-15
7806.73112141466  3.363042E-15
7809.50747633024  3.054720E-15
7812.28383124582  3.106523E-15
7815.0601861614  2.893912E-15
7817.83654107698  2.973329E-15
7820.61289599256  2.919838E-15
7823.38925090814  2.960404E-15
7826.16560582372  3.109920E-15
7828.9419607393  3.325799E-15
7831.71831565488  3.351707E-15
7834.49467057046  2.931516E-15
7837.27102548604  2.940632E-15
7840.04738040162  3.150555E-15
7842.8237353172  2.985407E-15
7845.60009023278  3.200479E-15
7848.37644514836  3.305541E-15
7851.15280006394  2.978164E-15
7853.92915497952  3.117536E-15
7856.7055098951  3.204007E-15
7859.48186481068  2.929275E-15
7862.25821972626  2.968936E-15
7865.03457464184  2.894740E-15
7867.81092955742  2.956884E-15
7870.587284473  3.105824E-15
7873.36363938858  3.125401E-15
7876.13999430416  3.064786E-15
7878.91634921974  3.015353E-15
7881.69270413532  2.942241E-15
7884.4690590509  2.884355E-15
7887.24541396648  3.030141E-15
7890.02176888206  3.316140E-15
7892.79812379764  2.798027E-15
7895.57447871321  2.885874E-15
7898.3508336288  2.976384E-15
7901.12718854437  2.839164E-15
7903.90354345995  2.798380E-15
7906.67989837553  2.897095E-15
7909.45625329111  2.911714E-15
7912.23260820669  2.921428E-15
7915.00896312227  3.048679E-15
7917.78531803785  2.811973E-15
7920.56167295343  3.078898E-15
7923.33802786901  3.112714E-15
7926.11438278459  2.853878E-15
7928.89073770017  2.860214E-15
7931.66709261575  2.740828E-15
7934.44344753133  3.050528E-15
7937.21980244691  3.195117E-15
7939.99615736249  3.005781E-15
7942.77251227807  3.216972E-15
7945.54886719365  2.833305E-15
7948.32522210923  2.776055E-15
7951.10157702481  2.850712E-15
7953.87793194039  2.682022E-15
7956.65428685597  2.691333E-15
7959.43064177155  2.805519E-15
7962.20699668713  2.947610E-15
7964.98335160271  2.955298E-15
7967.75970651829  2.801695E-15
7970.53606143387  2.944231E-15
7973.31241634945  3.071906E-15
7976.08877126503  2.846922E-15
7978.86512618061  2.765952E-15
7981.64148109619  3.302845E-15
7984.41783601176  3.164087E-15
7987.19419092735  2.860681E-15
7989.97054584292  2.848213E-15
7992.74690075851  2.975984E-15
7995.52325567408  2.971142E-15
7998.29961058966  2.886977E-15
8001.07596550524  2.772908E-15
8003.85232042082  2.767056E-15
8006.6286753364  3.049254E-15
8009.40503025198  2.775964E-15
8012.18138516756  2.465918E-15
8014.95774008314  2.655670E-15
8017.73409499872  2.774867E-15
8020.5104499143  2.915054E-15
8023.28680482988  2.915338E-15
8026.06315974546  2.889159E-15
8028.83951466104  2.810106E-15
8031.61586957662  2.620801E-15
8034.3922244922  2.730384E-15
8037.16857940778  2.675401E-15
8039.94493432336  2.696851E-15
8042.72128923894  2.987496E-15
8045.49764415452  2.700581E-15
8048.2739990701  2.789900E-15
8051.05035398568  2.773132E-15
8053.82670890126  2.721367E-15
8056.60306381684  2.718840E-15
8059.37941873242  2.824457E-15
8062.155773648  2.728235E-15
8064.93212856357  2.638015E-15
8067.70848347916  2.721698E-15
8070.48483839474  2.765700E-15
8073.26119331031  2.876550E-15
8076.03754822589  2.978473E-15
8078.81390314148  3.070431E-15
8081.59025805706  2.841602E-15
8084.36661297263  2.922444E-15
8087.14296788822  3.116155E-15
8089.91932280379  2.795736E-15
8092.69567771937  2.751408E-15
8095.47203263495  2.845772E-15
8098.24838755053  3.023881E-15
8101.02474246611  2.761776E-15
8103.80109738169  2.812388E-15
8106.57745229727  2.959199E-15
8109.35380721285  2.671436E-15
8112.13016212843  2.605017E-15
8114.90651704401  2.796247E-15
8117.68287195959  2.821251E-15
8120.45922687517  2.764101E-15
8123.23558179075  2.730986E-15
8126.01193670633  2.711837E-15
8128.78829162191  2.730604E-15
8131.56464653749  2.824967E-15
8134.34100145307  2.782166E-15
8137.11735636865  2.657064E-15
8139.89371128423  2.719914E-15
8142.67006619981  2.631484E-15
8145.44642111539  2.707908E-15
8148.22277603097  2.590228E-15
8150.99913094655  2.564383E-15
8153.77548586213  2.622287E-15
8156.55184077771  2.570600E-15
8159.32819569329  2.293773E-15
8162.10455060886  2.564674E-15
8164.88090552445  2.616432E-15
8167.65726044003  2.322429E-15
8170.43361535561  2.405805E-15
8173.20997027118  2.588535E-15
8175.98632518676  2.407898E-15
8178.76268010234  2.362567E-15
8181.53903501792  2.704741E-15
8184.3153899335  2.524400E-15
8187.09174484908  2.577878E-15
8189.86809976466  2.726651E-15
8192.64445468024  2.566469E-15
8195.42080959582  2.669750E-15
8198.1971645114  2.625667E-15
8200.97351942698  2.727748E-15
8203.74987434256  2.880581E-15
8206.52622925814  2.603655E-15
8209.30258417372  2.675521E-15
8212.0789390893  2.734439E-15
8214.85529400488  2.872290E-15
8217.63164892046  2.815357E-15
8220.40800383604  2.767363E-15
8223.18435875162  2.915613E-15
8225.9607136672  2.545088E-15
8228.73706858278  2.109855E-15
8231.51342349836  2.150382E-15
8234.28977841394  2.409539E-15
8237.06613332952  2.775584E-15
8239.8424882451  2.491838E-15
8242.61884316068  2.859495E-15
8245.39519807626  2.684282E-15
8248.17155299184  2.823624E-15
8250.94790790742  3.046690E-15
8253.724262823  2.879130E-15
8256.50061773858  2.937681E-15
8259.27697265415  2.665179E-15
8262.05332756974  2.586532E-15
8264.82968248532  2.709186E-15
8267.60603740089  2.488706E-15
8270.38239231647  2.440714E-15
8273.15874723205  2.655439E-15
8275.93510214764  2.713377E-15
8278.71145706321  2.697911E-15
8281.48781197879  2.595035E-15
8284.26416689437  2.598770E-15
8287.04052180995  2.775596E-15
8289.81687672553  2.593934E-15
8292.59323164111  2.633990E-15
8295.36958655669  2.737852E-15
8298.14594147227  2.662185E-15
8300.92229638785  2.790514E-15
8303.69865130343  2.597032E-15
8306.47500621901  2.754870E-15
8309.25136113459  2.859687E-15
8312.02771605017  2.675617E-15
8314.80407096575  2.572359E-15
8317.58042588133  2.748859E-15
8320.35678079691  2.840961E-15
8323.13313571249  2.639615E-15
8325.90949062807  2.717463E-15
8328.68584554365  2.894802E-15
8331.46220045923  2.685434E-15
8334.23855537481  2.688885E-15
8337.01491029039  2.642447E-15
8339.79126520597  2.223985E-15
8342.56762012155  2.533787E-15
8345.34397503712  2.729169E-15
8348.12032995271  2.753050E-15
8350.89668486829  2.889486E-15
8353.67303978387  2.917559E-15
8356.44939469944  2.696691E-15
8359.22574961502  2.781553E-15
8362.00210453061  2.567782E-15
8364.77845944619  2.886875E-15
8367.55481436176  2.728487E-15
8370.33116927734  2.774001E-15
8373.10752419292  2.645766E-15
8375.8838791085  2.542352E-15
8378.66023402408  2.933255E-15
8381.43658893966  2.848393E-15
8384.21294385524  2.355308E-15
8386.98929877082  2.598592E-15
8389.7656536864  3.041359E-15
8392.54200860198  2.688808E-15
8395.31836351756  2.776997E-15
8398.09471843314  3.079980E-15
8400.87107334872  2.739467E-15
8403.6474282643  2.759748E-15
8406.42378317988  3.022763E-15
8409.20013809546  2.390026E-15
8411.97649301104  2.735588E-15
8414.75284792662  3.092943E-15
8417.5292028422  2.821328E-15
8420.30555775778  2.521527E-15
8423.08191267336  2.765839E-15
8425.85826758894  2.805480E-15
8428.63462250452  2.742977E-15
8431.4109774201  2.612430E-15
8434.18733233568  2.654036E-15
8436.96368725126  2.788160E-15
8439.74004216684  2.577929E-15
8442.51639708242  2.661683E-15
8445.292751998  2.644187E-15
8448.06910691358  2.594973E-15
8450.84546182916  2.456356E-15
8453.62181674473  2.568610E-15
8456.39817166031  2.665970E-15
8459.1745265759  2.706531E-15
8461.95088149147  2.540187E-15
8464.72723640705  2.904372E-15
8467.50359132263  2.842988E-15
8470.27994623821  2.283550E-15
8473.05630115379  2.254332E-15
8475.83265606937  2.415158E-15
8478.60901098495  2.427825E-15
8481.38536590053  2.651909E-15
8484.16172081611  2.759725E-15
8486.93807573169  2.676673E-15
8489.71443064727  2.528086E-15
8492.49078556285  2.483159E-15
8495.26714047843  2.730441E-15
8498.04349539401  2.495856E-15
8500.81985030959  2.291955E-15
8503.59620522517  2.381257E-15
8506.37256014075  2.497467E-15
8509.14891505633  2.503223E-15
8511.92526997191  2.516999E-15
8514.70162488749  2.527946E-15
8517.47797980307  2.302983E-15
8520.25433471865  2.384455E-15
8523.03068963423  2.694270E-15
8525.80704454981  2.524071E-15
8528.58339946539  2.503375E-15
8531.35975438097  2.149270E-15
8534.13610929655  2.112778E-15
8536.91246421213  2.211744E-15
8539.6888191277  2.283436E-15
8542.46517404328  2.512066E-15
8545.24152895887  2.272752E-15
8548.01788387445  2.233230E-15
8550.79423879002  2.335959E-15
8553.5705937056  2.674799E-15
8556.34694862118  2.495981E-15
8559.12330353676  2.122187E-15
8561.89965845234  2.489231E-15
8564.67601336792  2.613830E-15
8567.4523682835  2.224100E-15
8570.22872319908  2.564970E-15
8573.00507811466  2.458054E-15
8575.78143303024  2.231110E-15
8578.55778794582  2.229090E-15
8581.3341428614  2.454558E-15
8584.11049777698  2.186834E-15
8586.88685269256  2.326189E-15
8589.66320760814  2.597506E-15
8592.43956252372  2.564251E-15
8595.2159174393  2.559968E-15
8597.99227235488  2.261785E-15
8600.76862727046  2.283906E-15
8603.54498218604  2.345768E-15
8606.32133710162  2.248529E-15
8609.0976920172  2.423662E-15
8611.87404693278  2.416724E-15
8614.65040184836  2.282006E-15
8617.42675676394  2.512933E-15
8620.20311167952  2.622082E-15
8622.97946659509  2.269207E-15
8625.75582151068  2.260015E-15
8628.53217642626  2.609604E-15
8631.30853134184  2.608494E-15
8634.08488625742  2.768655E-15
8636.861241173  2.515205E-15
8639.63759608857  2.394069E-15
8642.41395100416  2.350571E-15
8645.19030591974  2.280736E-15
8647.96666083531  2.413425E-15
8650.74301575089  2.333841E-15
8653.51937066647  2.381154E-15
8656.29572558205  2.450467E-15
8659.07208049763  2.538969E-15
8661.84843541321  2.244884E-15
8664.62479032879  2.056262E-15
8667.40114524437  2.202039E-15
8670.17750015995  2.127802E-15
8672.95385507553  2.349515E-15
8675.73020999111  1.881387E-15
8678.50656490669  2.318845E-15
8681.28291982227  2.251013E-15
8684.05927473785  2.318915E-15
8686.83562965343  2.271763E-15
8689.61198456901  2.477464E-15
8692.38833948459  2.545301E-15
8695.16469440017  2.141134E-15
8697.94104931575  2.180050E-15
8700.71740423133  2.298960E-15
8703.49375914691  2.381362E-15
8706.27011406249  2.625309E-15
8709.04646897807  2.335045E-15
8711.82282389365  2.316041E-15
8714.59917880923  2.287487E-15
8717.37553372481  2.340988E-15
8720.15188864039  2.540528E-15
8722.92824355597  2.380200E-15
8725.70459847155  2.212938E-15
8728.48095338713  2.113419E-15
8731.25730830271  2.438923E-15
8734.03366321828  2.430410E-15
8736.81001813386  2.505334E-15
8739.58637304945  2.215796E-15
8742.36272796502  2.253435E-15
8745.1390828806  2.613216E-15
8747.91543779618  2.576539E-15
8750.69179271176  2.334135E-15
8753.46814762734  2.127968E-15
8756.24450254292  2.114234E-15
8759.0208574585  2.303725E-15
8761.79721237408  2.259861E-15
8764.57356728966  1.965528E-15
8767.34992220524  1.935451E-15
8770.12627712082  2.331255E-15
8772.9026320364  2.210976E-15
8775.67898695198  2.172036E-15
8778.45534186756  2.142734E-15
8781.23169678314  1.992154E-15
8784.00805169872  2.124501E-15
8786.7844066143  2.258595E-15
8789.56076152988  2.412153E-15
8792.33711644546  1.922118E-15
8795.11347136104  2.135529E-15
8797.88982627662  2.216821E-15
8800.6661811922  1.868037E-15
8803.44253610778  2.063762E-15
8806.21889102336  2.275542E-15
8808.99524593894  2.183797E-15
8811.77160085452  2.071082E-15
8814.5479557701  1.938270E-15
8817.32431068567  2.011381E-15
8820.10066560126  1.942729E-15
8822.87702051683  1.802773E-15
8825.65337543242  2.064866E-15
8828.429730348  2.005083E-15
8831.20608526358  2.104943E-15
