3861.5307863759  1.045134E-14
3864.30714129148  1.189649E-14
3867.08349620706  1.211211E-14
3869.85985112264  1.237820E-14
3872.63620603822  1.034056E-14
3875.4125609538  1.243400E-14
3878.18891586938  1.212101E-14
3880.96527078496  1.186817E-14
3883.74162570054  1.209565E-14
3886.51798061612  1.030698E-14
3889.2943355317  7.863806E-15
3892.07069044728  9.187367E-15
3894.84704536286  9.867883E-15
3897.62340027844  1.241853E-14
3900.39975519402  9.923862E-15
3903.1761101096  1.153822E-14
3905.95246502518  1.181060E-14
3908.72881994076  1.161726E-14
3911.50517485634  1.144665E-14
3914.28152977192  1.033920E-14
3917.0578846875  1.162144E-14
3919.83423960308  1.158349E-14
3922.61059451866  1.126820E-14
3925.38694943424  9.788016E-15
3928.16330434982  8.788410E-15
3930.9396592654  9.452720E-15
3933.71601418098  9.215593E-15
3936.49236909656  9.191196E-15
3939.26872401214  9.085902E-15
3942.04507892772  9.597078E-15
3944.82143384329  1.010696E-14
3947.59778875887  8.922460E-15
3950.37414367445  8.648975E-15
3953.15049859003  7.897898E-15
3955.92685350561  8.176177E-15
3958.70320842119  9.286630E-15
3961.47956333677  9.944261E-15
3964.25591825235  9.146320E-15
3967.03227316793  7.327026E-15
3969.80862808351  7.531473E-15
3972.58498299909  8.582206E-15
3975.36133791467  9.362666E-15
3978.13769283025  7.280662E-15
3980.91404774583  9.244064E-15
3983.69040266141  1.148927E-14
3986.46675757699  9.557340E-15
3989.24311249257  9.615784E-15
3992.01946740815  9.641725E-15
3994.79582232373  8.878243E-15
3997.57217723931  9.832533E-15
4000.34853215489  1.060567E-14
4003.12488707047  9.513622E-15
4005.90124198605  1.004296E-14
4008.67759690163  9.525050E-15
4011.45395181721  7.903235E-15
4014.23030673279  7.923888E-15
4017.00666164837  9.728128E-15
4019.78301656395  7.701629E-15
4022.55937147953  7.856895E-15
4025.33572639511  9.878877E-15
4028.11208131069  9.348712E-15
4030.88843622627  9.221304E-15
4033.66479114185  1.101303E-14
4036.44114605743  1.046567E-14
4039.21750097301  9.570495E-15
4041.99385588858  8.844462E-15
4044.77021080416  9.163954E-15
4047.54656571974  7.377814E-15
4050.32292063532  8.952670E-15
4053.0992755509  9.670923E-15
4055.87563046648  9.775280E-15
4058.65198538206  1.012805E-14
4061.42834029764  9.683245E-15
4064.20469521322  9.193307E-15
4066.9810501288  9.729574E-15
4069.75740504438  9.444322E-15
4072.53375995996  1.026479E-14
4075.31011487554  1.068043E-14
4078.08646979112  9.636754E-15
4080.8628247067  8.991197E-15
4083.63917962228  9.531367E-15
4086.41553453786  9.386215E-15
4089.19188945344  8.678194E-15
4091.96824436902  9.170563E-15
4094.7445992846  9.695219E-15
4097.52095420018  9.059876E-15
4100.29730911576  7.196372E-15
4103.07366403134  7.676037E-15
4105.85001894692  8.443087E-15
4108.6263738625  8.860356E-15
4111.40272877808  9.308985E-15
4114.17908369366  9.002619E-15
4116.95543860924  1.030407E-14
4119.73179352482  8.801303E-15
4122.5081484404  9.149986E-15
4125.28450335598  9.982451E-15
4128.06085827156  9.415343E-15
4130.83721318714  9.116045E-15
4133.61356810271  8.854001E-15
4136.38992301829  8.107929E-15
4139.16627793387  9.498368E-15
4141.94263284945  9.429322E-15
4144.71898776503  9.427483E-15
4147.49534268061  9.913705E-15
4150.27169759619  9.728140E-15
4153.04805251177  1.013632E-14
4155.82440742735  1.087486E-14
4158.60076234293  9.698780E-15
4161.37711725851  9.001065E-15
4164.15347217409  8.533217E-15
4166.92982708967  9.078539E-15
4169.70618200525  1.038415E-14
4172.48253692083  9.612467E-15
4175.25889183641  9.658531E-15
4178.03524675199  1.088997E-14
4180.81160166757  9.989913E-15
4183.58795658315  1.078954E-14
4186.36431149873  1.058431E-14
4189.14066641431  1.063426E-14
4191.91702132989  9.934993E-15
4194.69337624547  1.050480E-14
4197.46973116105  9.389215E-15
4200.24608607663  9.920697E-15
4203.02244099221  9.612664E-15
4205.79879590779  9.415850E-15
4208.57515082337  1.013075E-14
4211.35150573895  9.289216E-15
4214.12786065453  9.769088E-15
4216.90421557011  9.202209E-15
4219.68057048569  9.808866E-15
4222.45692540127  9.847603E-15
4225.23328031684  9.746821E-15
4228.00963523242  9.502653E-15
4230.785990148  9.761103E-15
4233.56234506358  9.157057E-15
4236.33869997916  9.614134E-15
4239.11505489474  9.980041E-15
4241.89140981032  9.543175E-15
4244.6677647259  1.016561E-14
4247.44411964148  1.036404E-14
4250.22047455706  9.517677E-15
4252.99682947264  9.186267E-15
4255.77318438822  8.916373E-15
4258.5495393038  8.139942E-15
4261.32589421938  9.421693E-15
4264.10224913496  8.991217E-15
4266.87860405054  9.674096E-15
4269.65495896612  9.853847E-15
4272.4313138817  1.019878E-14
4275.20766879728  9.436944E-15
4277.98402371286  1.008986E-14
4280.76037862844  1.002084E-14
4283.53673354402  8.611755E-15
4286.3130884596  9.289216E-15
4289.08944337518  9.829692E-15
4291.86579829076  8.811453E-15
4294.64215320634  1.043933E-14
4297.41850812192  9.979023E-15
4300.1948630375  9.177267E-15
4302.97121795308  9.763373E-15
4305.74757286866  8.893079E-15
4308.52392778424  9.457291E-15
4311.30028269982  9.151606E-15
4314.0766376154  8.588134E-15
4316.85299253098  8.881457E-15
4319.62934744656  9.715618E-15
4322.40570236213  1.003639E-14
4325.18205727771  9.611502E-15
4327.95841219329  9.360471E-15
4330.73476710887  9.405173E-15
4333.51112202445  9.085711E-15
4336.28747694003  8.475975E-15
4339.06383185561  8.786210E-15
4341.84018677119  9.331424E-15
4344.61654168677  8.545818E-15
4347.39289660235  8.732583E-15
4350.16925151793  7.980379E-15
4352.94560643351  8.014034E-15
4355.72196134909  8.577902E-15
4358.49831626467  8.430890E-15
4361.27467118025  8.554658E-15
4364.05102609583  9.550141E-15
4366.82738101141  9.322430E-15
4369.60373592699  9.298805E-15
4372.38009084257  9.211591E-15
4375.15644575815  9.041967E-15
4377.93280067373  9.689539E-15
4380.70915558931  9.960115E-15
4383.48551050489  9.707628E-15
4386.26186542047  9.912381E-15
4389.03822033605  9.685735E-15
4391.81457525163  8.879942E-15
4394.59093016721  8.474101E-15
4397.36728508279  9.301343E-15
4400.14363999837  9.423244E-15
4402.91999491395  9.730166E-15
4405.69634982953  8.642197E-15
4408.47270474511  9.093736E-15
4411.24905966069  8.850043E-15
4414.02541457626  8.686924E-15
4416.80176949185  8.932250E-15
4419.57812440742  9.463143E-15
4422.354479323  9.208558E-15
4425.13083423858  9.295921E-15
4427.90718915416  8.619722E-15
4430.68354406974  9.704055E-15
4433.45989898532  9.924078E-15
4436.2362539009  9.482532E-15
4439.01260881648  9.769705E-15
4441.78896373206  9.523243E-15
4444.56531864764  9.464608E-15
4447.34167356322  8.596855E-15
4450.1180284788  8.586916E-15
4452.89438339438  9.246596E-15
4455.67073830996  9.879661E-15
4458.44709322554  9.645046E-15
4461.22344814112  8.092030E-15
4463.9998030567  9.115635E-15
4466.77615797228  8.703111E-15
4469.55251288786  9.271437E-15
4472.32886780344  8.811885E-15
4475.10522271902  8.489481E-15
4477.8815776346  8.662393E-15
4480.65793255018  8.463551E-15
4483.43428746576  8.986330E-15
4486.21064238134  9.175859E-15
4488.98699729692  8.943534E-15
4491.7633522125  9.020321E-15
4494.53970712808  9.421331E-15
4497.31606204366  8.781345E-15
4500.09241695924  8.450179E-15
4502.86877187482  9.833721E-15
4505.64512679039  9.473400E-15
4508.42148170598  8.347793E-15
4511.19783662155  9.660826E-15
4513.97419153713  8.857516E-15
4516.75054645271  9.187168E-15
4519.52690136829  8.964198E-15
4522.30325628387  9.595104E-15
4525.07961119945  9.025515E-15
4527.85596611503  8.952897E-15
4530.63232103061  9.249437E-15
4533.40867594619  8.970689E-15
4536.18503086177  8.800225E-15
4538.96138577735  9.258962E-15
4541.73774069293  9.820004E-15
4544.51409560851  8.737908E-15
4547.29045052409  8.790360E-15
4550.06680543967  8.775714E-15
4552.84316035525  8.552685E-15
4555.61951527083  8.454809E-15
4558.39587018641  9.476565E-15
4561.17222510199  9.565610E-15
4563.94858001757  8.923222E-15
4566.72493493315  8.460480E-15
4569.50128984873  8.727005E-15
4572.27764476431  8.785082E-15
4575.05399967989  9.067852E-15
4577.83035459547  9.498071E-15
4580.60670951105  8.805962E-15
4583.38306442663  8.831361E-15
4586.15941934221  9.627178E-15
4588.93577425779  9.558682E-15
4591.71212917337  9.282188E-15
4594.48848408895  9.402118E-15
4597.26483900453  9.260401E-15
4600.0411939201  8.875371E-15
4602.81754883568  8.996090E-15
4605.59390375127  9.527372E-15
4608.37025866684  8.983313E-15
4611.14661358242  8.773879E-15
4613.922968498  9.480903E-15
4616.69932341358  9.730812E-15
4619.47567832916  9.653158E-15
4622.25203324474  9.771540E-15
4625.02838816032  9.096990E-15
4627.8047430759  9.726346E-15
4630.58109799148  9.945004E-15
4633.35745290706  1.003692E-14
4636.13380782264  9.153622E-15
4638.91016273822  9.409260E-15
4641.6865176538  9.711991E-15
4644.46287256938  1.030907E-14
4647.23922748496  9.784597E-15
4650.01558240054  9.849317E-15
4652.79193731612  9.163625E-15
4655.5682922317  9.190679E-15
4658.34464714728  9.424011E-15
4661.12100206286  9.606291E-15
4663.89735697844  9.749594E-15
4666.67371189402  9.944198E-15
4669.4500668096  9.644127E-15
4672.22642172518  1.023706E-14
4675.00277664076  1.001842E-14
4677.77913155634  9.860316E-15
4680.55548647192  1.044488E-14
4683.3318413875  9.615305E-15
4686.10819630308  9.643471E-15
4688.88455121866  9.885104E-15
4691.66090613424  9.702113E-15
4694.43726104982  9.815496E-15
4697.21361596539  9.648238E-15
4699.98997088097  1.000258E-14
4702.76632579655  9.317431E-15
4705.54268071213  8.767632E-15
4708.31903562771  9.362886E-15
4711.09539054329  9.218415E-15
4713.87174545887  9.328276E-15
4716.64810037445  9.066344E-15
4719.42445529003  8.633576E-15
4722.20081020561  9.267286E-15
4724.97716512119  9.738984E-15
4727.75352003677  9.047280E-15
4730.52987495235  8.506924E-15
4733.30622986793  9.209990E-15
4736.08258478351  9.333636E-15
4738.85893969909  9.673820E-15
4741.63529461467  8.292878E-15
4744.41164953025  8.915342E-15
4747.18800444583  9.397366E-15
4749.96435936141  9.383730E-15
4752.74071427699  8.985880E-15
4755.51706919257  8.954997E-15
4758.29342410815  9.048130E-15
4761.06977902373  9.118465E-15
4763.84613393931  8.670426E-15
4766.62248885489  9.073449E-15
4769.39884377047  9.266248E-15
4772.17519868605  8.919902E-15
4774.95155360163  8.883388E-15
4777.72790851721  9.084278E-15
4780.50426343279  8.710712E-15
4783.28061834837  8.541192E-15
4786.05697326394  8.485543E-15
4788.83332817953  8.628154E-15
4791.6096830951  8.238327E-15
4794.38603801068  8.540238E-15
4797.16239292626  9.097770E-15
4799.93874784184  9.248061E-15
4802.71510275742  8.873648E-15
4805.491457673  8.569198E-15
4808.26781258858  9.010109E-15
4811.04416750416  8.989101E-15
4813.82052241974  9.156661E-15
4816.59687733532  9.003543E-15
4819.3732322509  8.763168E-15
4822.14958716648  8.317777E-15
4824.92594208206  8.663952E-15
4827.70229699764  8.632406E-15
4830.47865191322  8.938969E-15
4833.2550068288  8.224664E-15
4836.03136174438  9.354398E-15
4838.80771665996  8.678462E-15
4841.58407157554  8.398140E-15
4844.36042649112  8.573042E-15
4847.1367814067  8.371886E-15
4849.91313632228  8.747715E-15
4852.68949123786  8.951088E-15
4855.46584615344  8.583348E-15
4858.24220106902  8.745389E-15
4861.0185559846  8.604565E-15
4863.79491090018  8.614128E-15
4866.57126581576  9.427037E-15
4869.34762073134  8.700979E-15
4872.12397564692  8.353060E-15
4874.9003305625  8.152599E-15
4877.67668547807  7.997096E-15
4880.45304039366  7.860285E-15
4883.22939530923  8.302254E-15
4886.00575022481  8.184607E-15
4888.7821051404  7.956708E-15
4891.55846005597  8.506495E-15
4894.33481497155  8.456613E-15
4897.11116988713  8.622046E-15
4899.88752480271  8.665448E-15
4902.66387971829  8.572156E-15
4905.44023463387  8.711823E-15
4908.21658954945  8.331545E-15
4910.99294446503  8.620551E-15
4913.76929938061  8.624143E-15
4916.54565429619  8.222128E-15
4919.32200921177  8.000412E-15
4922.09836412735  8.917884E-15
4924.87471904293  9.312460E-15
4927.65107395851  8.533238E-15
4930.42742887409  8.611362E-15
4933.20378378967  9.022227E-15
4935.98013870525  8.287034E-15
4938.75649362083  8.943356E-15
4941.53284853641  9.200064E-15
4944.30920345199  8.157128E-15
4947.08555836757  8.209282E-15
4949.86191328315  8.805763E-15
4952.63826819873  8.542617E-15
4955.41462311431  7.843838E-15
4958.19097802989  8.170563E-15
4960.96733294547  7.679058E-15
4963.74368786104  7.823017E-15
4966.52004277663  8.401975E-15
4969.29639769221  8.504771E-15
4972.07275260778  8.434359E-15
4974.84910752337  8.133417E-15
4977.62546243894  8.390036E-15
4980.40181735452  8.583239E-15
4983.1781722701  8.429307E-15
4985.95452718569  8.402484E-15
4988.73088210126  8.174665E-15
4991.50723701684  8.096660E-15
4994.28359193242  7.699342E-15
4997.059946848  8.192310E-15
4999.83630176358  8.235888E-15
5002.61265667916  8.396512E-15
5005.38901159474  8.659551E-15
5008.16536651032  8.698748E-15
5010.9417214259  8.433626E-15
5013.71807634148  8.601418E-15
5016.49443125706  8.305499E-15
5019.27078617264  7.908809E-15
5022.04714108822  8.405398E-15
5024.8234960038  8.834508E-15
5027.59985091938  8.986173E-15
5030.37620583496  8.272235E-15
5033.15256075054  7.792798E-15
5035.92891566612  8.034504E-15
5038.7052705817  8.080306E-15
5041.48162549728  8.967072E-15
5044.25798041286  8.410504E-15
5047.03433532844  8.693850E-15
5049.81069024402  8.422638E-15
5052.5870451596  8.105991E-15
5055.36340007518  7.783488E-15
5058.13975499076  8.508320E-15
5060.91610990634  8.409230E-15
5063.69246482192  8.303537E-15
5066.4688197375  8.412432E-15
5069.24517465307  8.399229E-15
5072.02152956866  7.833512E-15
5074.79788448423  8.508658E-15
5077.57423939981  8.526472E-15
5080.3505943154  8.685406E-15
5083.12694923098  8.779543E-15
5085.90330414655  8.210719E-15
5088.67965906213  8.350310E-15
5091.45601397771  8.483672E-15
5094.23236889329  8.510457E-15
5097.00872380887  8.602121E-15
5099.78507872445  8.502926E-15
5102.56143364003  8.595758E-15
5105.33778855561  8.279763E-15
5108.11414347119  8.212462E-15
5110.89049838677  8.325373E-15
5113.66685330235  8.297377E-15
5116.44320821793  8.135293E-15
5119.21956313351  8.380888E-15
5121.99591804909  8.752636E-15
5124.77227296467  8.274711E-15
5127.54862788025  8.691745E-15
5130.32498279583  8.706093E-15
5133.10133771141  8.280493E-15
5135.87769262699  7.754555E-15
5138.65404754257  8.579502E-15
5141.43040245815  8.600313E-15
5144.20675737373  8.206517E-15
5146.98311228931  8.492042E-15
5149.75946720489  8.842377E-15
5152.53582212047  8.417332E-15
5155.31217703605  8.597574E-15
5158.08853195163  7.990033E-15
5160.86488686721  7.942276E-15
5163.64124178279  8.374899E-15
5166.41759669837  8.052555E-15
5169.19395161395  8.577533E-15
5171.97030652952  7.923127E-15
5174.74666144511  8.067969E-15
5177.52301636068  8.076020E-15
5180.29937127626  7.708212E-15
5183.07572619184  8.586170E-15
5185.85208110742  8.463845E-15
5188.628436023  7.792557E-15
5191.40479093858  8.550657E-15
5194.18114585416  8.387958E-15
5196.95750076974  8.004696E-15
5199.73385568532  7.879513E-15
5202.5102106009  8.538001E-15
5205.28656551648  7.879457E-15
5208.06292043206  8.397779E-15
5210.83927534764  8.339528E-15
5213.61563026322  8.203680E-15
5216.3919851788  8.541001E-15
5219.16834009438  8.445354E-15
5221.94469500996  8.363953E-15
5224.72104992554  8.228657E-15
5227.49740484112  8.127342E-15
5230.2737597567  7.955678E-15
5233.05011467228  8.215722E-15
5235.82646958786  8.444577E-15
5238.60282450344  8.344210E-15
5241.37917941902  7.927453E-15
5244.1555343346  7.975538E-15
5246.93188925018  8.110983E-15
5249.70824416576  8.093374E-15
5252.48459908134  7.731663E-15
5255.26095399692  7.480018E-15
5258.0373089125  7.926578E-15
5260.81366382808  8.288430E-15
5263.59001874365  7.774233E-15
5266.36637365923  7.532090E-15
5269.14272857481  7.578135E-15
5271.91908349039  7.658950E-15
5274.69543840597  7.843824E-15
5277.47179332155  7.522689E-15
5280.24814823713  7.302767E-15
5283.02450315271  7.835619E-15
5285.80085806829  8.010230E-15
5288.57721298387  7.763386E-15
5291.35356789945  7.960390E-15
5294.12992281503  7.958781E-15
5296.90627773061  7.751290E-15
5299.68263264619  7.932792E-15
5302.45898756177  7.798476E-15
5305.23534247735  7.939917E-15
5308.01169739293  7.711780E-15
5310.78805230851  7.410555E-15
5313.56440722409  7.971740E-15
5316.34076213967  7.595089E-15
5319.11711705525  7.688784E-15
5321.89347197083  7.968708E-15
5324.66982688641  8.021410E-15
5327.44618180199  7.896131E-15
5330.22253671757  7.917613E-15
5332.99889163315  7.727422E-15
5335.77524654873  7.852471E-15
5338.55160146431  7.657213E-15
5341.32795637989  7.922976E-15
5344.10431129547  7.961802E-15
5346.88066621105  7.508612E-15
5349.65702112662  7.203541E-15
5352.43337604221  7.718554E-15
5355.20973095778  7.705914E-15
5357.98608587337  7.849614E-15
5360.76244078894  7.508791E-15
5363.53879570452  7.283930E-15
5366.3151506201  7.301525E-15
5369.09150553568  7.413907E-15
5371.86786045126  7.423400E-15
5374.64421536684  7.773735E-15
5377.42057028242  7.425850E-15
5380.196925198  7.309893E-15
5382.97328011358  7.582913E-15
5385.74963502916  7.300973E-15
5388.52598994474  7.331034E-15
5391.30234486032  7.814978E-15
5394.0786997759  7.683731E-15
5396.85505469148  7.793373E-15
5399.63140960706  7.667910E-15
5402.40776452264  7.558967E-15
5405.18411943822  7.598380E-15
5407.9604743538  7.700721E-15
5410.73682926938  7.826141E-15
5413.51318418496  7.777654E-15
5416.28953910054  7.158289E-15
5419.06589401612  7.100922E-15
5421.8422489317  7.189937E-15
5424.61860384728  7.348144E-15
5427.39495876286  7.563102E-15
5430.17131367844  7.411649E-15
5432.94766859402  6.895647E-15
5435.7240235096  7.248706E-15
5438.50037842518  7.299784E-15
5441.27673334076  7.581584E-15
5444.05308825634  7.418487E-15
5446.82944317192  7.305619E-15
5449.6057980875  7.294400E-15
5452.38215300308  7.593592E-15
5455.15850791866  7.342595E-15
5457.93486283423  7.331221E-15
5460.71121774981  7.213645E-15
5463.48757266539  7.032051E-15
5466.26392758097  7.353683E-15
5469.04028249655  7.526854E-15
5471.81663741213  6.959013E-15
5474.59299232771  7.529697E-15
5477.36934724329  8.166051E-15
5480.14570215887  7.727449E-15
5482.92205707445  6.966663E-15
5485.69841199003  7.388058E-15
5488.47476690561  7.222749E-15
5491.25112182119  6.791184E-15
5494.02747673677  7.057766E-15
5496.80383165235  6.908931E-15
5499.58018656793  7.127778E-15
5502.35654148351  7.235573E-15
5505.13289639909  7.021188E-15
5507.90925131467  7.578045E-15
5510.68560623025  7.458576E-15
5513.46196114583  7.415349E-15
5516.23831606141  7.364972E-15
5519.01467097699  7.463535E-15
5521.79102589257  7.216449E-15
5524.56738080815  7.160880E-15
5527.34373572373  6.977030E-15
5530.12009063931  7.294586E-15
5532.89644555489  6.966251E-15
5535.67280047047  7.018144E-15
5538.44915538605  7.292240E-15
5541.22551030163  7.662485E-15
5544.0018652172  6.953439E-15
5546.77822013278  6.451532E-15
5549.55457504837  6.878257E-15
5552.33092996394  6.893390E-15
5555.10728487952  6.898736E-15
5557.8836397951  7.163253E-15
5560.65999471068  6.880115E-15
5563.43634962626  6.892345E-15
5566.21270454184  7.399420E-15
5568.98905945742  6.978945E-15
5571.765414373  7.507261E-15
5574.54176928858  7.322325E-15
5577.31812420416  6.648466E-15
5580.09447911974  6.970413E-15
5582.87083403532  6.885671E-15
5585.6471889509  6.836179E-15
5588.42354386648  7.053379E-15
5591.19989878206  6.916658E-15
5593.97625369764  6.816563E-15
5596.75260861322  6.797775E-15
5599.5289635288  7.166792E-15
5602.30531844438  7.197710E-15
5605.08167335996  6.932971E-15
5607.85802827554  7.088549E-15
5610.63438319112  7.125871E-15
5613.4107381067  7.044873E-15
5616.18709302228  6.921540E-15
5618.96344793786  6.898663E-15
5621.73980285344  7.091229E-15
5624.51615776902  6.798201E-15
5627.2925126846  6.845168E-15
5630.06886760018  6.785988E-15
5632.84522251576  7.058504E-15
5635.62157743134  6.975476E-15
5638.39793234691  6.757739E-15
5641.1742872625  6.900073E-15
5643.95064217807  6.677327E-15
5646.72699709365  6.864397E-15
5649.50335200923  7.054576E-15
5652.27970692482  6.864170E-15
5655.05606184039  7.188439E-15
5657.83241675597  7.126833E-15
5660.60877167155  6.934881E-15
5663.38512658713  6.924245E-15
5666.16148150271  7.039339E-15
5668.93783641829  7.210268E-15
5671.71419133387  6.845910E-15
5674.49054624945  6.584501E-15
5677.26690116503  6.720173E-15
5680.04325608061  6.849746E-15
5682.81961099619  6.987869E-15
5685.59596591177  6.639890E-15
5688.37232082735  6.786569E-15
5691.14867574293  6.797578E-15
5693.92503065851  6.758901E-15
5696.70138557409  6.446202E-15
5699.47774048967  6.681042E-15
5702.25409540525  6.844300E-15
5705.03045032083  6.609061E-15
5707.80680523641  6.371440E-15
5710.58316015199  6.673421E-15
5713.35951506757  6.644463E-15
5716.13586998315  6.374750E-15
5718.91222489873  6.530729E-15
5721.68857981431  6.524175E-15
5724.46493472989  6.523934E-15
5727.24128964546  6.188433E-15
5730.01764456105  6.697413E-15
5732.79399947663  6.975132E-15
5735.5703543922  6.233942E-15
5738.34670930778  6.057823E-15
5741.12306422336  6.401167E-15
5743.89941913894  6.234196E-15
5746.67577405452  6.655121E-15
5749.4521289701  6.749852E-15
5752.22848388568  6.866600E-15
5755.00483880126  6.336321E-15
5757.78119371684  6.276618E-15
5760.55754863242  6.918781E-15
5763.333903548  6.631396E-15
5766.11025846358  6.510344E-15
5768.88661337916  6.356739E-15
5771.66296829474  6.617171E-15
5774.43932321032  6.674089E-15
5777.2156781259  6.567695E-15
5779.99203304148  6.686955E-15
5782.76838795706  6.591380E-15
5785.54474287264  6.447596E-15
5788.32109778822  6.086376E-15
5791.0974527038  6.694798E-15
5793.87380761938  6.704308E-15
5796.65016253496  6.963938E-15
5799.42651745054  6.657438E-15
5802.20287236612  6.803822E-15
5804.9792272817  7.279157E-15
5807.75558219728  6.514384E-15
5810.53193711286  6.235731E-15
5813.30829202844  6.527482E-15
5816.08464694402  6.819028E-15
5818.8610018596  6.419909E-15
5821.63735677518  6.689884E-15
5824.41371169076  6.989366E-15
5827.19006660633  6.797408E-15
5829.96642152192  6.907802E-15
5832.74277643749  6.720765E-15
5835.51913135307  6.698819E-15
5838.29548626865  6.361736E-15
5841.07184118423  6.671810E-15
5843.84819609981  6.801429E-15
5846.62455101539  6.765679E-15
5849.40090593097  6.427656E-15
5852.17726084655  6.084719E-15
5854.95361576213  6.131851E-15
5857.72997067771  6.647022E-15
5860.50632559329  6.975163E-15
5863.28268050887  6.650877E-15
5866.05903542445  6.744054E-15
5868.83539034003  6.486985E-15
5871.61174525561  6.358168E-15
5874.38810017119  6.910734E-15
5877.16445508677  6.627684E-15
5879.94081000235  6.314290E-15
5882.71716491793  6.053470E-15
5885.49351983351  6.193136E-15
5888.26987474909  6.529533E-15
5891.04622966467  6.323485E-15
5893.82258458025  6.262841E-15
5896.59893949583  6.556885E-15
5899.37529441141  6.147182E-15
5902.15164932699  6.180069E-15
5904.92800424257  6.268738E-15
5907.70435915815  5.879446E-15
5910.48071407373  6.206675E-15
5913.25706898931  6.451366E-15
5916.03342390489  6.105549E-15
5918.80977882047  5.986064E-15
5921.58613373604  6.230342E-15
5924.36248865163  6.278509E-15
5927.1388435672  6.256149E-15
5929.91519848278  6.147626E-15
5932.69155339836  5.966263E-15
5935.46790831394  6.324491E-15
5938.24426322952  6.376151E-15
5941.0206181451  6.054719E-15
5943.79697306068  6.090144E-15
5946.57332797626  5.950975E-15
5949.34968289184  6.053618E-15
5952.12603780742  6.217063E-15
5954.902392723  6.121271E-15
5957.67874763858  6.091969E-15
5960.45510255416  5.991972E-15
5963.23145746974  6.246367E-15
5966.00781238532  5.920018E-15
5968.7841673009  5.785733E-15
5971.56052221648  5.655440E-15
5974.33687713206  5.766499E-15
5977.11323204764  5.821589E-15
5979.88958696322  5.558839E-15
5982.6659418788  5.843210E-15
5985.44229679438  6.221359E-15
5988.21865170996  5.888308E-15
5990.99500662554  5.776109E-15
5993.77136154112  6.249660E-15
5996.5477164567  6.213339E-15
5999.32407137228  6.194805E-15
6002.10042628786  6.058003E-15
6004.87678120344  5.846436E-15
6007.65313611902  6.037525E-15
6010.42949103459  6.307142E-15
6013.20584595018  6.138718E-15
6015.98220086575  5.961865E-15
6018.75855578134  6.038905E-15
6021.53491069691  5.877302E-15
6024.31126561249  5.951622E-15
6027.08762052807  6.022676E-15
6029.86397544365  6.014683E-15
6032.64033035923  5.575027E-15
6035.41668527481  5.677015E-15
6038.19304019039  5.858829E-15
6040.96939510597  5.615278E-15
6043.74575002155  5.328982E-15
6046.52210493713  5.848981E-15
6049.29845985271  6.037401E-15
6052.07481476829  5.833485E-15
6054.85116968387  6.020847E-15
6057.62752459945  5.753655E-15
6060.40387951503  5.791044E-15
6063.18023443061  5.940634E-15
6065.95658934619  5.933394E-15
6068.73294426177  6.105561E-15
6071.50929917735  6.140228E-15
6074.28565409293  5.833727E-15
6077.06200900851  5.505495E-15
6079.83836392409  6.052058E-15
6082.61471883967  5.641262E-15
6085.39107375525  5.868766E-15
6088.16742867083  5.684154E-15
6090.94378358641  5.794769E-15
6093.72013850199  5.991975E-15
6096.49649341757  6.075775E-15
6099.27284833315  5.807127E-15
6102.04920324873  5.789145E-15
6104.82555816431  5.778568E-15
6107.60191307989  5.937943E-15
6110.37826799546  5.906625E-15
6113.15462291105  5.763458E-15
6115.93097782662  5.954419E-15
6118.7073327422  6.006722E-15
6121.48368765778  5.515416E-15
6124.26004257336  5.411358E-15
6127.03639748894  5.835447E-15
6129.81275240452  5.777461E-15
6132.5891073201  5.726265E-15
6135.36546223568  5.902417E-15
6138.14181715126  5.925539E-15
6140.91817206684  5.876540E-15
6143.69452698242  5.473564E-15
6146.470881898  5.432524E-15
6149.24723681358  5.769201E-15
6152.02359172916  5.965617E-15
6154.79994664474  5.842978E-15
6157.57630156032  5.591776E-15
6160.3526564759  5.563342E-15
6163.12901139148  5.837108E-15
6165.90536630706  5.599804E-15
6168.68172122264  5.470696E-15
6171.45807613822  5.883520E-15
6174.2344310538  5.584605E-15
6177.01078596938  5.307123E-15
6179.78714088496  5.569365E-15
6182.56349580054  5.703743E-15
6185.33985071612  5.728395E-15
6188.1162056317  5.485396E-15
6190.89256054728  5.491832E-15
6193.66891546286  5.523261E-15
6196.44527037844  5.505488E-15
6199.22162529402  5.503164E-15
6201.9979802096  5.573662E-15
6204.77433512517  5.717526E-15
6207.55069004076  5.650529E-15
6210.32704495633  5.593886E-15
6213.10339987191  5.373508E-15
6215.87975478749  5.494383E-15
6218.65610970307  5.675124E-15
6221.43246461865  5.604123E-15
6224.20881953423  5.517715E-15
6226.98517444981  5.326722E-15
6229.76152936539  5.526553E-15
6232.53788428097  5.506393E-15
6235.31423919655  5.630628E-15
6238.09059411213  5.598095E-15
6240.86694902771  5.584630E-15
6243.64330394329  5.510563E-15
6246.41965885887  5.322145E-15
6249.19601377445  5.278878E-15
6251.97236869003  5.469974E-15
6254.74872360561  5.398808E-15
6257.52507852119  5.567338E-15
6260.30143343677  5.548321E-15
6263.07778835235  5.724764E-15
6265.85414326793  5.489942E-15
6268.63049818351  5.518075E-15
6271.40685309909  5.280290E-15
6274.18320801467  5.199520E-15
6276.95956293025  5.329426E-15
6279.73591784583  5.403798E-15
6282.51227276141  5.439807E-15
6285.28862767699  5.340846E-15
6288.06498259257  5.411082E-15
6290.84133750815  5.244687E-15
6293.61769242373  5.384788E-15
6296.39404733931  5.310117E-15
6299.17040225488  5.307985E-15
6301.94675717047  5.524237E-15
6304.72311208604  5.507287E-15
6307.49946700162  5.552850E-15
6310.2758219172  5.405566E-15
6313.05217683278  5.330554E-15
6315.82853174836  5.501612E-15
6318.60488666394  5.682047E-15
6321.38124157952  5.538990E-15
6324.1575964951  5.480003E-15
6326.93395141068  5.455143E-15
6329.71030632626  5.455040E-15
6332.48666124184  5.534485E-15
6335.26301615742  5.429776E-15
6338.039371073  5.359281E-15
6340.81572598858  5.434150E-15
6343.59208090416  5.591231E-15
6346.36843581974  5.563125E-15
6349.14479073532  5.412381E-15
6351.9211456509  5.317867E-15
6354.69750056648  5.101558E-15
6357.47385548206  5.048626E-15
6360.25021039764  5.237648E-15
6363.02656531322  5.407190E-15
6365.8029202288  5.093381E-15
6368.57927514438  5.127766E-15
6371.35563005996  5.315264E-15
6374.13198497554  5.311802E-15
6376.90833989111  5.422233E-15
6379.6846948067  5.392149E-15
6382.46104972228  5.169848E-15
6385.23740463786  5.245349E-15
6388.01375955344  5.334452E-15
6390.79011446902  5.003046E-15
6393.56646938459  4.993293E-15
6396.34282430017  5.054805E-15
6399.11917921575  5.209483E-15
6401.89553413133  5.114662E-15
6404.67188904691  4.956928E-15
6407.44824396249  5.327699E-15
6410.22459887807  5.261235E-15
6413.00095379365  5.383354E-15
6415.77730870923  5.314802E-15
6418.55366362481  4.876774E-15
6421.33001854039  5.063468E-15
6424.10637345597  5.321631E-15
6426.88272837155  5.259704E-15
6429.65908328713  4.999212E-15
6432.43543820271  5.173979E-15
6435.21179311829  5.377588E-15
6437.98814803387  5.386484E-15
6440.76450294945  5.524895E-15
6443.54085786503  5.232118E-15
6446.31721278061  5.084664E-15
6449.09356769619  5.047019E-15
6451.86992261177  4.848239E-15
6454.64627752735  4.810821E-15
6457.42263244293  4.904829E-15
6460.19898735851  5.033011E-15
6462.97534227409  4.986133E-15
6465.75169718967  4.860204E-15
6468.52805210525  5.000413E-15
6471.30440702083  5.275005E-15
6474.08076193641  5.300750E-15
6476.85711685199  5.229656E-15
6479.63347176757  4.921891E-15
6482.40982668315  4.997128E-15
6485.18618159872  5.107577E-15
6487.9625365143  5.041956E-15
6490.73889142988  5.146579E-15
6493.51524634546  4.989508E-15
6496.29160126104  4.913740E-15
6499.06795617662  4.917155E-15
6501.8443110922  5.148965E-15
6504.62066600778  5.068907E-15
6507.39702092336  4.653477E-15
6510.17337583894  4.819820E-15
6512.94973075452  4.868853E-15
6515.7260856701  4.813543E-15
6518.50244058568  4.857555E-15
6521.27879550126  4.928865E-15
6524.05515041684  5.037943E-15
6526.83150533242  5.350036E-15
6529.607860248  5.443521E-15
6532.38421516358  4.937622E-15
6535.16057007916  4.887299E-15
6537.93692499474  4.827783E-15
6540.71327991032  4.993629E-15
6543.4896348259  5.698444E-15
6546.26598974148  6.266775E-15
6549.04234465706  6.736016E-15
6551.81869957264  7.380627E-15
6554.59505448822  8.214919E-15
6557.3714094038  8.573585E-15
6560.14776431938  8.377684E-15
6562.92411923496  8.073261E-15
6565.70047415053  7.504679E-15
6568.47682906612  6.814532E-15
6571.25318398169  5.879575E-15
6574.02953889728  5.276488E-15
6576.80589381286  5.263198E-15
6579.58224872843  4.943087E-15
6582.35860364401  4.878985E-15
6585.13495855959  4.883325E-15
6587.91131347517  4.410853E-15
6590.68766839076  4.577610E-15
6593.46402330633  4.738588E-15
6596.24037822191  4.833973E-15
6599.01673313749  5.220884E-15
6601.79308805307  4.727593E-15
6604.56944296865  4.988051E-15
6607.34579788423  4.856635E-15
6610.12215279981  4.673055E-15
6612.89850771539  4.458692E-15
6615.67486263097  4.793453E-15
6618.45121754655  4.905388E-15
6621.22757246213  4.818132E-15
6624.00392737771  4.829980E-15
6626.78028229329  4.713052E-15
6629.55663720887  4.677733E-15
6632.33299212445  4.565195E-15
6635.10934704003  4.368837E-15
6637.88570195561  4.734690E-15
6640.66205687119  4.859016E-15
6643.43841178677  4.569258E-15
6646.21476670235  4.655333E-15
6648.99112161793  4.856666E-15
6651.76747653351  4.527795E-15
6654.54383144909  4.654362E-15
6657.32018636467  5.300448E-15
6660.09654128025  5.016777E-15
6662.87289619583  4.864578E-15
6665.64925111141  4.930440E-15
6668.42560602698  4.763432E-15
6671.20196094257  4.886789E-15
6673.97831585815  5.228615E-15
6676.75467077372  5.004785E-15
6679.5310256893  4.854762E-15
6682.30738060488  4.794951E-15
6685.08373552046  4.701359E-15
6687.86009043604  5.165379E-15
6690.63644535162  4.832910E-15
6693.4128002672  4.378350E-15
6696.18915518278  4.407441E-15
6698.96551009836  4.677251E-15
6701.74186501394  4.638725E-15
6704.51821992952  4.730768E-15
6707.2945748451  4.936592E-15
6710.07092976068  4.631822E-15
6712.84728467626  4.775658E-15
6715.62363959184  4.559833E-15
6718.39999450742  4.478860E-15
6721.176349423  4.500612E-15
6723.95270433858  4.430523E-15
6726.72905925416  4.597167E-15
6729.50541416974  4.676203E-15
6732.28176908532  4.606377E-15
6735.0581240009  4.531399E-15
6737.83447891648  4.465566E-15
6740.61083383206  4.588979E-15
6743.38718874764  4.653394E-15
6746.16354366322  4.607761E-15
6748.9398985788  4.759440E-15
6751.71625349438  4.659322E-15
6754.49260840996  4.595725E-15
6757.26896332554  4.512435E-15
6760.04531824112  4.457435E-15
6762.82167315669  4.410545E-15
6765.59802807227  4.379578E-15
6768.37438298785  4.620422E-15
6771.15073790343  4.446852E-15
6773.92709281901  4.342629E-15
6776.70344773459  4.551233E-15
6779.47980265018  4.442591E-15
6782.25615756575  4.561707E-15
6785.03251248133  4.415838E-15
6787.80886739691  4.501576E-15
6790.58522231249  4.768645E-15
6793.36157722807  4.501317E-15
6796.13793214365  4.446168E-15
6798.91428705923  4.398032E-15
6801.69064197481  4.482389E-15
6804.46699689039  4.591891E-15
6807.24335180597  4.318052E-15
6810.01970672155  4.387635E-15
6812.79606163713  4.523786E-15
6815.57241655271  4.550151E-15
6818.34877146829  4.923664E-15
6821.12512638387  4.659984E-15
6823.90148129945  4.279908E-15
6826.67783621503  4.600493E-15
6829.45419113061  4.399343E-15
6832.23054604619  4.252690E-15
6835.00690096177  4.427542E-15
6837.78325587735  4.775254E-15
6840.55961079293  4.476415E-15
6843.33596570851  4.286794E-15
6846.11232062409  4.363965E-15
6848.88867553967  4.669963E-15
6851.66503045524  4.549267E-15
6854.44138537082  4.621418E-15
6857.21774028641  4.686819E-15
6859.99409520199  4.338824E-15
6862.77045011756  4.486807E-15
6865.54680503314  4.837650E-15
6868.32315994872  4.370745E-15
6871.0995148643  3.928347E-15
6873.87586977988  4.444021E-15
6876.65222469546  4.563443E-15
6879.42857961104  4.191492E-15
6882.20493452662  4.023442E-15
6884.9812894422  4.292705E-15
6887.75764435778  4.395553E-15
6890.53399927336  4.476720E-15
6893.31035418894  4.809168E-15
6896.08670910452  4.522796E-15
6898.8630640201  4.307618E-15
6901.63941893568  4.455978E-15
6904.41577385126  4.437565E-15
6907.19212876684  4.470535E-15
6909.96848368242  4.291475E-15
6912.744838598  4.320247E-15
6915.52119351358  4.622931E-15
6918.29754842916  4.325987E-15
6921.07390334474  4.439254E-15
6923.85025826032  4.603832E-15
6926.6266131759  4.233979E-15
6929.40296809148  4.237096E-15
6932.17932300706  4.060790E-15
6934.95567792264  4.104037E-15
6937.73203283822  4.190172E-15
6940.5083877538  4.252188E-15
6943.28474266938  4.242917E-15
6946.06109758495  3.871103E-15
6948.83745250054  4.292843E-15
6951.61380741612  4.613193E-15
6954.39016233169  4.439962E-15
6957.16651724727  4.150582E-15
6959.94287216285  4.297346E-15
6962.71922707843  4.636353E-15
6965.49558199401  4.186991E-15
6968.27193690959  4.177434E-15
6971.04829182517  4.520467E-15
6973.82464674075  4.316020E-15
6976.60100165633  4.581679E-15
6979.37735657191  4.523637E-15
6982.15371148749  4.338823E-15
6984.93006640307  4.427647E-15
6987.70642131865  4.472061E-15
6990.48277623423  4.150796E-15
6993.25913114981  3.798399E-15
6996.03548606539  4.141007E-15
6998.81184098097  4.105395E-15
7001.58819589655  4.499879E-15
7004.36455081213  4.520057E-15
7007.14090572771  4.442303E-15
7009.91726064329  4.464138E-15
7012.69361555887  4.442989E-15
7015.46997047445  4.220277E-15
7018.24632539003  4.197594E-15
7021.02268030561  4.105005E-15
7023.79903522119  4.179138E-15
7026.57539013677  4.271690E-15
7029.35174505235  4.125670E-15
7032.12809996793  4.075978E-15
7034.90445488351  4.159588E-15
7037.68080979909  4.126247E-15
7040.45716471466  3.873161E-15
7043.23351963024  3.967534E-15
7046.00987454583  4.108474E-15
7048.7862294614  3.999152E-15
7051.56258437698  4.079436E-15
7054.33893929256  4.242127E-15
7057.11529420814  4.166562E-15
7059.89164912372  4.403011E-15
7062.6680040393  4.408320E-15
7065.44435895488  4.515960E-15
7068.22071387046  4.102654E-15
7070.99706878604  4.255507E-15
7073.77342370162  4.597824E-15
7076.5497786172  4.581268E-15
7079.32613353278  4.428007E-15
7082.10248844836  4.296907E-15
7084.87884336394  4.207197E-15
7087.65519827952  4.308198E-15
7090.4315531951  4.101206E-15
7093.20790811068  4.040642E-15
7095.98426302626  4.364841E-15
7098.76061794184  4.378372E-15
7101.53697285742  4.158245E-15
7104.313327773  3.889279E-15
7107.08968268858  3.849505E-15
7109.86603760416  4.155507E-15
7112.64239251974  4.117387E-15
7115.41874743532  4.055639E-15
7118.1951023509  4.231253E-15
7120.97145726648  4.189158E-15
7123.74781218206  4.355175E-15
7126.52416709764  4.446233E-15
7129.30052201322  4.082311E-15
7132.0768769288  3.968385E-15
7134.85323184437  4.272863E-15
7137.62958675996  4.495370E-15
7140.40594167553  3.967139E-15
7143.18229659112  3.804758E-15
7145.95865150669  3.912174E-15
7148.73500642227  3.833947E-15
7151.51136133785  3.988666E-15
7154.28771625343  4.056143E-15
7157.06407116901  3.953869E-15
7159.84042608459  3.991276E-15
7162.61678100017  4.054606E-15
7165.39313591575  3.967346E-15
7168.16949083133  3.636994E-15
7170.94584574691  3.426204E-15
7173.72220066249  3.693015E-15
7176.49855557807  3.908950E-15
7179.27491049365  3.703502E-15
7182.05126540923  3.509767E-15
7184.82762032481  3.371520E-15
7187.60397524039  3.296735E-15
7190.38033015597  3.570984E-15
7193.15668507155  3.408784E-15
7195.93303998713  3.665058E-15
7198.70939490271  3.836471E-15
7201.48574981829  3.697700E-15
7204.26210473387  3.707542E-15
7207.03845964945  3.544996E-15
7209.81481456503  3.625559E-15
7212.59116948061  3.614311E-15
7215.36752439619  3.634291E-15
7218.14387931177  3.768896E-15
7220.92023422735  3.526966E-15
7223.69658914293  3.444928E-15
7226.47294405851  3.573693E-15
7229.24929897409  3.417515E-15
7232.02565388966  3.384369E-15
7234.80200880524  3.541067E-15
7237.57836372083  3.601530E-15
7240.3547186364  3.594486E-15
7243.13107355198  3.822851E-15
7245.90742846756  3.742601E-15
7248.68378338314  3.956177E-15
7251.46013829872  3.992461E-15
7254.2364932143  3.792196E-15
7257.01284812988  3.798489E-15
7259.78920304546  3.760767E-15
7262.56555796104  3.768774E-15
7265.34191287662  3.608141E-15
7268.1182677922  3.791379E-15
7270.89462270778  3.791662E-15
7273.67097762336  3.499010E-15
7276.44733253894  3.600483E-15
7279.22368745452  3.610009E-15
7282.0000423701  3.671991E-15
7284.77639728568  3.813565E-15
7287.55275220126  3.567191E-15
7290.32910711684  3.574665E-15
7293.10546203242  3.783740E-15
7295.881816948  3.565304E-15
7298.65817186358  3.421749E-15
7301.43452677916  3.444086E-15
7304.21088169474  3.471621E-15
7306.98723661032  3.443914E-15
7309.7635915259  3.581060E-15
7312.53994644148  3.460400E-15
7315.31630135706  3.596415E-15
7318.09265627264  3.618975E-15
7320.86901118822  3.733756E-15
7323.6453661038  3.679224E-15
7326.42172101938  3.713379E-15
7329.19807593495  3.415199E-15
7331.97443085053  3.570596E-15
7334.75078576611  3.504758E-15
7337.52714068169  3.572253E-15
7340.30349559727  3.714458E-15
7343.07985051285  3.492548E-15
7345.85620542843  3.458566E-15
7348.63256034401  3.561707E-15
7351.40891525959  3.406579E-15
7354.18527017517  3.342907E-15
7356.96162509075  3.359451E-15
7359.73798000633  3.239709E-15
7362.51433492191  3.508687E-15
7365.29068983749  3.696350E-15
7368.06704475307  3.403808E-15
7370.84339966865  3.665102E-15
7373.61975458423  3.784446E-15
7376.39610949981  3.626141E-15
7379.17246441539  3.753572E-15
7381.94881933097  3.660821E-15
7384.72517424655  3.622261E-15
7387.50152916213  3.573217E-15
7390.27788407771  3.665004E-15
7393.05423899329  3.462915E-15
7395.83059390887  3.418772E-15
7398.60694882445  3.664003E-15
7401.38330374003  3.810302E-15
7404.15965865561  3.686182E-15
7406.93601357119  3.516379E-15
7409.71236848677  3.392159E-15
7412.48872340235  3.531166E-15
7415.26507831793  3.759759E-15
7418.04143323351  3.509495E-15
7420.81778814909  3.387315E-15
7423.59414306466  3.171271E-15
7426.37049798024  3.337879E-15
7429.14685289582  3.566793E-15
7431.9232078114  3.683792E-15
7434.69956272698  3.508684E-15
7437.47591764256  3.456624E-15
7440.25227255814  3.338603E-15
7443.02862747372  3.600015E-15
7445.8049823893  3.571504E-15
7448.58133730488  3.629114E-15
7451.35769222046  3.466047E-15
7454.13404713604  3.314673E-15
7456.91040205162  3.401448E-15
7459.6867569672  3.434204E-15
7462.46311188278  3.464892E-15
7465.23946679836  3.597373E-15
7468.01582171394  3.474697E-15
7470.79217662952  3.326308E-15
7473.5685315451  3.432710E-15
7476.34488646068  3.494938E-15
7479.12124137626  3.517317E-15
7481.89759629184  3.030928E-15
7484.67395120742  3.061852E-15
7487.450306123  3.297978E-15
7490.22666103858  3.463885E-15
7493.00301595416  3.171907E-15
7495.77937086974  3.247133E-15
7498.55572578532  3.128103E-15
7501.3320807009  3.225786E-15
7504.10843561648  3.161663E-15
7506.88479053206  3.338582E-15
7509.66114544764  3.446032E-15
7512.43750036321  3.451564E-15
7515.2138552788  3.504860E-15
7517.99021019437  3.422080E-15
7520.76656510995  3.302591E-15
7523.54292002553  3.382190E-15
7526.31927494111  3.415396E-15
7529.09562985669  3.291043E-15
7531.87198477227  3.372901E-15
7534.64833968785  3.569815E-15
7537.42469460343  3.601817E-15
7540.20104951901  3.536792E-15
7542.97740443459  3.650485E-15
7545.75375935017  3.728944E-15
7548.53011426575  3.478815E-15
7551.30646918133  3.548181E-15
7554.08282409691  3.727760E-15
7556.85917901249  3.543181E-15
7559.63553392807  3.569295E-15
7562.41188884365  3.519532E-15
7565.18824375923  3.555477E-15
7567.96459867481  3.344459E-15
7570.74095359039  3.274619E-15
7573.51730850597  3.506719E-15
7576.29366342155  3.270047E-15
7579.07001833713  2.925665E-15
7581.84637325271  3.200813E-15
7584.62272816829  3.254998E-15
7587.39908308387  2.904139E-15
7590.17543799945  3.103514E-15
7592.95179291503  3.077986E-15
7595.72814783061  2.748308E-15
7598.50450274619  3.432655E-15
7601.28085766177  3.176368E-15
7604.05721257735  2.845066E-15
7606.83356749292  3.056099E-15
7609.60992240851  3.200929E-15
7612.38627732408  3.094479E-15
7615.16263223967  2.643196E-15
7617.93898715524  2.986935E-15
7620.71534207082  3.188364E-15
7623.4916969864  3.122335E-15
7626.26805190198  2.739148E-15
7629.04440681756  2.839823E-15
7631.82076173314  3.255018E-15
7634.59711664872  3.311379E-15
7637.3734715643  3.190565E-15
7640.14982647988  3.084868E-15
7642.92618139546  3.099790E-15
7645.70253631104  2.808236E-15
7648.47889122662  2.807723E-15
7651.2552461422  3.417974E-15
7654.03160105778  3.097713E-15
7656.80795597336  2.792704E-15
7659.58431088894  2.804270E-15
7662.36066580452  3.030812E-15
7665.1370207201  2.966835E-15
7667.91337563568  2.868419E-15
7670.68973055126  3.157348E-15
7673.46608546684  2.967631E-15
7676.24244038242  2.978033E-15
7679.018795298  3.125325E-15
7681.79515021358  3.131602E-15
7684.57150512916  3.027093E-15
7687.34786004474  3.092217E-15
7690.12421496032  2.977757E-15
7692.9005698759  2.948133E-15
7695.67692479148  3.177231E-15
7698.45327970706  3.108166E-15
7701.22963462264  3.012455E-15
7704.00598953821  2.891320E-15
7706.78234445379  3.340339E-15
7709.55869936937  3.223231E-15
7712.33505428495  2.963163E-15
7715.11140920053  2.943569E-15
7717.88776411611  2.942824E-15
7720.66411903169  2.713926E-15
7723.44047394727  2.820183E-15
7726.21682886285  2.914316E-15
7728.99318377843  3.062247E-15
7731.76953869401  2.869191E-15
7734.54589360959  3.191983E-15
7737.32224852517  3.159428E-15
7740.09860344075  2.991167E-15
7742.87495835633  3.089444E-15
7745.65131327191  3.076075E-15
7748.42766818749  3.132597E-15
7751.20402310307  3.055866E-15
7753.98037801865  2.953706E-15
7756.75673293423  3.019210E-15
7759.53308784981  2.944529E-15
7762.30944276539  2.919077E-15
7765.08579768097  2.803919E-15
7767.86215259655  2.989448E-15
7770.63850751213  2.866466E-15
7773.41486242771  3.136640E-15
7776.19121734329  3.163801E-15
7778.96757225887  3.040842E-15
7781.74392717445  2.785342E-15
7784.52028209003  2.701936E-15
7787.29663700561  2.962264E-15
7790.07299192119  3.241871E-15
7792.84934683677  3.110791E-15
7795.62570175234  2.913460E-15
7798.40205666793  3.024023E-15
7801.1784115835  2.900712E-15
7803.95476649909  2.852939E-15
7806.73112141466  3.134264E-15
7809.50747633024  3.092716E-15
7812.28383124582  2.965120E-15
7815.0601861614  2.676178E-15
7817.83654107698  3.068107E-15
7820.61289599256  2.811406E-15
7823.38925090814  3.045483E-15
7826.16560582372  3.176848E-15
7828.9419607393  2.979888E-15
7831.71831565488  3.400303E-15
7834.49467057046  3.295754E-15
7837.27102548604  2.984635E-15
7840.04738040162  2.957553E-15
7842.8237353172  2.838587E-15
7845.60009023278  3.008704E-15
7848.37644514836  3.006237E-15
7851.15280006394  2.947853E-15
7853.92915497952  3.049391E-15
7856.7055098951  3.090595E-15
7859.48186481068  3.127617E-15
7862.25821972626  2.983333E-15
7865.03457464184  2.871594E-15
7867.81092955742  2.910270E-15
7870.587284473  3.206098E-15
7873.36363938858  2.926561E-15
7876.13999430416  2.776332E-15
7878.91634921974  2.961941E-15
7881.69270413532  3.093149E-15
7884.4690590509  2.958846E-15
7887.24541396648  2.867218E-15
7890.02176888206  2.675127E-15
7892.79812379764  2.815720E-15
7895.57447871321  2.867747E-15
7898.3508336288  2.634945E-15
7901.12718854437  2.916796E-15
7903.90354345995  3.043332E-15
7906.67989837553  2.776518E-15
7909.45625329111  2.713078E-15
7912.23260820669  2.720984E-15
7915.00896312227  2.877661E-15
7917.78531803785  2.970607E-15
7920.56167295343  2.781139E-15
7923.33802786901  2.730728E-15
7926.11438278459  2.784001E-15
7928.89073770017  2.611522E-15
7931.66709261575  2.688098E-15
7934.44344753133  2.728047E-15
7937.21980244691  2.625110E-15
7939.99615736249  2.652360E-15
7942.77251227807  3.136371E-15
7945.54886719365  2.787478E-15
7948.32522210923  2.678402E-15
7951.10157702481  2.617547E-15
7953.87793194039  2.628997E-15
7956.65428685597  2.685104E-15
7959.43064177155  2.605557E-15
7962.20699668713  2.697243E-15
7964.98335160271  2.732620E-15
7967.75970651829  2.783317E-15
7970.53606143387  3.018502E-15
7973.31241634945  2.891356E-15
7976.08877126503  2.615177E-15
7978.86512618061  2.748688E-15
7981.64148109619  2.641777E-15
7984.41783601176  2.631253E-15
7987.19419092735  2.673410E-15
7989.97054584292  2.530854E-15
7992.74690075851  2.441616E-15
7995.52325567408  2.912582E-15
7998.29961058966  2.536890E-15
8001.07596550524  2.789729E-15
8003.85232042082  2.891645E-15
8006.6286753364  2.860998E-15
8009.40503025198  2.871916E-15
8012.18138516756  2.844215E-15
8014.95774008314  2.847887E-15
8017.73409499872  2.798254E-15
8020.5104499143  2.881660E-15
8023.28680482988  2.666077E-15
8026.06315974546  2.654613E-15
8028.83951466104  2.938569E-15
8031.61586957662  2.825251E-15
8034.3922244922  2.772215E-15
8037.16857940778  2.930632E-15
8039.94493432336  2.709284E-15
8042.72128923894  2.870256E-15
8045.49764415452  2.726887E-15
8048.2739990701  2.847480E-15
8051.05035398568  2.415829E-15
8053.82670890126  2.305972E-15
8056.60306381684  2.749766E-15
8059.37941873242  2.586112E-15
8062.155773648  2.473295E-15
8064.93212856357  2.566689E-15
8067.70848347916  2.419714E-15
8070.48483839474  2.534556E-15
8073.26119331031  2.669586E-15
8076.03754822589  2.795173E-15
8078.81390314148  3.025717E-15
8081.59025805706  2.675918E-15
8084.36661297263  2.679992E-15
8087.14296788822  2.704493E-15
8089.91932280379  2.642939E-15
8092.69567771937  2.663094E-15
8095.47203263495  2.500811E-15
8098.24838755053  2.615019E-15
8101.02474246611  3.031574E-15
8103.80109738169  2.658131E-15
8106.57745229727  2.499187E-15
8109.35380721285  2.553958E-15
8112.13016212843  2.475703E-15
8114.90651704401  2.602914E-15
8117.68287195959  2.700384E-15
8120.45922687517  2.468196E-15
8123.23558179075  2.410289E-15
8126.01193670633  2.634429E-15
8128.78829162191  2.557945E-15
8131.56464653749  2.435859E-15
8134.34100145307  2.573944E-15
8137.11735636865  2.670019E-15
8139.89371128423  2.444262E-15
8142.67006619981  2.210828E-15
8145.44642111539  2.379121E-15
8148.22277603097  2.738039E-15
8150.99913094655  2.566789E-15
8153.77548586213  2.377218E-15
8156.55184077771  2.448725E-15
8159.32819569329  2.282740E-15
8162.10455060886  2.262634E-15
8164.88090552445  2.290695E-15
8167.65726044003  2.294543E-15
8170.43361535561  2.408218E-15
8173.20997027118  2.394810E-15
8175.98632518676  2.329328E-15
8178.76268010234  2.441565E-15
8181.53903501792  2.590354E-15
8184.3153899335  2.605457E-15
8187.09174484908  2.523575E-15
8189.86809976466  2.445099E-15
8192.64445468024  2.716291E-15
8195.42080959582  2.339577E-15
8198.1971645114  2.262341E-15
8200.97351942698  2.544173E-15
8203.74987434256  2.756704E-15
8206.52622925814  2.633314E-15
8209.30258417372  2.643754E-15
8212.0789390893  2.878021E-15
8214.85529400488  2.814665E-15
8217.63164892046  2.463141E-15
8220.40800383604  2.260932E-15
8223.18435875162  2.417358E-15
8225.9607136672  2.418030E-15
8228.73706858278  2.213479E-15
8231.51342349836  2.430540E-15
8234.28977841394  2.740338E-15
8237.06613332952  2.811388E-15
8239.8424882451  2.743406E-15
8242.61884316068  2.693683E-15
8245.39519807626  2.523715E-15
8248.17155299184  2.749741E-15
8250.94790790742  2.420937E-15
8253.724262823  2.525182E-15
8256.50061773858  2.487418E-15
8259.27697265415  2.511081E-15
8262.05332756974  2.986923E-15
8264.82968248532  2.982854E-15
8267.60603740089  2.750798E-15
8270.38239231647  2.540469E-15
8273.15874723205  2.623637E-15
8275.93510214764  2.654366E-15
8278.71145706321  2.406322E-15
8281.48781197879  2.485746E-15
8284.26416689437  2.660037E-15
8287.04052180995  2.636408E-15
8289.81687672553  2.550829E-15
8292.59323164111  2.581938E-15
8295.36958655669  2.261922E-15
8298.14594147227  2.639246E-15
8300.92229638785  2.310432E-15
8303.69865130343  2.128559E-15
8306.47500621901  2.830352E-15
8309.25136113459  2.513795E-15
8312.02771605017  2.222632E-15
8314.80407096575  2.128091E-15
8317.58042588133  2.453557E-15
8320.35678079691  2.445155E-15
8323.13313571249  2.368865E-15
8325.90949062807  2.384735E-15
8328.68584554365  2.419079E-15
8331.46220045923  2.814167E-15
8334.23855537481  2.790527E-15
8337.01491029039  2.522597E-15
8339.79126520597  2.734854E-15
8342.56762012155  2.795919E-15
8345.34397503712  2.885706E-15
8348.12032995271  2.152086E-15
8350.89668486829  2.766969E-15
8353.67303978387  3.339095E-15
8356.44939469944  2.563582E-15
8359.22574961502  2.445462E-15
8362.00210453061  2.317329E-15
8364.77845944619  2.357993E-15
8367.55481436176  2.541058E-15
8370.33116927734  2.790298E-15
8373.10752419292  2.893742E-15
8375.8838791085  2.700338E-15
8378.66023402408  2.512564E-15
8381.43658893966  2.652796E-15
8384.21294385524  2.459218E-15
8386.98929877082  2.254199E-15
8389.7656536864  2.564863E-15
8392.54200860198  2.429695E-15
8395.31836351756  2.707607E-15
8398.09471843314  2.501106E-15
8400.87107334872  2.613651E-15
8403.6474282643  2.378801E-15
8406.42378317988  2.319612E-15
8409.20013809546  2.401684E-15
8411.97649301104  2.267839E-15
8414.75284792662  2.338537E-15
8417.5292028422  2.573506E-15
8420.30555775778  2.646366E-15
8423.08191267336  2.646913E-15
8425.85826758894  3.202075E-15
8428.63462250452  2.806951E-15
8431.4109774201  2.592487E-15
8434.18733233568  2.643333E-15
8436.96368725126  2.153627E-15
8439.74004216684  2.483501E-15
8442.51639708242  2.460869E-15
8445.292751998  2.225118E-15
8448.06910691358  2.236748E-15
8450.84546182916  2.423739E-15
8453.62181674473  2.636107E-15
8456.39817166031  2.613329E-15
8459.1745265759  2.644589E-15
8461.95088149147  2.474952E-15
8464.72723640705  2.583067E-15
8467.50359132263  2.367468E-15
8470.27994623821  2.507200E-15
8473.05630115379  2.712110E-15
8475.83265606937  2.554562E-15
8478.60901098495  2.534745E-15
8481.38536590053  2.676619E-15
8484.16172081611  2.529975E-15
8486.93807573169  2.329977E-15
8489.71443064727  2.346391E-15
8492.49078556285  2.490272E-15
8495.26714047843  2.832729E-15
8498.04349539401  2.850692E-15
8500.81985030959  2.347054E-15
8503.59620522517  2.308382E-15
8506.37256014075  2.543120E-15
8509.14891505633  2.803796E-15
8511.92526997191  2.541013E-15
8514.70162488749  2.659476E-15
8517.47797980307  2.572161E-15
8520.25433471865  2.453525E-15
8523.03068963423  2.141280E-15
8525.80704454981  1.979572E-15
8528.58339946539  2.354258E-15
8531.35975438097  2.320219E-15
8534.13610929655  2.039265E-15
8536.91246421213  2.307051E-15
8539.6888191277  2.618225E-15
8542.46517404328  2.444638E-15
8545.24152895887  2.280122E-15
8548.01788387445  2.400556E-15
8550.79423879002  2.373008E-15
8553.5705937056  2.350439E-15
8556.34694862118  2.430532E-15
8559.12330353676  2.292613E-15
8561.89965845234  2.244337E-15
8564.67601336792  2.241862E-15
8567.4523682835  2.414208E-15
8570.22872319908  2.409613E-15
8573.00507811466  2.185879E-15
8575.78143303024  2.376152E-15
8578.55778794582  2.305571E-15
8581.3341428614  2.217525E-15
8584.11049777698  2.411988E-15
8586.88685269256  2.314358E-15
8589.66320760814  2.140595E-15
8592.43956252372  2.246209E-15
8595.2159174393  2.147807E-15
8597.99227235488  2.128094E-15
8600.76862727046  2.426349E-15
8603.54498218604  2.433293E-15
8606.32133710162  2.477422E-15
8609.0976920172  2.157952E-15
8611.87404693278  2.242528E-15
8614.65040184836  2.570396E-15
8617.42675676394  2.607860E-15
8620.20311167952  2.372998E-15
8622.97946659509  2.293779E-15
8625.75582151068  2.187338E-15
8628.53217642626  2.034333E-15
8631.30853134184  2.204998E-15
8634.08488625742  2.299250E-15
8636.861241173  2.179571E-15
8639.63759608857  2.110293E-15
8642.41395100416  2.442160E-15
8645.19030591974  2.461405E-15
8647.96666083531  2.173433E-15
8650.74301575089  2.325666E-15
8653.51937066647  2.443276E-15
8656.29572558205  2.571438E-15
8659.07208049763  2.374730E-15
8661.84843541321  2.099326E-15
8664.62479032879  2.593022E-15
8667.40114524437  2.610868E-15
8670.17750015995  2.285426E-15
8672.95385507553  1.944358E-15
8675.73020999111  2.043361E-15
8678.50656490669  2.621205E-15
8681.28291982227  2.391842E-15
8684.05927473785  2.270178E-15
8686.83562965343  2.202597E-15
8689.61198456901  2.039217E-15
8692.38833948459  2.370054E-15
8695.16469440017  2.458891E-15
8697.94104931575  2.131577E-15
8700.71740423133  2.191724E-15
8703.49375914691  2.438840E-15
8706.27011406249  2.465423E-15
8709.04646897807  2.413588E-15
8711.82282389365  2.400577E-15
8714.59917880923  2.446939E-15
8717.37553372481  2.544137E-15
8720.15188864039  2.022965E-15
8722.92824355597  2.029096E-15
8725.70459847155  2.218195E-15
8728.48095338713  2.171461E-15
8731.25730830271  2.300666E-15
8734.03366321828  2.469069E-15
8736.81001813386  2.211848E-15
8739.58637304945  2.393092E-15
8742.36272796502  2.641604E-15
8745.1390828806  2.370162E-15
8747.91543779618  2.184211E-15
8750.69179271176  2.232677E-15
8753.46814762734  2.058858E-15
8756.24450254292  2.083473E-15
8759.0208574585  2.354291E-15
8761.79721237408  2.312958E-15
8764.57356728966  2.283869E-15
8767.34992220524  2.141654E-15
8770.12627712082  2.163207E-15
8772.9026320364  2.193928E-15
8775.67898695198  2.218493E-15
8778.45534186756  2.091495E-15
8781.23169678314  1.854605E-15
8784.00805169872  2.044922E-15
8786.7844066143  1.984800E-15
8789.56076152988  1.855115E-15
8792.33711644546  2.220714E-15
8795.11347136104  2.293252E-15
8797.88982627662  2.010159E-15
8800.6661811922  2.283296E-15
8803.44253610778  2.247123E-15
8806.21889102336  1.995386E-15
8808.99524593894  2.054157E-15
8811.77160085452  1.955187E-15
8814.5479557701  2.011869E-15
8817.32431068567  2.052498E-15
8820.10066560126  1.931687E-15
8822.87702051683  1.944614E-15
8825.65337543242  2.179567E-15
8828.429730348  2.118651E-15
8831.20608526358  1.979577E-15
