3861.5307863759  1.310036E-14
3864.30714129148  1.243019E-14
3867.08349620706  1.119143E-14
3869.85985112264  1.260205E-14
3872.63620603822  8.352744E-15
3875.4125609538  8.764141E-15
3878.18891586938  1.184642E-14
3880.96527078496  1.035901E-14
3883.74162570054  1.092210E-14
3886.51798061612  8.717961E-15
3889.2943355317  9.080762E-15
3892.07069044728  1.070640E-14
3894.84704536286  1.069861E-14
3897.62340027844  9.114949E-15
3900.39975519402  9.993351E-15
3903.1761101096  1.230447E-14
3905.95246502518  1.154902E-14
3908.72881994076  9.787443E-15
3911.50517485634  9.100634E-15
3914.28152977192  1.088037E-14
3917.0578846875  1.006482E-14
3919.83423960308  9.194497E-15
3922.61059451866  9.781719E-15
3925.38694943424  7.634167E-15
3928.16330434982  8.252589E-15
3930.9396592654  8.915857E-15
3933.71601418098  8.742776E-15
3936.49236909656  8.173652E-15
3939.26872401214  9.896921E-15
3942.04507892772  1.014377E-14
3944.82143384329  9.147491E-15
3947.59778875887  9.101211E-15
3950.37414367445  9.807174E-15
3953.15049859003  8.636979E-15
3955.92685350561  1.000722E-14
3958.70320842119  9.159637E-15
3961.47956333677  8.547498E-15
3964.25591825235  8.604578E-15
3967.03227316793  8.151775E-15
3969.80862808351  7.521251E-15
3972.58498299909  9.051504E-15
3975.36133791467  7.858898E-15
3978.13769283025  8.135071E-15
3980.91404774583  8.423242E-15
3983.69040266141  7.680929E-15
3986.46675757699  7.723534E-15
3989.24311249257  9.065365E-15
3992.01946740815  7.914731E-15
3994.79582232373  7.814280E-15
3997.57217723931  8.672445E-15
4000.34853215489  9.754383E-15
4003.12488707047  8.223265E-15
4005.90124198605  9.613058E-15
4008.67759690163  8.962003E-15
4011.45395181721  8.205107E-15
4014.23030673279  9.154719E-15
4017.00666164837  9.548785E-15
4019.78301656395  9.026773E-15
4022.55937147953  8.669055E-15
4025.33572639511  9.412593E-15
4028.11208131069  8.819497E-15
4030.88843622627  7.979868E-15
4033.66479114185  7.990909E-15
4036.44114605743  8.887320E-15
4039.21750097301  9.572407E-15
4041.99385588858  9.117823E-15
4044.77021080416  9.381098E-15
4047.54656571974  9.867216E-15
4050.32292063532  9.647665E-15
4053.0992755509  9.551294E-15
4055.87563046648  9.792737E-15
4058.65198538206  8.002966E-15
4061.42834029764  9.044728E-15
4064.20469521322  1.001416E-14
4066.9810501288  1.141788E-14
4069.75740504438  1.000536E-14
4072.53375995996  1.004743E-14
4075.31011487554  9.881618E-15
4078.08646979112  1.014542E-14
4080.8628247067  9.348764E-15
4083.63917962228  8.089430E-15
4086.41553453786  8.790000E-15
4089.19188945344  9.468195E-15
4091.96824436902  8.888224E-15
4094.7445992846  8.080843E-15
4097.52095420018  7.982267E-15
4100.29730911576  7.880135E-15
4103.07366403134  8.359189E-15
4105.85001894692  6.957973E-15
4108.6263738625  6.849706E-15
4111.40272877808  8.370729E-15
4114.17908369366  8.723380E-15
4116.95543860924  8.260663E-15
4119.73179352482  8.351050E-15
4122.5081484404  9.062109E-15
4125.28450335598  8.019328E-15
4128.06085827156  8.437824E-15
4130.83721318714  9.856851E-15
4133.61356810271  8.786109E-15
4136.38992301829  8.540266E-15
4139.16627793387  1.003065E-14
4141.94263284945  8.815738E-15
4144.71898776503  9.237710E-15
4147.49534268061  1.020185E-14
4150.27169759619  8.940189E-15
4153.04805251177  1.004611E-14
4155.82440742735  9.244108E-15
4158.60076234293  9.667826E-15
4161.37711725851  1.056385E-14
4164.15347217409  8.567196E-15
4166.92982708967  7.796749E-15
4169.70618200525  8.780291E-15
4172.48253692083  8.901916E-15
4175.25889183641  9.088867E-15
4178.03524675199  9.452639E-15
4180.81160166757  9.914990E-15
4183.58795658315  9.131917E-15
4186.36431149873  9.253907E-15
4189.14066641431  9.666391E-15
4191.91702132989  8.756021E-15
4194.69337624547  8.419579E-15
4197.46973116105  9.010761E-15
4200.24608607663  8.395730E-15
4203.02244099221  8.873234E-15
4205.79879590779  9.368520E-15
4208.57515082337  8.553340E-15
4211.35150573895  8.873840E-15
4214.12786065453  9.354296E-15
4216.90421557011  8.053423E-15
4219.68057048569  8.619834E-15
4222.45692540127  8.985123E-15
4225.23328031684  8.581429E-15
4228.00963523242  9.114683E-15
4230.785990148  9.353837E-15
4233.56234506358  8.733217E-15
4236.33869997916  9.042522E-15
4239.11505489474  1.028153E-14
4241.89140981032  9.229257E-15
4244.6677647259  9.058182E-15
4247.44411964148  9.343469E-15
4250.22047455706  9.190631E-15
4252.99682947264  9.385514E-15
4255.77318438822  9.581104E-15
4258.5495393038  1.004255E-14
4261.32589421938  8.431971E-15
4264.10224913496  9.436205E-15
4266.87860405054  8.844483E-15
4269.65495896612  8.743819E-15
4272.4313138817  8.250119E-15
4275.20766879728  8.541721E-15
4277.98402371286  9.033005E-15
4280.76037862844  9.405528E-15
4283.53673354402  9.496426E-15
4286.3130884596  9.312664E-15
4289.08944337518  9.776237E-15
4291.86579829076  9.418352E-15
4294.64215320634  9.598734E-15
4297.41850812192  9.570963E-15
4300.1948630375  8.329743E-15
4302.97121795308  9.203724E-15
4305.74757286866  9.263900E-15
4308.52392778424  8.924187E-15
4311.30028269982  8.212446E-15
4314.0766376154  8.472744E-15
4316.85299253098  8.611532E-15
4319.62934744656  8.996198E-15
4322.40570236213  9.054493E-15
4325.18205727771  9.095979E-15
4327.95841219329  8.225490E-15
4330.73476710887  8.787686E-15
4333.51112202445  8.231044E-15
4336.28747694003  8.301005E-15
4339.06383185561  8.311602E-15
4341.84018677119  8.723706E-15
4344.61654168677  8.024079E-15
4347.39289660235  8.487534E-15
4350.16925151793  7.822564E-15
4352.94560643351  7.304279E-15
4355.72196134909  8.354122E-15
4358.49831626467  8.379493E-15
4361.27467118025  8.047278E-15
4364.05102609583  8.970452E-15
4366.82738101141  8.407155E-15
4369.60373592699  8.893362E-15
4372.38009084257  8.816835E-15
4375.15644575815  9.085236E-15
4377.93280067373  8.776211E-15
4380.70915558931  8.981686E-15
4383.48551050489  8.165409E-15
4386.26186542047  8.148248E-15
4389.03822033605  9.017375E-15
4391.81457525163  8.957195E-15
4394.59093016721  9.275875E-15
4397.36728508279  9.018146E-15
4400.14363999837  8.988853E-15
4402.91999491395  8.823236E-15
4405.69634982953  8.478038E-15
4408.47270474511  8.819592E-15
4411.24905966069  9.147989E-15
4414.02541457626  9.686223E-15
4416.80176949185  9.702486E-15
4419.57812440742  8.951055E-15
4422.354479323  8.979638E-15
4425.13083423858  9.337675E-15
4427.90718915416  9.140421E-15
4430.68354406974  9.417619E-15
4433.45989898532  8.856947E-15
4436.2362539009  8.693241E-15
4439.01260881648  9.212424E-15
4441.78896373206  9.106639E-15
4444.56531864764  8.927062E-15
4447.34167356322  9.238123E-15
4450.1180284788  9.916683E-15
4452.89438339438  8.607087E-15
4455.67073830996  8.504542E-15
4458.44709322554  8.861482E-15
4461.22344814112  7.940104E-15
4463.9998030567  8.636611E-15
4466.77615797228  8.802924E-15
4469.55251288786  8.320228E-15
4472.32886780344  9.072256E-15
4475.10522271902  8.753444E-15
4477.8815776346  8.439542E-15
4480.65793255018  8.268700E-15
4483.43428746576  8.086219E-15
4486.21064238134  8.208634E-15
4488.98699729692  8.363814E-15
4491.7633522125  8.682380E-15
4494.53970712808  9.237043E-15
4497.31606204366  8.655674E-15
4500.09241695924  8.664469E-15
4502.86877187482  9.050502E-15
4505.64512679039  8.578101E-15
4508.42148170598  9.358439E-15
4511.19783662155  9.286339E-15
4513.97419153713  8.895059E-15
4516.75054645271  8.834444E-15
4519.52690136829  8.247988E-15
4522.30325628387  8.499555E-15
4525.07961119945  8.767974E-15
4527.85596611503  8.789757E-15
4530.63232103061  8.755873E-15
4533.40867594619  9.386194E-15
4536.18503086177  9.670242E-15
4538.96138577735  9.010815E-15
4541.73774069293  8.654794E-15
4544.51409560851  8.859043E-15
4547.29045052409  7.980631E-15
4550.06680543967  8.572257E-15
4552.84316035525  9.386474E-15
4555.61951527083  8.366667E-15
4558.39587018641  8.324798E-15
4561.17222510199  8.698151E-15
4563.94858001757  9.522515E-15
4566.72493493315  8.671681E-15
4569.50128984873  9.009452E-15
4572.27764476431  8.501781E-15
4575.05399967989  8.503091E-15
4577.83035459547  8.373459E-15
4580.60670951105  8.796386E-15
4583.38306442663  8.916163E-15
4586.15941934221  8.843687E-15
4588.93577425779  8.130895E-15
4591.71212917337  8.572086E-15
4594.48848408895  7.927090E-15
4597.26483900453  8.402603E-15
4600.0411939201  8.797561E-15
4602.81754883568  8.971888E-15
4605.59390375127  9.241430E-15
4608.37025866684  8.629208E-15
4611.14661358242  8.507479E-15
4613.922968498  9.043147E-15
4616.69932341358  9.003196E-15
4619.47567832916  8.872913E-15
4622.25203324474  8.840746E-15
4625.02838816032  8.800102E-15
4627.8047430759  8.795732E-15
4630.58109799148  9.256265E-15
4633.35745290706  9.052550E-15
4636.13380782264  9.062900E-15
4638.91016273822  9.442188E-15
4641.6865176538  9.079671E-15
4644.46287256938  9.172422E-15
4647.23922748496  9.155995E-15
4650.01558240054  9.477186E-15
4652.79193731612  1.052209E-14
4655.5682922317  9.726091E-15
4658.34464714728  9.281408E-15
4661.12100206286  9.422209E-15
4663.89735697844  9.225290E-15
4666.67371189402  9.245625E-15
4669.4500668096  8.997123E-15
4672.22642172518  1.019187E-14
4675.00277664076  1.015354E-14
4677.77913155634  9.579799E-15
4680.55548647192  9.185812E-15
4683.3318413875  9.526639E-15
4686.10819630308  9.503118E-15
4688.88455121866  9.684762E-15
4691.66090613424  9.303343E-15
4694.43726104982  9.236225E-15
4697.21361596539  9.340561E-15
4699.98997088097  9.795918E-15
4702.76632579655  9.634476E-15
4705.54268071213  9.483891E-15
4708.31903562771  9.376383E-15
4711.09539054329  9.224046E-15
4713.87174545887  9.374873E-15
4716.64810037445  9.488599E-15
4719.42445529003  8.847503E-15
4722.20081020561  8.147673E-15
4724.97716512119  8.997154E-15
4727.75352003677  9.091996E-15
4730.52987495235  9.446964E-15
4733.30622986793  8.777680E-15
4736.08258478351  8.706298E-15
4738.85893969909  8.637300E-15
4741.63529461467  8.621444E-15
4744.41164953025  9.175639E-15
4747.18800444583  8.826633E-15
4749.96435936141  8.690779E-15
4752.74071427699  8.683998E-15
4755.51706919257  9.598707E-15
4758.29342410815  9.188201E-15
4761.06977902373  8.710665E-15
4763.84613393931  8.507450E-15
4766.62248885489  8.696115E-15
4769.39884377047  8.248257E-15
4772.17519868605  8.518326E-15
4774.95155360163  9.352297E-15
4777.72790851721  9.007648E-15
4780.50426343279  8.612607E-15
4783.28061834837  8.452827E-15
4786.05697326394  8.619029E-15
4788.83332817953  8.472556E-15
4791.6096830951  8.618313E-15
4794.38603801068  8.237079E-15
4797.16239292626  8.897060E-15
4799.93874784184  8.629731E-15
4802.71510275742  8.557504E-15
4805.491457673  8.553449E-15
4808.26781258858  8.932244E-15
4811.04416750416  9.819065E-15
4813.82052241974  9.154732E-15
4816.59687733532  8.745357E-15
4819.3732322509  8.790531E-15
4822.14958716648  8.476406E-15
4824.92594208206  8.849976E-15
4827.70229699764  8.357537E-15
4830.47865191322  8.911459E-15
4833.2550068288  9.350437E-15
4836.03136174438  8.940084E-15
4838.80771665996  8.246627E-15
4841.58407157554  8.516438E-15
4844.36042649112  8.659922E-15
4847.1367814067  8.389658E-15
4849.91313632228  9.069230E-15
4852.68949123786  8.829274E-15
4855.46584615344  8.238557E-15
4858.24220106902  8.258057E-15
4861.0185559846  8.567799E-15
4863.79491090018  8.305544E-15
4866.57126581576  8.372264E-15
4869.34762073134  7.883921E-15
4872.12397564692  7.792009E-15
4874.9003305625  8.126546E-15
4877.67668547807  8.364843E-15
4880.45304039366  8.359295E-15
4883.22939530923  7.982283E-15
4886.00575022481  8.482024E-15
4888.7821051404  8.210247E-15
4891.55846005597  8.202852E-15
4894.33481497155  7.996102E-15
4897.11116988713  8.005740E-15
4899.88752480271  8.356291E-15
4902.66387971829  8.436841E-15
4905.44023463387  8.578847E-15
4908.21658954945  8.385517E-15
4910.99294446503  8.180672E-15
4913.76929938061  8.468330E-15
4916.54565429619  9.044786E-15
4919.32200921177  8.666646E-15
4922.09836412735  8.229958E-15
4924.87471904293  7.913200E-15
4927.65107395851  8.055043E-15
4930.42742887409  9.290198E-15
4933.20378378967  9.082066E-15
4935.98013870525  8.240516E-15
4938.75649362083  8.670567E-15
4941.53284853641  8.758595E-15
4944.30920345199  8.784194E-15
4947.08555836757  8.695520E-15
4949.86191328315  8.604204E-15
4952.63826819873  8.195795E-15
4955.41462311431  9.087347E-15
4958.19097802989  8.843392E-15
4960.96733294547  8.650558E-15
4963.74368786104  8.464188E-15
4966.52004277663  8.618963E-15
4969.29639769221  8.506688E-15
4972.07275260778  8.757164E-15
4974.84910752337  8.850639E-15
4977.62546243894  8.608237E-15
4980.40181735452  8.261073E-15
4983.1781722701  8.087820E-15
4985.95452718569  8.642630E-15
4988.73088210126  8.480700E-15
4991.50723701684  8.345679E-15
4994.28359193242  8.172574E-15
4997.059946848  8.543252E-15
4999.83630176358  8.701852E-15
5002.61265667916  7.867550E-15
5005.38901159474  8.287384E-15
5008.16536651032  8.719655E-15
5010.9417214259  8.396364E-15
5013.71807634148  8.729948E-15
5016.49443125706  8.167618E-15
5019.27078617264  7.965988E-15
5022.04714108822  8.066346E-15
5024.8234960038  8.098193E-15
5027.59985091938  8.086048E-15
5030.37620583496  7.964352E-15
5033.15256075054  7.912003E-15
5035.92891566612  8.437251E-15
5038.7052705817  7.658932E-15
5041.48162549728  8.017865E-15
5044.25798041286  8.561452E-15
5047.03433532844  8.010146E-15
5049.81069024402  8.103176E-15
5052.5870451596  8.930016E-15
5055.36340007518  8.452590E-15
5058.13975499076  8.517452E-15
5060.91610990634  9.091877E-15
5063.69246482192  8.757022E-15
5066.4688197375  8.098898E-15
5069.24517465307  8.795472E-15
5072.02152956866  8.222187E-15
5074.79788448423  8.544176E-15
5077.57423939981  8.713721E-15
5080.3505943154  8.554253E-15
5083.12694923098  8.698171E-15
5085.90330414655  8.536051E-15
5088.67965906213  8.340818E-15
5091.45601397771  8.673809E-15
5094.23236889329  7.700532E-15
5097.00872380887  8.266053E-15
5099.78507872445  8.753976E-15
5102.56143364003  8.045990E-15
5105.33778855561  8.237472E-15
5108.11414347119  8.352976E-15
5110.89049838677  8.501106E-15
5113.66685330235  7.786709E-15
5116.44320821793  8.267548E-15
5119.21956313351  8.546284E-15
5121.99591804909  8.580573E-15
5124.77227296467  8.558121E-15
5127.54862788025  8.740137E-15
5130.32498279583  8.384819E-15
5133.10133771141  8.391184E-15
5135.87769262699  8.545507E-15
5138.65404754257  8.803655E-15
5141.43040245815  8.726231E-15
5144.20675737373  8.676380E-15
5146.98311228931  8.414896E-15
5149.75946720489  8.034850E-15
5152.53582212047  8.155748E-15
5155.31217703605  8.586215E-15
5158.08853195163  7.940873E-15
5160.86488686721  8.043498E-15
5163.64124178279  8.413208E-15
5166.41759669837  8.268344E-15
5169.19395161395  8.267322E-15
5171.97030652952  8.492801E-15
5174.74666144511  8.033836E-15
5177.52301636068  8.204961E-15
5180.29937127626  8.370823E-15
5183.07572619184  8.314941E-15
5185.85208110742  8.491012E-15
5188.628436023  7.719466E-15
5191.40479093858  8.366056E-15
5194.18114585416  7.991478E-15
5196.95750076974  8.203476E-15
5199.73385568532  8.194441E-15
5202.5102106009  7.326910E-15
5205.28656551648  8.282061E-15
5208.06292043206  8.683944E-15
5210.83927534764  8.334642E-15
5213.61563026322  8.295340E-15
5216.3919851788  8.224349E-15
5219.16834009438  7.870599E-15
5221.94469500996  8.377705E-15
5224.72104992554  8.824900E-15
5227.49740484112  8.140854E-15
5230.2737597567  7.439078E-15
5233.05011467228  8.500528E-15
5235.82646958786  8.485822E-15
5238.60282450344  7.944347E-15
5241.37917941902  8.247793E-15
5244.1555343346  7.908709E-15
5246.93188925018  7.652877E-15
5249.70824416576  8.133675E-15
5252.48459908134  8.122550E-15
5255.26095399692  8.219271E-15
5258.0373089125  8.496985E-15
5260.81366382808  8.443519E-15
5263.59001874365  8.227470E-15
5266.36637365923  7.993550E-15
5269.14272857481  7.924541E-15
5271.91908349039  7.920299E-15
5274.69543840597  7.361394E-15
5277.47179332155  7.837177E-15
5280.24814823713  8.075664E-15
5283.02450315271  7.960571E-15
5285.80085806829  8.069009E-15
5288.57721298387  8.113239E-15
5291.35356789945  7.752956E-15
5294.12992281503  8.139252E-15
5296.90627773061  8.174339E-15
5299.68263264619  7.880456E-15
5302.45898756177  7.914719E-15
5305.23534247735  7.858229E-15
5308.01169739293  7.533521E-15
5310.78805230851  7.697787E-15
5313.56440722409  7.897134E-15
5316.34076213967  7.756842E-15
5319.11711705525  7.618248E-15
5321.89347197083  7.176879E-15
5324.66982688641  7.239864E-15
5327.44618180199  7.548235E-15
5330.22253671757  7.816144E-15
5332.99889163315  7.885990E-15
5335.77524654873  7.985296E-15
5338.55160146431  7.881736E-15
5341.32795637989  7.414890E-15
5344.10431129547  7.619454E-15
5346.88066621105  8.124286E-15
5349.65702112662  7.684727E-15
5352.43337604221  7.693435E-15
5355.20973095778  7.904096E-15
5357.98608587337  7.963989E-15
5360.76244078894  8.184386E-15
5363.53879570452  7.682746E-15
5366.3151506201  7.596403E-15
5369.09150553568  7.870944E-15
5371.86786045126  8.159393E-15
5374.64421536684  7.921928E-15
5377.42057028242  7.435368E-15
5380.196925198  7.356247E-15
5382.97328011358  7.516163E-15
5385.74963502916  7.418852E-15
5388.52598994474  7.748883E-15
5391.30234486032  7.913182E-15
5394.0786997759  7.556407E-15
5396.85505469148  7.192404E-15
5399.63140960706  7.742961E-15
5402.40776452264  7.757984E-15
5405.18411943822  7.759218E-15
5407.9604743538  8.184262E-15
5410.73682926938  7.729364E-15
5413.51318418496  7.339186E-15
5416.28953910054  7.668712E-15
5419.06589401612  7.457297E-15
5421.8422489317  7.849544E-15
5424.61860384728  7.663949E-15
5427.39495876286  7.356752E-15
5430.17131367844  7.536755E-15
5432.94766859402  8.046960E-15
5435.7240235096  7.701546E-15
5438.50037842518  7.592996E-15
5441.27673334076  7.606837E-15
5444.05308825634  7.838497E-15
5446.82944317192  7.804946E-15
5449.6057980875  7.523953E-15
5452.38215300308  7.771790E-15
5455.15850791866  7.822007E-15
5457.93486283423  7.748418E-15
5460.71121774981  7.333207E-15
5463.48757266539  7.312539E-15
5466.26392758097  7.304376E-15
5469.04028249655  7.314132E-15
5471.81663741213  7.612665E-15
5474.59299232771  7.521193E-15
5477.36934724329  7.099274E-15
5480.14570215887  7.643375E-15
5482.92205707445  7.483888E-15
5485.69841199003  7.392364E-15
5488.47476690561  7.537523E-15
5491.25112182119  7.415509E-15
5494.02747673677  7.284599E-15
5496.80383165235  7.065064E-15
5499.58018656793  7.601995E-15
5502.35654148351  7.422353E-15
5505.13289639909  7.174435E-15
5507.90925131467  7.291249E-15
5510.68560623025  7.502744E-15
5513.46196114583  7.481766E-15
5516.23831606141  7.716835E-15
5519.01467097699  7.590743E-15
5521.79102589257  7.252257E-15
5524.56738080815  7.156880E-15
5527.34373572373  7.674282E-15
5530.12009063931  7.462165E-15
5532.89644555489  7.032851E-15
5535.67280047047  7.211355E-15
5538.44915538605  7.604520E-15
5541.22551030163  7.262236E-15
5544.0018652172  6.990786E-15
5546.77822013278  7.179800E-15
5549.55457504837  7.310690E-15
5552.33092996394  7.362407E-15
5555.10728487952  7.294411E-15
5557.8836397951  7.272195E-15
5560.65999471068  7.466958E-15
5563.43634962626  7.188357E-15
5566.21270454184  6.952808E-15
5568.98905945742  7.172249E-15
5571.765414373  6.939398E-15
5574.54176928858  7.368559E-15
5577.31812420416  6.944058E-15
5580.09447911974  6.643355E-15
5582.87083403532  7.258442E-15
5585.6471889509  7.265484E-15
5588.42354386648  7.344734E-15
5591.19989878206  7.286542E-15
5593.97625369764  7.301931E-15
5596.75260861322  6.923257E-15
5599.5289635288  6.954496E-15
5602.30531844438  7.246319E-15
5605.08167335996  7.304222E-15
5607.85802827554  7.284011E-15
5610.63438319112  7.374270E-15
5613.4107381067  7.465417E-15
5616.18709302228  7.329894E-15
5618.96344793786  7.480786E-15
5621.73980285344  7.528086E-15
5624.51615776902  7.217338E-15
5627.2925126846  7.086379E-15
5630.06886760018  7.132872E-15
5632.84522251576  7.320459E-15
5635.62157743134  7.105797E-15
5638.39793234691  6.785471E-15
5641.1742872625  6.790303E-15
5643.95064217807  6.969210E-15
5646.72699709365  7.472718E-15
5649.50335200923  7.382063E-15
5652.27970692482  6.872972E-15
5655.05606184039  6.931366E-15
5657.83241675597  6.739199E-15
5660.60877167155  6.857874E-15
5663.38512658713  6.619474E-15
5666.16148150271  6.531248E-15
5668.93783641829  7.062291E-15
5671.71419133387  7.050154E-15
5674.49054624945  6.847760E-15
5677.26690116503  6.539652E-15
5680.04325608061  6.853050E-15
5682.81961099619  6.602517E-15
5685.59596591177  6.765744E-15
5688.37232082735  6.785276E-15
5691.14867574293  7.224435E-15
5693.92503065851  6.893129E-15
5696.70138557409  6.837810E-15
5699.47774048967  7.090885E-15
5702.25409540525  7.135433E-15
5705.03045032083  6.563868E-15
5707.80680523641  6.612249E-15
5710.58316015199  7.035259E-15
5713.35951506757  7.079461E-15
5716.13586998315  7.005322E-15
5718.91222489873  6.982640E-15
5721.68857981431  6.919942E-15
5724.46493472989  6.988334E-15
5727.24128964546  7.219673E-15
5730.01764456105  6.911404E-15
5732.79399947663  6.842170E-15
5735.5703543922  6.886019E-15
5738.34670930778  6.681398E-15
5741.12306422336  6.515439E-15
5743.89941913894  7.097802E-15
5746.67577405452  7.120987E-15
5749.4521289701  6.596362E-15
5752.22848388568  6.487197E-15
5755.00483880126  7.184210E-15
5757.78119371684  6.809804E-15
5760.55754863242  6.872667E-15
5763.333903548  6.687390E-15
5766.11025846358  6.821242E-15
5768.88661337916  6.571591E-15
5771.66296829474  7.020622E-15
5774.43932321032  6.369550E-15
5777.2156781259  6.843875E-15
5779.99203304148  6.964965E-15
5782.76838795706  6.905927E-15
5785.54474287264  6.848062E-15
5788.32109778822  7.015154E-15
5791.0974527038  6.770414E-15
5793.87380761938  6.824701E-15
5796.65016253496  6.961771E-15
5799.42651745054  7.042956E-15
5802.20287236612  6.875388E-15
5804.9792272817  7.008036E-15
5807.75558219728  6.680535E-15
5810.53193711286  6.716987E-15
5813.30829202844  6.752556E-15
5816.08464694402  6.775334E-15
5818.8610018596  6.400037E-15
5821.63735677518  6.691100E-15
5824.41371169076  6.811658E-15
5827.19006660633  6.776109E-15
5829.96642152192  6.889206E-15
5832.74277643749  7.064403E-15
5835.51913135307  6.359638E-15
5838.29548626865  6.656793E-15
5841.07184118423  6.830359E-15
5843.84819609981  7.035856E-15
5846.62455101539  6.444363E-15
5849.40090593097  6.388305E-15
5852.17726084655  6.607174E-15
5854.95361576213  6.587323E-15
5857.72997067771  6.504070E-15
5860.50632559329  6.420234E-15
5863.28268050887  6.788585E-15
5866.05903542445  6.798465E-15
5868.83539034003  6.756768E-15
5871.61174525561  6.802180E-15
5874.38810017119  6.225856E-15
5877.16445508677  6.537449E-15
5879.94081000235  6.680312E-15
5882.71716491793  6.692175E-15
5885.49351983351  6.378745E-15
5888.26987474909  6.350915E-15
5891.04622966467  6.104591E-15
5893.82258458025  5.942034E-15
5896.59893949583  6.260141E-15
5899.37529441141  6.341693E-15
5902.15164932699  6.590172E-15
5904.92800424257  6.769580E-15
5907.70435915815  6.683398E-15
5910.48071407373  6.617721E-15
5913.25706898931  6.765208E-15
5916.03342390489  6.230007E-15
5918.80977882047  6.206715E-15
5921.58613373604  6.551223E-15
5924.36248865163  6.425738E-15
5927.1388435672  6.401189E-15
5929.91519848278  6.410819E-15
5932.69155339836  6.540955E-15
5935.46790831394  6.509299E-15
5938.24426322952  6.542521E-15
5941.0206181451  6.370927E-15
5943.79697306068  6.376891E-15
5946.57332797626  5.855893E-15
5949.34968289184  5.990987E-15
5952.12603780742  6.236707E-15
5954.902392723  6.542220E-15
5957.67874763858  6.163774E-15
5960.45510255416  6.058716E-15
5963.23145746974  6.449271E-15
5966.00781238532  6.252181E-15
5968.7841673009  6.004473E-15
5971.56052221648  5.958275E-15
5974.33687713206  6.237915E-15
5977.11323204764  6.551440E-15
5979.88958696322  6.331734E-15
5982.6659418788  6.286222E-15
5985.44229679438  6.618322E-15
5988.21865170996  6.267774E-15
5990.99500662554  5.973360E-15
5993.77136154112  6.227520E-15
5996.5477164567  6.375094E-15
5999.32407137228  6.603192E-15
6002.10042628786  6.437300E-15
6004.87678120344  6.056266E-15
6007.65313611902  5.942603E-15
6010.42949103459  5.790692E-15
6013.20584595018  5.921264E-15
6015.98220086575  6.085011E-15
6018.75855578134  6.192195E-15
6021.53491069691  6.024686E-15
6024.31126561249  6.148220E-15
6027.08762052807  6.435765E-15
6029.86397544365  6.043431E-15
6032.64033035923  6.339598E-15
6035.41668527481  6.150396E-15
6038.19304019039  6.150359E-15
6040.96939510597  6.127170E-15
6043.74575002155  6.038795E-15
6046.52210493713  6.085540E-15
6049.29845985271  5.967558E-15
6052.07481476829  6.213593E-15
6054.85116968387  6.178983E-15
6057.62752459945  6.153219E-15
6060.40387951503  6.345736E-15
6063.18023443061  5.839010E-15
6065.95658934619  6.011584E-15
6068.73294426177  6.391290E-15
6071.50929917735  6.369914E-15
6074.28565409293  5.814071E-15
6077.06200900851  5.929373E-15
6079.83836392409  5.985427E-15
6082.61471883967  5.845888E-15
6085.39107375525  6.157160E-15
6088.16742867083  6.178546E-15
6090.94378358641  5.586965E-15
6093.72013850199  5.882651E-15
6096.49649341757  6.413833E-15
6099.27284833315  6.001789E-15
6102.04920324873  5.896835E-15
6104.82555816431  5.486965E-15
6107.60191307989  6.206255E-15
6110.37826799546  5.783059E-15
6113.15462291105  5.969454E-15
6115.93097782662  5.381121E-15
6118.7073327422  5.598062E-15
6121.48368765778  6.026466E-15
6124.26004257336  6.325002E-15
6127.03639748894  6.144537E-15
6129.81275240452  5.846678E-15
6132.5891073201  5.812944E-15
6135.36546223568  5.864693E-15
6138.14181715126  6.097982E-15
6140.91817206684  5.912275E-15
6143.69452698242  5.978100E-15
6146.470881898  6.348249E-15
6149.24723681358  5.901639E-15
6152.02359172916  6.030156E-15
6154.79994664474  6.058238E-15
6157.57630156032  5.547637E-15
6160.3526564759  5.699052E-15
6163.12901139148  6.226214E-15
6165.90536630706  5.916976E-15
6168.68172122264  5.623254E-15
6171.45807613822  5.721757E-15
6174.2344310538  6.096970E-15
6177.01078596938  6.209624E-15
6179.78714088496  6.041432E-15
6182.56349580054  6.129707E-15
6185.33985071612  6.223762E-15
6188.1162056317  5.965968E-15
6190.89256054728  5.899119E-15
6193.66891546286  6.095147E-15
6196.44527037844  5.856941E-15
6199.22162529402  5.782194E-15
6201.9979802096  6.023124E-15
6204.77433512517  6.010675E-15
6207.55069004076  5.766675E-15
6210.32704495633  5.577923E-15
6213.10339987191  5.730391E-15
6215.87975478749  5.719961E-15
6218.65610970307  5.796005E-15
6221.43246461865  5.954531E-15
6224.20881953423  5.841234E-15
6226.98517444981  5.918314E-15
6229.76152936539  5.982113E-15
6232.53788428097  5.879316E-15
6235.31423919655  5.498509E-15
6238.09059411213  5.788918E-15
6240.86694902771  5.973072E-15
6243.64330394329  5.914864E-15
6246.41965885887  5.858774E-15
6249.19601377445  6.126530E-15
6251.97236869003  6.154402E-15
6254.74872360561  5.685014E-15
6257.52507852119  5.360303E-15
6260.30143343677  5.798063E-15
6263.07778835235  5.933059E-15
6265.85414326793  5.536855E-15
6268.63049818351  5.664296E-15
6271.40685309909  5.472169E-15
6274.18320801467  5.333262E-15
6276.95956293025  5.592984E-15
6279.73591784583  5.525162E-15
6282.51227276141  5.317078E-15
6285.28862767699  6.028004E-15
6288.06498259257  5.672393E-15
6290.84133750815  5.733416E-15
6293.61769242373  5.698121E-15
6296.39404733931  5.350213E-15
6299.17040225488  5.419758E-15
6301.94675717047  5.117829E-15
6304.72311208604  5.152559E-15
6307.49946700162  5.444403E-15
6310.2758219172  5.699835E-15
6313.05217683278  5.565122E-15
6315.82853174836  5.721132E-15
6318.60488666394  5.623846E-15
6321.38124157952  5.641713E-15
6324.1575964951  5.468072E-15
6326.93395141068  5.463577E-15
6329.71030632626  5.762789E-15
6332.48666124184  5.524433E-15
6335.26301615742  5.539717E-15
6338.039371073  5.828777E-15
6340.81572598858  5.620264E-15
6343.59208090416  5.757709E-15
6346.36843581974  5.799992E-15
6349.14479073532  5.392108E-15
6351.9211456509  5.578841E-15
6354.69750056648  5.700114E-15
6357.47385548206  5.502281E-15
6360.25021039764  5.380836E-15
6363.02656531322  5.339819E-15
6365.8029202288  5.348548E-15
6368.57927514438  5.603665E-15
6371.35563005996  5.780710E-15
6374.13198497554  5.430886E-15
6376.90833989111  5.506756E-15
6379.6846948067  5.549063E-15
6382.46104972228  5.213886E-15
6385.23740463786  5.399362E-15
6388.01375955344  5.796777E-15
6390.79011446902  5.751767E-15
6393.56646938459  5.535301E-15
6396.34282430017  5.353705E-15
6399.11917921575  5.983533E-15
6401.89553413133  5.698604E-15
6404.67188904691  5.434887E-15
6407.44824396249  5.547117E-15
6410.22459887807  5.407268E-15
6413.00095379365  5.173638E-15
6415.77730870923  5.467057E-15
6418.55366362481  5.487140E-15
6421.33001854039  5.330821E-15
6424.10637345597  5.681427E-15
6426.88272837155  5.627735E-15
6429.65908328713  5.340284E-15
6432.43543820271  5.532654E-15
6435.21179311829  5.789157E-15
6437.98814803387  5.688322E-15
6440.76450294945  5.409493E-15
6443.54085786503  5.396805E-15
6446.31721278061  5.462204E-15
6449.09356769619  5.484200E-15
6451.86992261177  5.270759E-15
6454.64627752735  5.157023E-15
6457.42263244293  5.426517E-15
6460.19898735851  5.451238E-15
6462.97534227409  5.429428E-15
6465.75169718967  5.526819E-15
6468.52805210525  5.347372E-15
6471.30440702083  5.358690E-15
6474.08076193641  5.253703E-15
6476.85711685199  4.984689E-15
6479.63347176757  5.538158E-15
6482.40982668315  5.426277E-15
6485.18618159872  5.351026E-15
6487.9625365143  5.224700E-15
6490.73889142988  5.412105E-15
6493.51524634546  5.382415E-15
6496.29160126104  5.487618E-15
6499.06795617662  5.178704E-15
6501.8443110922  5.355849E-15
6504.62066600778  5.163814E-15
6507.39702092336  5.226477E-15
6510.17337583894  5.237701E-15
6512.94973075452  5.164918E-15
6515.7260856701  5.418438E-15
6518.50244058568  5.318868E-15
6521.27879550126  5.492717E-15
6524.05515041684  5.306595E-15
6526.83150533242  5.490020E-15
6529.607860248  5.382920E-15
6532.38421516358  4.953498E-15
6535.16057007916  5.032395E-15
6537.93692499474  5.521131E-15
6540.71327991032  5.501836E-15
6543.4896348259  5.656224E-15
6546.26598974148  6.211557E-15
6549.04234465706  7.032430E-15
6551.81869957264  7.325772E-15
6554.59505448822  7.838085E-15
6557.3714094038  8.872982E-15
6560.14776431938  9.146811E-15
6562.92411923496  8.710890E-15
6565.70047415053  8.020048E-15
6568.47682906612  7.380588E-15
6571.25318398169  6.581590E-15
6574.02953889728  5.868025E-15
6576.80589381286  5.353009E-15
6579.58224872843  5.265046E-15
6582.35860364401  5.143569E-15
6585.13495855959  4.792070E-15
6587.91131347517  4.752167E-15
6590.68766839076  5.132762E-15
6593.46402330633  5.017107E-15
6596.24037822191  5.098241E-15
6599.01673313749  4.941799E-15
6601.79308805307  4.939221E-15
6604.56944296865  4.902140E-15
6607.34579788423  4.826490E-15
6610.12215279981  5.040784E-15
6612.89850771539  5.270619E-15
6615.67486263097  4.924098E-15
6618.45121754655  4.960301E-15
6621.22757246213  4.923479E-15
6624.00392737771  4.857197E-15
6626.78028229329  5.017207E-15
6629.55663720887  4.988003E-15
6632.33299212445  4.870176E-15
6635.10934704003  5.129445E-15
6637.88570195561  5.139810E-15
6640.66205687119  4.989619E-15
6643.43841178677  4.700759E-15
6646.21476670235  5.062051E-15
6648.99112161793  5.349295E-15
6651.76747653351  4.904156E-15
6654.54383144909  4.804392E-15
6657.32018636467  4.980108E-15
6660.09654128025  5.298163E-15
6662.87289619583  5.057994E-15
6665.64925111141  4.981167E-15
6668.42560602698  5.112561E-15
6671.20196094257  5.168424E-15
6673.97831585815  5.151102E-15
6676.75467077372  4.865161E-15
6679.5310256893  4.900091E-15
6682.30738060488  5.049819E-15
6685.08373552046  5.019102E-15
6687.86009043604  4.902973E-15
6690.63644535162  4.555186E-15
6693.4128002672  5.189483E-15
6696.18915518278  5.226722E-15
6698.96551009836  5.045085E-15
6701.74186501394  5.027930E-15
6704.51821992952  5.063073E-15
6707.2945748451  4.688904E-15
6710.07092976068  4.750143E-15
6712.84728467626  4.985705E-15
6715.62363959184  5.140523E-15
6718.39999450742  5.015149E-15
6721.176349423  4.918155E-15
6723.95270433858  4.671088E-15
6726.72905925416  4.647558E-15
6729.50541416974  4.840795E-15
6732.28176908532  4.966343E-15
6735.0581240009  5.152049E-15
6737.83447891648  5.216577E-15
6740.61083383206  4.968590E-15
6743.38718874764  4.734824E-15
6746.16354366322  4.921917E-15
6748.9398985788  4.779257E-15
6751.71625349438  4.477670E-15
6754.49260840996  4.739960E-15
6757.26896332554  5.274106E-15
6760.04531824112  4.777420E-15
6762.82167315669  4.928379E-15
6765.59802807227  5.135042E-15
6768.37438298785  4.972420E-15
6771.15073790343  4.908792E-15
6773.92709281901  4.987205E-15
6776.70344773459  4.803229E-15
6779.47980265018  4.771998E-15
6782.25615756575  4.678544E-15
6785.03251248133  4.681627E-15
6787.80886739691  4.647148E-15
6790.58522231249  4.789588E-15
6793.36157722807  5.090634E-15
6796.13793214365  4.860062E-15
6798.91428705923  4.551977E-15
6801.69064197481  4.676269E-15
6804.46699689039  4.808462E-15
6807.24335180597  4.881563E-15
6810.01970672155  4.961576E-15
6812.79606163713  4.862175E-15
6815.57241655271  4.783197E-15
6818.34877146829  4.836726E-15
6821.12512638387  4.780089E-15
6823.90148129945  4.599341E-15
6826.67783621503  4.608398E-15
6829.45419113061  4.930350E-15
6832.23054604619  4.919053E-15
6835.00690096177  4.807781E-15
6837.78325587735  5.057701E-15
6840.55961079293  4.856385E-15
6843.33596570851  4.774741E-15
6846.11232062409  4.783423E-15
6848.88867553967  4.731694E-15
6851.66503045524  4.940939E-15
6854.44138537082  4.777968E-15
6857.21774028641  5.008140E-15
6859.99409520199  5.123948E-15
6862.77045011756  4.883242E-15
6865.54680503314  5.233595E-15
6868.32315994872  4.884646E-15
6871.0995148643  4.907755E-15
6873.87586977988  5.275875E-15
6876.65222469546  4.989002E-15
6879.42857961104  4.775823E-15
6882.20493452662  4.877179E-15
6884.9812894422  4.858105E-15
6887.75764435778  4.795338E-15
6890.53399927336  4.740258E-15
6893.31035418894  4.763979E-15
6896.08670910452  4.718381E-15
6898.8630640201  4.717225E-15
6901.63941893568  4.935807E-15
6904.41577385126  4.759679E-15
6907.19212876684  5.012757E-15
6909.96848368242  4.697944E-15
6912.744838598  4.584487E-15
6915.52119351358  4.429366E-15
6918.29754842916  4.802225E-15
6921.07390334474  4.633954E-15
6923.85025826032  4.483524E-15
6926.6266131759  4.696642E-15
6929.40296809148  5.020612E-15
6932.17932300706  5.234653E-15
6934.95567792264  4.856255E-15
6937.73203283822  4.808306E-15
6940.5083877538  4.579176E-15
6943.28474266938  4.480094E-15
6946.06109758495  4.461724E-15
6948.83745250054  4.043749E-15
6951.61380741612  4.441546E-15
6954.39016233169  4.948153E-15
6957.16651724727  4.935637E-15
6959.94287216285  4.789923E-15
6962.71922707843  4.626814E-15
6965.49558199401  4.425210E-15
6968.27193690959  4.126547E-15
6971.04829182517  4.357353E-15
6973.82464674075  4.694907E-15
6976.60100165633  4.788564E-15
6979.37735657191  4.724746E-15
6982.15371148749  4.796890E-15
6984.93006640307  4.669001E-15
6987.70642131865  4.454854E-15
6990.48277623423  4.506191E-15
6993.25913114981  4.532624E-15
6996.03548606539  4.315481E-15
6998.81184098097  4.431193E-15
7001.58819589655  4.721856E-15
7004.36455081213  4.397918E-15
7007.14090572771  4.268379E-15
7009.91726064329  4.381683E-15
7012.69361555887  4.722822E-15
7015.46997047445  4.749564E-15
7018.24632539003  4.593980E-15
7021.02268030561  4.678278E-15
7023.79903522119  4.794721E-15
7026.57539013677  4.381347E-15
7029.35174505235  4.252765E-15
7032.12809996793  4.386060E-15
7034.90445488351  4.371935E-15
7037.68080979909  4.565669E-15
7040.45716471466  4.507345E-15
7043.23351963024  4.532443E-15
7046.00987454583  4.389173E-15
7048.7862294614  4.644991E-15
7051.56258437698  4.611107E-15
7054.33893929256  4.815249E-15
7057.11529420814  4.685881E-15
7059.89164912372  4.578671E-15
7062.6680040393  5.109271E-15
7065.44435895488  4.993549E-15
7068.22071387046  4.811599E-15
7070.99706878604  4.842078E-15
7073.77342370162  4.755751E-15
7076.5497786172  4.423283E-15
7079.32613353278  4.288910E-15
7082.10248844836  4.292990E-15
7084.87884336394  4.571218E-15
7087.65519827952  4.486016E-15
7090.4315531951  4.174935E-15
7093.20790811068  4.327331E-15
7095.98426302626  4.671787E-15
7098.76061794184  4.590865E-15
7101.53697285742  4.326930E-15
7104.313327773  4.336264E-15
7107.08968268858  4.216273E-15
7109.86603760416  4.165344E-15
7112.64239251974  4.402407E-15
7115.41874743532  4.413211E-15
7118.1951023509  4.541094E-15
7120.97145726648  4.435054E-15
7123.74781218206  4.485275E-15
7126.52416709764  4.180733E-15
7129.30052201322  4.245291E-15
7132.0768769288  4.376467E-15
7134.85323184437  4.365352E-15
7137.62958675996  4.323246E-15
7140.40594167553  4.331222E-15
7143.18229659112  4.272595E-15
7145.95865150669  4.372284E-15
7148.73500642227  4.237949E-15
7151.51136133785  4.063822E-15
7154.28771625343  3.947288E-15
7157.06407116901  4.090064E-15
7159.84042608459  4.393960E-15
7162.61678100017  4.341001E-15
7165.39313591575  4.097851E-15
7168.16949083133  4.121725E-15
7170.94584574691  4.348247E-15
7173.72220066249  4.265031E-15
7176.49855557807  4.137568E-15
7179.27491049365  4.344426E-15
7182.05126540923  4.178965E-15
7184.82762032481  3.900655E-15
7187.60397524039  4.027035E-15
7190.38033015597  3.676609E-15
7193.15668507155  3.500593E-15
7195.93303998713  4.020365E-15
7198.70939490271  3.756307E-15
7201.48574981829  3.791265E-15
7204.26210473387  3.800219E-15
7207.03845964945  3.816439E-15
7209.81481456503  4.011360E-15
7212.59116948061  3.935904E-15
7215.36752439619  3.821210E-15
7218.14387931177  3.828329E-15
7220.92023422735  4.246213E-15
7223.69658914293  4.393911E-15
7226.47294405851  4.092853E-15
7229.24929897409  4.019832E-15
7232.02565388966  3.965247E-15
7234.80200880524  3.975690E-15
7237.57836372083  4.121299E-15
7240.3547186364  4.241442E-15
7243.13107355198  4.038928E-15
7245.90742846756  4.116219E-15
7248.68378338314  4.096369E-15
7251.46013829872  4.196834E-15
7254.2364932143  4.040582E-15
7257.01284812988  4.250338E-15
7259.78920304546  4.219433E-15
7262.56555796104  4.183733E-15
7265.34191287662  4.322720E-15
7268.1182677922  4.045717E-15
7270.89462270778  4.073340E-15
7273.67097762336  4.156872E-15
7276.44733253894  3.901729E-15
7279.22368745452  3.918598E-15
7282.0000423701  4.048360E-15
7284.77639728568  3.928046E-15
7287.55275220126  3.679375E-15
7290.32910711684  3.687176E-15
7293.10546203242  4.008369E-15
7295.881816948  3.975962E-15
7298.65817186358  3.837859E-15
7301.43452677916  4.096876E-15
7304.21088169474  4.151336E-15
7306.98723661032  3.979540E-15
7309.7635915259  3.803038E-15
7312.53994644148  3.741882E-15
7315.31630135706  3.876496E-15
7318.09265627264  3.810470E-15
7320.86901118822  3.840878E-15
7323.6453661038  4.028095E-15
7326.42172101938  4.085830E-15
7329.19807593495  4.052073E-15
7331.97443085053  3.646933E-15
7334.75078576611  3.703408E-15
7337.52714068169  4.034996E-15
7340.30349559727  3.911401E-15
7343.07985051285  3.795863E-15
7345.85620542843  3.835697E-15
7348.63256034401  3.629942E-15
7351.40891525959  3.640189E-15
7354.18527017517  3.839720E-15
7356.96162509075  3.774531E-15
7359.73798000633  3.829906E-15
7362.51433492191  3.752937E-15
7365.29068983749  3.938771E-15
7368.06704475307  4.133236E-15
7370.84339966865  3.828265E-15
7373.61975458423  3.820174E-15
7376.39610949981  3.792452E-15
7379.17246441539  3.929938E-15
7381.94881933097  3.839173E-15
7384.72517424655  3.750750E-15
7387.50152916213  3.742306E-15
7390.27788407771  3.843579E-15
7393.05423899329  3.643350E-15
7395.83059390887  3.758985E-15
7398.60694882445  4.036195E-15
7401.38330374003  3.878187E-15
7404.15965865561  3.726534E-15
7406.93601357119  3.716645E-15
7409.71236848677  3.552700E-15
7412.48872340235  3.576414E-15
7415.26507831793  3.743624E-15
7418.04143323351  3.674868E-15
7420.81778814909  3.718157E-15
7423.59414306466  3.669218E-15
7426.37049798024  3.693889E-15
7429.14685289582  4.080449E-15
7431.9232078114  3.801404E-15
7434.69956272698  3.468726E-15
7437.47591764256  3.657461E-15
7440.25227255814  3.684649E-15
7443.02862747372  3.565613E-15
7445.8049823893  3.737524E-15
7448.58133730488  3.591497E-15
7451.35769222046  3.448149E-15
7454.13404713604  3.479784E-15
7456.91040205162  3.545275E-15
7459.6867569672  3.479539E-15
7462.46311188278  3.604598E-15
7465.23946679836  3.841791E-15
7468.01582171394  3.633921E-15
7470.79217662952  3.540923E-15
7473.5685315451  3.778668E-15
7476.34488646068  3.552929E-15
7479.12124137626  3.405636E-15
7481.89759629184  3.695958E-15
7484.67395120742  3.770816E-15
7487.450306123  3.704253E-15
7490.22666103858  3.477966E-15
7493.00301595416  3.759011E-15
7495.77937086974  3.509156E-15
7498.55572578532  3.347978E-15
7501.3320807009  3.545033E-15
7504.10843561648  3.582512E-15
7506.88479053206  3.830147E-15
7509.66114544764  3.488712E-15
7512.43750036321  3.360131E-15
7515.2138552788  3.362969E-15
7517.99021019437  3.316801E-15
7520.76656510995  3.596299E-15
7523.54292002553  3.589662E-15
7526.31927494111  3.512274E-15
7529.09562985669  3.683179E-15
7531.87198477227  3.686301E-15
7534.64833968785  3.960563E-15
7537.42469460343  4.018691E-15
7540.20104951901  3.922532E-15
7542.97740443459  4.243513E-15
7545.75375935017  4.232487E-15
7548.53011426575  4.060186E-15
7551.30646918133  4.193345E-15
7554.08282409691  3.848244E-15
7556.85917901249  3.804071E-15
7559.63553392807  3.698326E-15
7562.41188884365  3.381970E-15
7565.18824375923  3.326367E-15
7567.96459867481  3.675218E-15
7570.74095359039  3.572622E-15
7573.51730850597  3.594484E-15
7576.29366342155  3.609300E-15
7579.07001833713  3.344247E-15
7581.84637325271  3.557099E-15
7584.62272816829  3.723823E-15
7587.39908308387  3.373599E-15
7590.17543799945  3.364022E-15
7592.95179291503  3.525497E-15
7595.72814783061  3.117713E-15
7598.50450274619  3.254525E-15
7601.28085766177  3.471819E-15
7604.05721257735  3.708223E-15
7606.83356749292  3.134259E-15
7609.60992240851  3.584732E-15
7612.38627732408  3.479431E-15
7615.16263223967  3.368694E-15
7617.93898715524  3.650932E-15
7620.71534207082  3.497860E-15
7623.4916969864  3.495853E-15
7626.26805190198  3.153302E-15
7629.04440681756  3.315254E-15
7631.82076173314  3.614877E-15
7634.59711664872  2.959415E-15
7637.3734715643  2.827259E-15
7640.14982647988  3.208088E-15
7642.92618139546  3.175850E-15
7645.70253631104  3.180782E-15
7648.47889122662  3.231246E-15
7651.2552461422  3.352347E-15
7654.03160105778  3.259169E-15
7656.80795597336  3.386380E-15
7659.58431088894  3.411951E-15
7662.36066580452  3.366934E-15
7665.1370207201  3.123070E-15
7667.91337563568  3.276293E-15
7670.68973055126  3.392816E-15
7673.46608546684  3.552107E-15
7676.24244038242  3.103902E-15
7679.018795298  3.372437E-15
7681.79515021358  3.405697E-15
7684.57150512916  3.206103E-15
7687.34786004474  3.163194E-15
7690.12421496032  3.110514E-15
7692.9005698759  3.077492E-15
7695.67692479148  3.079493E-15
7698.45327970706  3.205347E-15
7701.22963462264  3.080840E-15
7704.00598953821  3.059067E-15
7706.78234445379  3.167081E-15
7709.55869936937  3.240936E-15
7712.33505428495  3.382368E-15
7715.11140920053  3.121786E-15
7717.88776411611  3.131787E-15
7720.66411903169  3.308066E-15
7723.44047394727  3.093527E-15
7726.21682886285  2.946461E-15
7728.99318377843  3.085826E-15
7731.76953869401  3.217535E-15
7734.54589360959  3.200125E-15
7737.32224852517  3.236018E-15
7740.09860344075  3.211806E-15
7742.87495835633  3.011561E-15
7745.65131327191  3.241994E-15
7748.42766818749  3.460174E-15
7751.20402310307  3.359706E-15
7753.98037801865  3.435781E-15
7756.75673293423  3.176283E-15
7759.53308784981  3.233154E-15
7762.30944276539  3.352170E-15
7765.08579768097  3.276838E-15
7767.86215259655  3.321342E-15
7770.63850751213  3.268503E-15
7773.41486242771  3.446629E-15
7776.19121734329  3.128310E-15
7778.96757225887  3.220211E-15
7781.74392717445  3.239074E-15
7784.52028209003  3.183917E-15
7787.29663700561  3.107284E-15
7790.07299192119  3.079700E-15
7792.84934683677  3.277118E-15
7795.62570175234  3.185314E-15
7798.40205666793  3.211447E-15
7801.1784115835  3.299774E-15
7803.95476649909  3.296510E-15
7806.73112141466  3.483714E-15
7809.50747633024  3.205535E-15
7812.28383124582  3.130693E-15
7815.0601861614  3.178725E-15
7817.83654107698  3.205089E-15
7820.61289599256  3.502710E-15
7823.38925090814  3.203254E-15
7826.16560582372  2.944640E-15
7828.9419607393  3.109655E-15
7831.71831565488  3.205763E-15
7834.49467057046  3.234606E-15
7837.27102548604  3.081346E-15
7840.04738040162  2.973683E-15
7842.8237353172  3.100292E-15
7845.60009023278  3.258917E-15
7848.37644514836  3.221285E-15
7851.15280006394  3.368355E-15
7853.92915497952  3.118996E-15
7856.7055098951  2.844118E-15
7859.48186481068  3.064849E-15
7862.25821972626  2.968990E-15
7865.03457464184  3.166800E-15
7867.81092955742  3.167542E-15
7870.587284473  2.992575E-15
7873.36363938858  2.817090E-15
7876.13999430416  3.218384E-15
7878.91634921974  3.208407E-15
7881.69270413532  3.329281E-15
7884.4690590509  3.416897E-15
7887.24541396648  3.142582E-15
7890.02176888206  3.009419E-15
7892.79812379764  3.050267E-15
7895.57447871321  2.797945E-15
7898.3508336288  3.073290E-15
7901.12718854437  3.276454E-15
7903.90354345995  3.037033E-15
7906.67989837553  2.922305E-15
7909.45625329111  2.683946E-15
7912.23260820669  2.806713E-15
7915.00896312227  3.297229E-15
7917.78531803785  3.010529E-15
7920.56167295343  2.928469E-15
7923.33802786901  3.164671E-15
7926.11438278459  2.884727E-15
7928.89073770017  3.212511E-15
7931.66709261575  3.415953E-15
7934.44344753133  3.108154E-15
7937.21980244691  3.107134E-15
7939.99615736249  3.134047E-15
7942.77251227807  3.132006E-15
7945.54886719365  3.080579E-15
7948.32522210923  3.157270E-15
7951.10157702481  2.934600E-15
7953.87793194039  3.032146E-15
7956.65428685597  3.051959E-15
7959.43064177155  2.788812E-15
7962.20699668713  2.915723E-15
7964.98335160271  3.077115E-15
7967.75970651829  3.019672E-15
7970.53606143387  2.961747E-15
7973.31241634945  3.032751E-15
7976.08877126503  3.032933E-15
7978.86512618061  2.823692E-15
7981.64148109619  3.247925E-15
7984.41783601176  3.195358E-15
7987.19419092735  2.941433E-15
7989.97054584292  3.024046E-15
7992.74690075851  3.161058E-15
7995.52325567408  2.957710E-15
7998.29961058966  3.050238E-15
8001.07596550524  3.099939E-15
8003.85232042082  2.937308E-15
8006.6286753364  3.121344E-15
8009.40503025198  3.172761E-15
8012.18138516756  2.927082E-15
8014.95774008314  2.940679E-15
8017.73409499872  2.962817E-15
8020.5104499143  3.020609E-15
8023.28680482988  3.195145E-15
8026.06315974546  2.841857E-15
8028.83951466104  2.692534E-15
8031.61586957662  2.989984E-15
8034.3922244922  3.070741E-15
8037.16857940778  2.955258E-15
8039.94493432336  3.130650E-15
8042.72128923894  2.737993E-15
8045.49764415452  2.886560E-15
8048.2739990701  3.009302E-15
8051.05035398568  3.082533E-15
8053.82670890126  3.182891E-15
8056.60306381684  3.117858E-15
8059.37941873242  3.044627E-15
8062.155773648  2.920217E-15
8064.93212856357  2.973758E-15
8067.70848347916  3.018024E-15
8070.48483839474  2.956480E-15
8073.26119331031  3.067736E-15
8076.03754822589  2.968649E-15
8078.81390314148  2.994822E-15
8081.59025805706  2.950254E-15
8084.36661297263  2.652067E-15
8087.14296788822  2.882571E-15
8089.91932280379  2.976469E-15
8092.69567771937  3.232214E-15
8095.47203263495  3.042692E-15
8098.24838755053  2.891426E-15
8101.02474246611  3.330586E-15
8103.80109738169  3.123546E-15
8106.57745229727  2.889589E-15
8109.35380721285  2.817860E-15
8112.13016212843  2.688366E-15
8114.90651704401  2.761465E-15
8117.68287195959  3.022420E-15
8120.45922687517  2.948641E-15
8123.23558179075  2.762090E-15
8126.01193670633  2.864752E-15
8128.78829162191  2.903155E-15
8131.56464653749  3.019868E-15
8134.34100145307  2.869993E-15
8137.11735636865  2.607625E-15
8139.89371128423  2.377119E-15
8142.67006619981  2.688609E-15
8145.44642111539  2.534189E-15
8148.22277603097  2.474393E-15
8150.99913094655  2.580315E-15
8153.77548586213  2.532958E-15
8156.55184077771  2.426802E-15
8159.32819569329  2.346128E-15
8162.10455060886  2.544119E-15
8164.88090552445  2.798361E-15
8167.65726044003  2.719053E-15
8170.43361535561  2.514622E-15
8173.20997027118  2.417325E-15
8175.98632518676  2.529036E-15
8178.76268010234  2.821984E-15
8181.53903501792  2.763738E-15
8184.3153899335  2.456128E-15
8187.09174484908  2.589504E-15
8189.86809976466  2.717670E-15
8192.64445468024  2.564352E-15
8195.42080959582  2.449092E-15
8198.1971645114  2.865156E-15
8200.97351942698  2.853934E-15
8203.74987434256  2.768305E-15
8206.52622925814  2.945256E-15
8209.30258417372  2.845147E-15
8212.0789390893  2.781964E-15
8214.85529400488  2.865026E-15
8217.63164892046  2.957317E-15
8220.40800383604  2.903875E-15
8223.18435875162  2.682296E-15
8225.9607136672  2.369824E-15
8228.73706858278  2.301732E-15
8231.51342349836  2.431533E-15
8234.28977841394  2.527815E-15
8237.06613332952  2.853796E-15
8239.8424882451  2.584393E-15
8242.61884316068  2.845428E-15
8245.39519807626  3.017938E-15
8248.17155299184  3.124929E-15
8250.94790790742  2.683121E-15
8253.724262823  2.980686E-15
8256.50061773858  3.004727E-15
8259.27697265415  2.769732E-15
8262.05332756974  2.910211E-15
8264.82968248532  2.874868E-15
8267.60603740089  2.870065E-15
8270.38239231647  2.913200E-15
8273.15874723205  2.678723E-15
8275.93510214764  2.721959E-15
8278.71145706321  2.949543E-15
8281.48781197879  2.963861E-15
8284.26416689437  2.840728E-15
8287.04052180995  2.447312E-15
8289.81687672553  2.552582E-15
8292.59323164111  2.739404E-15
8295.36958655669  2.633591E-15
8298.14594147227  2.624776E-15
8300.92229638785  2.723378E-15
8303.69865130343  2.844354E-15
8306.47500621901  3.071381E-15
8309.25136113459  2.837027E-15
8312.02771605017  2.540718E-15
8314.80407096575  2.774637E-15
8317.58042588133  2.708817E-15
8320.35678079691  2.588723E-15
8323.13313571249  2.685149E-15
8325.90949062807  2.566938E-15
8328.68584554365  2.392736E-15
8331.46220045923  2.637530E-15
8334.23855537481  2.785763E-15
8337.01491029039  2.525803E-15
8339.79126520597  2.672574E-15
8342.56762012155  2.888526E-15
8345.34397503712  3.012348E-15
8348.12032995271  3.142757E-15
8350.89668486829  3.021922E-15
8353.67303978387  2.648999E-15
8356.44939469944  2.890019E-15
8359.22574961502  2.837345E-15
8362.00210453061  2.951732E-15
8364.77845944619  2.759194E-15
8367.55481436176  2.816069E-15
8370.33116927734  2.932350E-15
8373.10752419292  2.844291E-15
8375.8838791085  2.680290E-15
8378.66023402408  3.010622E-15
8381.43658893966  3.110235E-15
8384.21294385524  2.845329E-15
8386.98929877082  2.859085E-15
8389.7656536864  2.627165E-15
8392.54200860198  2.950652E-15
8395.31836351756  3.183491E-15
8398.09471843314  2.813165E-15
8400.87107334872  2.958213E-15
8403.6474282643  3.108841E-15
8406.42378317988  2.804748E-15
8409.20013809546  2.653527E-15
8411.97649301104  2.883309E-15
8414.75284792662  2.992040E-15
8417.5292028422  2.718317E-15
8420.30555775778  2.962454E-15
8423.08191267336  3.047896E-15
8425.85826758894  2.835002E-15
8428.63462250452  2.691844E-15
8431.4109774201  2.751773E-15
8434.18733233568  2.911292E-15
8436.96368725126  2.654005E-15
8439.74004216684  2.506043E-15
8442.51639708242  2.861379E-15
8445.292751998  2.764551E-15
8448.06910691358  2.637469E-15
8450.84546182916  2.689910E-15
8453.62181674473  2.731579E-15
8456.39817166031  2.786097E-15
8459.1745265759  2.695276E-15
8461.95088149147  2.974843E-15
8464.72723640705  2.854869E-15
8467.50359132263  2.492353E-15
8470.27994623821  2.529215E-15
8473.05630115379  2.836271E-15
8475.83265606937  2.500013E-15
8478.60901098495  2.663239E-15
8481.38536590053  2.744510E-15
8484.16172081611  2.643688E-15
8486.93807573169  2.660696E-15
8489.71443064727  2.405881E-15
8492.49078556285  2.575450E-15
8495.26714047843  2.737965E-15
8498.04349539401  2.686196E-15
8500.81985030959  2.659460E-15
8503.59620522517  2.595397E-15
8506.37256014075  3.091791E-15
8509.14891505633  2.729505E-15
8511.92526997191  2.482893E-15
8514.70162488749  2.643203E-15
8517.47797980307  2.643877E-15
8520.25433471865  2.669779E-15
8523.03068963423  2.535284E-15
8525.80704454981  2.549584E-15
8528.58339946539  2.580740E-15
8531.35975438097  2.547218E-15
8534.13610929655  2.557147E-15
8536.91246421213  2.406707E-15
8539.6888191277  2.560290E-15
8542.46517404328  2.968347E-15
8545.24152895887  3.001514E-15
8548.01788387445  2.941316E-15
8550.79423879002  2.818598E-15
8553.5705937056  2.726282E-15
8556.34694862118  2.438795E-15
8559.12330353676  2.593392E-15
8561.89965845234  2.701330E-15
8564.67601336792  2.647477E-15
8567.4523682835  2.679904E-15
8570.22872319908  2.550629E-15
8573.00507811466  2.590554E-15
8575.78143303024  2.448729E-15
8578.55778794582  2.521044E-15
8581.3341428614  2.463744E-15
8584.11049777698  2.479935E-15
8586.88685269256  2.690739E-15
8589.66320760814  2.750492E-15
8592.43956252372  2.743187E-15
8595.2159174393  2.762436E-15
8597.99227235488  2.615511E-15
8600.76862727046  2.495585E-15
8603.54498218604  2.632870E-15
8606.32133710162  2.626100E-15
8609.0976920172  2.607937E-15
8611.87404693278  2.396450E-15
8614.65040184836  2.734878E-15
8617.42675676394  2.569677E-15
8620.20311167952  2.692344E-15
8622.97946659509  2.546132E-15
8625.75582151068  2.573511E-15
8628.53217642626  2.360078E-15
8631.30853134184  2.389544E-15
8634.08488625742  2.368531E-15
8636.861241173  2.361877E-15
8639.63759608857  2.465892E-15
8642.41395100416  2.406486E-15
8645.19030591974  2.594863E-15
8647.96666083531  2.801639E-15
8650.74301575089  2.479684E-15
8653.51937066647  2.270038E-15
8656.29572558205  2.417865E-15
8659.07208049763  2.540008E-15
8661.84843541321  2.520848E-15
8664.62479032879  2.688539E-15
8667.40114524437  2.892094E-15
8670.17750015995  2.659356E-15
8672.95385507553  2.588659E-15
8675.73020999111  2.487601E-15
8678.50656490669  2.517584E-15
8681.28291982227  2.517967E-15
8684.05927473785  2.369587E-15
8686.83562965343  2.355153E-15
8689.61198456901  2.670371E-15
8692.38833948459  2.291453E-15
8695.16469440017  2.352296E-15
8697.94104931575  2.581659E-15
8700.71740423133  2.271632E-15
8703.49375914691  2.486882E-15
8706.27011406249  2.662597E-15
8709.04646897807  2.511626E-15
8711.82282389365  2.373982E-15
8714.59917880923  2.593359E-15
8717.37553372481  2.531783E-15
8720.15188864039  2.960903E-15
8722.92824355597  2.751359E-15
8725.70459847155  2.588148E-15
8728.48095338713  2.571648E-15
8731.25730830271  2.672828E-15
8734.03366321828  2.888807E-15
8736.81001813386  2.721500E-15
8739.58637304945  2.658506E-15
8742.36272796502  2.626538E-15
8745.1390828806  2.347135E-15
8747.91543779618  2.100505E-15
8750.69179271176  2.519699E-15
8753.46814762734  2.853125E-15
8756.24450254292  2.621919E-15
8759.0208574585  2.550339E-15
8761.79721237408  2.544130E-15
8764.57356728966  2.410554E-15
8767.34992220524  2.052532E-15
8770.12627712082  2.341820E-15
8772.9026320364  2.503966E-15
8775.67898695198  2.538263E-15
8778.45534186756  2.560873E-15
8781.23169678314  2.488882E-15
8784.00805169872  2.198297E-15
8786.7844066143  2.338168E-15
8789.56076152988  2.326645E-15
8792.33711644546  2.445471E-15
8795.11347136104  2.464413E-15
8797.88982627662  2.210031E-15
8800.6661811922  2.208852E-15
8803.44253610778  2.411858E-15
8806.21889102336  2.271440E-15
8808.99524593894  2.088208E-15
8811.77160085452  2.185405E-15
8814.5479557701  2.204579E-15
8817.32431068567  2.261597E-15
8820.10066560126  2.404685E-15
8822.87702051683  2.292166E-15
8825.65337543242  2.099065E-15
8828.429730348  2.219172E-15
8831.20608526358  2.120973E-15
