3861.5307863759  1.279006E-14
3864.30714129148  1.327605E-14
3867.08349620706  1.328026E-14
3869.85985112264  1.485312E-14
3872.63620603822  1.148723E-14
3875.4125609538  1.082714E-14
3878.18891586938  1.219667E-14
3880.96527078496  1.026762E-14
3883.74162570054  8.718417E-15
3886.51798061612  7.429768E-15
3889.2943355317  5.044528E-15
3892.07069044728  1.017417E-14
3894.84704536286  1.104706E-14
3897.62340027844  1.033549E-14
3900.39975519402  9.521508E-15
3903.1761101096  8.891728E-15
3905.95246502518  1.158154E-14
3908.72881994076  9.569704E-15
3911.50517485634  9.536550E-15
3914.28152977192  9.033477E-15
3917.0578846875  7.766240E-15
3919.83423960308  9.365903E-15
3922.61059451866  1.091357E-14
3925.38694943424  8.447666E-15
3928.16330434982  8.105013E-15
3930.9396592654  7.773209E-15
3933.71601418098  1.017801E-14
3936.49236909656  1.094763E-14
3939.26872401214  9.998056E-15
3942.04507892772  1.061695E-14
3944.82143384329  9.364123E-15
3947.59778875887  9.973843E-15
3950.37414367445  9.860139E-15
3953.15049859003  8.843419E-15
3955.92685350561  9.923738E-15
3958.70320842119  7.973216E-15
3961.47956333677  9.092774E-15
3964.25591825235  1.020741E-14
3967.03227316793  9.349864E-15
3969.80862808351  9.251504E-15
3972.58498299909  7.841391E-15
3975.36133791467  8.248229E-15
3978.13769283025  7.118025E-15
3980.91404774583  7.640918E-15
3983.69040266141  8.866229E-15
3986.46675757699  9.178524E-15
3989.24311249257  9.549490E-15
3992.01946740815  8.946825E-15
3994.79582232373  9.161553E-15
3997.57217723931  8.337070E-15
4000.34853215489  9.643972E-15
4003.12488707047  7.419469E-15
4005.90124198605  8.704011E-15
4008.67759690163  9.327967E-15
4011.45395181721  9.709739E-15
4014.23030673279  7.918865E-15
4017.00666164837  8.509399E-15
4019.78301656395  8.709397E-15
4022.55937147953  8.531800E-15
4025.33572639511  8.910645E-15
4028.11208131069  9.377820E-15
4030.88843622627  8.598808E-15
4033.66479114185  7.546269E-15
4036.44114605743  8.017493E-15
4039.21750097301  9.358445E-15
4041.99385588858  1.030571E-14
4044.77021080416  9.604301E-15
4047.54656571974  8.917786E-15
4050.32292063532  7.636734E-15
4053.0992755509  7.597266E-15
4055.87563046648  9.319472E-15
4058.65198538206  8.463816E-15
4061.42834029764  8.389362E-15
4064.20469521322  8.062870E-15
4066.9810501288  9.720606E-15
4069.75740504438  9.645507E-15
4072.53375995996  9.371188E-15
4075.31011487554  8.508462E-15
4078.08646979112  1.010502E-14
4080.8628247067  9.594966E-15
4083.63917962228  8.724093E-15
4086.41553453786  9.530864E-15
4089.19188945344  8.250298E-15
4091.96824436902  8.985896E-15
4094.7445992846  7.700072E-15
4097.52095420018  7.974658E-15
4100.29730911576  8.787864E-15
4103.07366403134  8.103407E-15
4105.85001894692  8.853826E-15
4108.6263738625  8.263212E-15
4111.40272877808  8.795710E-15
4114.17908369366  7.393099E-15
4116.95543860924  7.917097E-15
4119.73179352482  8.126929E-15
4122.5081484404  8.085804E-15
4125.28450335598  7.536540E-15
4128.06085827156  8.582029E-15
4130.83721318714  9.466996E-15
4133.61356810271  8.316781E-15
4136.38992301829  8.102163E-15
4139.16627793387  9.212362E-15
4141.94263284945  9.037238E-15
4144.71898776503  8.273558E-15
4147.49534268061  9.694057E-15
4150.27169759619  9.489886E-15
4153.04805251177  8.783851E-15
4155.82440742735  9.169904E-15
4158.60076234293  1.063214E-14
4161.37711725851  8.336306E-15
4164.15347217409  9.390638E-15
4166.92982708967  8.935877E-15
4169.70618200525  8.874107E-15
4172.48253692083  8.404475E-15
4175.25889183641  8.290508E-15
4178.03524675199  8.735069E-15
4180.81160166757  9.117843E-15
4183.58795658315  8.705224E-15
4186.36431149873  9.859975E-15
4189.14066641431  9.384335E-15
4191.91702132989  8.981692E-15
4194.69337624547  9.140378E-15
4197.46973116105  9.442103E-15
4200.24608607663  9.088337E-15
4203.02244099221  8.796793E-15
4205.79879590779  9.708482E-15
4208.57515082337  9.156676E-15
4211.35150573895  9.943061E-15
4214.12786065453  9.788153E-15
4216.90421557011  9.103570E-15
4219.68057048569  8.880625E-15
4222.45692540127  8.935099E-15
4225.23328031684  8.906458E-15
4228.00963523242  8.503569E-15
4230.785990148  9.034013E-15
4233.56234506358  8.647140E-15
4236.33869997916  8.869935E-15
4239.11505489474  8.738921E-15
4241.89140981032  8.423653E-15
4244.6677647259  8.239483E-15
4247.44411964148  8.465253E-15
4250.22047455706  8.626428E-15
4252.99682947264  8.758752E-15
4255.77318438822  8.689653E-15
4258.5495393038  8.631871E-15
4261.32589421938  8.305745E-15
4264.10224913496  8.446389E-15
4266.87860405054  8.927322E-15
4269.65495896612  9.010350E-15
4272.4313138817  8.642401E-15
4275.20766879728  8.746961E-15
4277.98402371286  9.258302E-15
4280.76037862844  9.884336E-15
4283.53673354402  9.322985E-15
4286.3130884596  8.160521E-15
4289.08944337518  8.758376E-15
4291.86579829076  7.945864E-15
4294.64215320634  8.444853E-15
4297.41850812192  8.595664E-15
4300.1948630375  8.078045E-15
4302.97121795308  8.598097E-15
4305.74757286866  9.211555E-15
4308.52392778424  7.788906E-15
4311.30028269982  8.833821E-15
4314.0766376154  8.932644E-15
4316.85299253098  7.408686E-15
4319.62934744656  8.021433E-15
4322.40570236213  8.349550E-15
4325.18205727771  8.326283E-15
4327.95841219329  8.292351E-15
4330.73476710887  8.806623E-15
4333.51112202445  8.530844E-15
4336.28747694003  8.247011E-15
4339.06383185561  8.007768E-15
4341.84018677119  8.319909E-15
4344.61654168677  8.258499E-15
4347.39289660235  7.989151E-15
4350.16925151793  7.423275E-15
4352.94560643351  7.275749E-15
4355.72196134909  7.928221E-15
4358.49831626467  7.887392E-15
4361.27467118025  7.867488E-15
4364.05102609583  7.880758E-15
4366.82738101141  8.861024E-15
4369.60373592699  8.681594E-15
4372.38009084257  7.739631E-15
4375.15644575815  8.372205E-15
4377.93280067373  8.202687E-15
4380.70915558931  9.228687E-15
4383.48551050489  9.650143E-15
4386.26186542047  8.474738E-15
4389.03822033605  8.357450E-15
4391.81457525163  8.302875E-15
4394.59093016721  8.463133E-15
4397.36728508279  9.316176E-15
4400.14363999837  8.627535E-15
4402.91999491395  8.340532E-15
4405.69634982953  8.096284E-15
4408.47270474511  8.412685E-15
4411.24905966069  9.258344E-15
4414.02541457626  9.346380E-15
4416.80176949185  8.910066E-15
4419.57812440742  8.392663E-15
4422.354479323  8.179111E-15
4425.13083423858  8.667362E-15
4427.90718915416  9.703594E-15
4430.68354406974  9.060340E-15
4433.45989898532  8.645750E-15
4436.2362539009  8.635118E-15
4439.01260881648  8.269363E-15
4441.78896373206  7.996133E-15
4444.56531864764  8.279590E-15
4447.34167356322  8.283701E-15
4450.1180284788  8.214204E-15
4452.89438339438  8.795920E-15
4455.67073830996  8.577029E-15
4458.44709322554  8.519305E-15
4461.22344814112  7.497677E-15
4463.9998030567  7.514524E-15
4466.77615797228  8.679957E-15
4469.55251288786  8.470136E-15
4472.32886780344  8.156487E-15
4475.10522271902  8.479002E-15
4477.8815776346  8.736705E-15
4480.65793255018  7.709952E-15
4483.43428746576  8.472513E-15
4486.21064238134  8.332003E-15
4488.98699729692  8.584061E-15
4491.7633522125  8.215754E-15
4494.53970712808  8.265096E-15
4497.31606204366  8.177045E-15
4500.09241695924  8.043772E-15
4502.86877187482  8.787271E-15
4505.64512679039  8.571252E-15
4508.42148170598  9.247856E-15
4511.19783662155  8.862934E-15
4513.97419153713  8.293516E-15
4516.75054645271  8.968531E-15
4519.52690136829  8.681464E-15
4522.30325628387  8.378052E-15
4525.07961119945  8.721716E-15
4527.85596611503  8.205644E-15
4530.63232103061  8.049704E-15
4533.40867594619  8.046247E-15
4536.18503086177  8.121586E-15
4538.96138577735  8.531152E-15
4541.73774069293  8.813388E-15
4544.51409560851  8.376141E-15
4547.29045052409  8.184147E-15
4550.06680543967  8.254005E-15
4552.84316035525  8.522549E-15
4555.61951527083  8.645005E-15
4558.39587018641  8.435967E-15
4561.17222510199  8.390235E-15
4563.94858001757  8.616734E-15
4566.72493493315  8.321389E-15
4569.50128984873  8.409770E-15
4572.27764476431  8.331400E-15
4575.05399967989  8.358029E-15
4577.83035459547  7.912466E-15
4580.60670951105  8.764938E-15
4583.38306442663  8.606926E-15
4586.15941934221  8.838242E-15
4588.93577425779  9.270870E-15
4591.71212917337  9.079630E-15
4594.48848408895  8.612792E-15
4597.26483900453  8.532478E-15
4600.0411939201  8.839768E-15
4602.81754883568  8.502839E-15
4605.59390375127  8.742968E-15
4608.37025866684  8.375718E-15
4611.14661358242  8.060108E-15
4613.922968498  8.107897E-15
4616.69932341358  9.096986E-15
4619.47567832916  8.936715E-15
4622.25203324474  9.032414E-15
4625.02838816032  8.989083E-15
4627.8047430759  8.681029E-15
4630.58109799148  9.042918E-15
4633.35745290706  8.648461E-15
4636.13380782264  8.962044E-15
4638.91016273822  9.010241E-15
4641.6865176538  8.470267E-15
4644.46287256938  9.125031E-15
4647.23922748496  8.987618E-15
4650.01558240054  9.176353E-15
4652.79193731612  9.208629E-15
4655.5682922317  9.117683E-15
4658.34464714728  8.955180E-15
4661.12100206286  8.829076E-15
4663.89735697844  8.741211E-15
4666.67371189402  9.022620E-15
4669.4500668096  8.926304E-15
4672.22642172518  9.152792E-15
4675.00277664076  9.312292E-15
4677.77913155634  9.209389E-15
4680.55548647192  9.589057E-15
4683.3318413875  9.246889E-15
4686.10819630308  9.240026E-15
4688.88455121866  9.182073E-15
4691.66090613424  8.245236E-15
4694.43726104982  8.488129E-15
4697.21361596539  8.238491E-15
4699.98997088097  8.471648E-15
4702.76632579655  8.841039E-15
4705.54268071213  8.755053E-15
4708.31903562771  8.656305E-15
4711.09539054329  8.360321E-15
4713.87174545887  8.591022E-15
4716.64810037445  8.335453E-15
4719.42445529003  8.380147E-15
4722.20081020561  8.256780E-15
4724.97716512119  8.271658E-15
4727.75352003677  8.679863E-15
4730.52987495235  8.650578E-15
4733.30622986793  8.362378E-15
4736.08258478351  8.931379E-15
4738.85893969909  8.638395E-15
4741.63529461467  8.478248E-15
4744.41164953025  8.077604E-15
4747.18800444583  8.028980E-15
4749.96435936141  8.751706E-15
4752.74071427699  8.121580E-15
4755.51706919257  8.248405E-15
4758.29342410815  8.796200E-15
4761.06977902373  7.929008E-15
4763.84613393931  8.031876E-15
4766.62248885489  8.662266E-15
4769.39884377047  8.557921E-15
4772.17519868605  8.420703E-15
4774.95155360163  7.469154E-15
4777.72790851721  7.990897E-15
4780.50426343279  8.318765E-15
4783.28061834837  8.074803E-15
4786.05697326394  8.332239E-15
4788.83332817953  7.942682E-15
4791.6096830951  8.148404E-15
4794.38603801068  8.325727E-15
4797.16239292626  8.196928E-15
4799.93874784184  7.956071E-15
4802.71510275742  7.507321E-15
4805.491457673  7.920794E-15
4808.26781258858  8.527826E-15
4811.04416750416  8.770233E-15
4813.82052241974  8.495122E-15
4816.59687733532  8.259959E-15
4819.3732322509  7.962870E-15
4822.14958716648  8.275701E-15
4824.92594208206  7.998066E-15
4827.70229699764  7.799216E-15
4830.47865191322  8.317127E-15
4833.2550068288  7.941003E-15
4836.03136174438  8.167669E-15
4838.80771665996  8.350540E-15
4841.58407157554  8.559910E-15
4844.36042649112  7.825155E-15
4847.1367814067  7.971371E-15
4849.91313632228  8.163940E-15
4852.68949123786  7.814481E-15
4855.46584615344  7.735733E-15
4858.24220106902  8.595421E-15
4861.0185559846  8.165869E-15
4863.79491090018  7.802674E-15
4866.57126581576  8.953886E-15
4869.34762073134  8.238524E-15
4872.12397564692  7.922862E-15
4874.9003305625  7.770706E-15
4877.67668547807  7.493728E-15
4880.45304039366  7.053357E-15
4883.22939530923  6.292082E-15
4886.00575022481  6.974031E-15
4888.7821051404  8.211021E-15
4891.55846005597  8.339864E-15
4894.33481497155  8.136643E-15
4897.11116988713  8.313557E-15
4899.88752480271  8.176082E-15
4902.66387971829  8.345231E-15
4905.44023463387  8.261527E-15
4908.21658954945  7.800507E-15
4910.99294446503  7.906260E-15
4913.76929938061  7.906689E-15
4916.54565429619  7.374590E-15
4919.32200921177  8.130696E-15
4922.09836412735  7.974302E-15
4924.87471904293  7.851652E-15
4927.65107395851  8.035376E-15
4930.42742887409  8.167658E-15
4933.20378378967  8.571126E-15
4935.98013870525  7.993009E-15
4938.75649362083  8.097768E-15
4941.53284853641  8.331778E-15
4944.30920345199  7.708406E-15
4947.08555836757  8.213098E-15
4949.86191328315  7.745955E-15
4952.63826819873  7.389797E-15
4955.41462311431  8.267191E-15
4958.19097802989  8.052765E-15
4960.96733294547  7.871264E-15
4963.74368786104  8.438287E-15
4966.52004277663  8.050448E-15
4969.29639769221  7.710421E-15
4972.07275260778  8.039459E-15
4974.84910752337  8.238411E-15
4977.62546243894  7.886793E-15
4980.40181735452  7.861132E-15
4983.1781722701  7.885963E-15
4985.95452718569  7.910666E-15
4988.73088210126  7.936068E-15
4991.50723701684  8.404889E-15
4994.28359193242  7.810152E-15
4997.059946848  7.530708E-15
4999.83630176358  7.891487E-15
5002.61265667916  7.805091E-15
5005.38901159474  7.895724E-15
5008.16536651032  7.931420E-15
5010.9417214259  7.791635E-15
5013.71807634148  7.823214E-15
5016.49443125706  7.677000E-15
5019.27078617264  7.982754E-15
5022.04714108822  7.642082E-15
5024.8234960038  7.315392E-15
5027.59985091938  8.298375E-15
5030.37620583496  7.965384E-15
5033.15256075054  7.203128E-15
5035.92891566612  7.758302E-15
5038.7052705817  7.663199E-15
5041.48162549728  7.446899E-15
5044.25798041286  7.341617E-15
5047.03433532844  7.572242E-15
5049.81069024402  7.748586E-15
5052.5870451596  7.938043E-15
5055.36340007518  7.523490E-15
5058.13975499076  7.761587E-15
5060.91610990634  7.826584E-15
5063.69246482192  7.773816E-15
5066.4688197375  7.996163E-15
5069.24517465307  8.098668E-15
5072.02152956866  7.501154E-15
5074.79788448423  8.154353E-15
5077.57423939981  8.221816E-15
5080.3505943154  8.217806E-15
5083.12694923098  8.286440E-15
5085.90330414655  7.896286E-15
5088.67965906213  8.246870E-15
5091.45601397771  8.110263E-15
5094.23236889329  8.107890E-15
5097.00872380887  7.987039E-15
5099.78507872445  7.852823E-15
5102.56143364003  7.795597E-15
5105.33778855561  7.277921E-15
5108.11414347119  7.284211E-15
5110.89049838677  7.968883E-15
5113.66685330235  7.902114E-15
5116.44320821793  8.284800E-15
5119.21956313351  7.718852E-15
5121.99591804909  7.956850E-15
5124.77227296467  7.839825E-15
5127.54862788025  8.243388E-15
5130.32498279583  8.380807E-15
5133.10133771141  8.395246E-15
5135.87769262699  7.531411E-15
5138.65404754257  7.458721E-15
5141.43040245815  7.663535E-15
5144.20675737373  8.012585E-15
5146.98311228931  8.036157E-15
5149.75946720489  8.455376E-15
5152.53582212047  7.895836E-15
5155.31217703605  7.689291E-15
5158.08853195163  7.960783E-15
5160.86488686721  8.072849E-15
5163.64124178279  7.255804E-15
5166.41759669837  7.240298E-15
5169.19395161395  7.872307E-15
5171.97030652952  7.803420E-15
5174.74666144511  7.869294E-15
5177.52301636068  7.896598E-15
5180.29937127626  7.796793E-15
5183.07572619184  7.852817E-15
5185.85208110742  7.310843E-15
5188.628436023  7.173704E-15
5191.40479093858  7.539034E-15
5194.18114585416  7.721793E-15
5196.95750076974  7.529610E-15
5199.73385568532  7.833053E-15
5202.5102106009  7.465979E-15
5205.28656551648  7.369596E-15
5208.06292043206  7.392333E-15
5210.83927534764  7.876354E-15
5213.61563026322  7.987934E-15
5216.3919851788  7.806089E-15
5219.16834009438  8.032254E-15
5221.94469500996  7.914778E-15
5224.72104992554  7.771573E-15
5227.49740484112  7.665733E-15
5230.2737597567  7.486698E-15
5233.05011467228  7.780388E-15
5235.82646958786  7.936351E-15
5238.60282450344  7.615138E-15
5241.37917941902  7.797236E-15
5244.1555343346  7.655120E-15
5246.93188925018  7.853348E-15
5249.70824416576  7.717734E-15
5252.48459908134  7.490622E-15
5255.26095399692  7.185881E-15
5258.0373089125  6.852805E-15
5260.81366382808  7.211973E-15
5263.59001874365  7.827021E-15
5266.36637365923  7.849794E-15
5269.14272857481  7.560226E-15
5271.91908349039  7.314358E-15
5274.69543840597  7.632537E-15
5277.47179332155  7.731907E-15
5280.24814823713  7.592915E-15
5283.02450315271  7.516129E-15
5285.80085806829  7.542243E-15
5288.57721298387  7.591357E-15
5291.35356789945  7.631193E-15
5294.12992281503  7.609939E-15
5296.90627773061  7.461789E-15
5299.68263264619  7.945519E-15
5302.45898756177  7.481427E-15
5305.23534247735  7.449026E-15
5308.01169739293  7.387338E-15
5310.78805230851  7.327055E-15
5313.56440722409  7.430738E-15
5316.34076213967  7.475919E-15
5319.11711705525  7.023255E-15
5321.89347197083  7.023309E-15
5324.66982688641  7.102387E-15
5327.44618180199  6.967366E-15
5330.22253671757  7.248738E-15
5332.99889163315  7.779762E-15
5335.77524654873  7.796518E-15
5338.55160146431  7.592908E-15
5341.32795637989  7.528447E-15
5344.10431129547  7.855803E-15
5346.88066621105  7.120668E-15
5349.65702112662  6.939791E-15
5352.43337604221  7.381909E-15
5355.20973095778  7.573603E-15
5357.98608587337  7.189441E-15
5360.76244078894  7.190889E-15
5363.53879570452  7.359966E-15
5366.3151506201  7.368528E-15
5369.09150553568  7.210825E-15
5371.86786045126  6.924181E-15
5374.64421536684  7.087450E-15
5377.42057028242  6.992100E-15
5380.196925198  7.063304E-15
5382.97328011358  6.950459E-15
5385.74963502916  7.091810E-15
5388.52598994474  7.206873E-15
5391.30234486032  7.140597E-15
5394.0786997759  7.424617E-15
5396.85505469148  7.501953E-15
5399.63140960706  7.264266E-15
5402.40776452264  7.573360E-15
5405.18411943822  7.493613E-15
5407.9604743538  7.389764E-15
5410.73682926938  6.950734E-15
5413.51318418496  6.834445E-15
5416.28953910054  7.070435E-15
5419.06589401612  6.860122E-15
5421.8422489317  7.287554E-15
5424.61860384728  7.225278E-15
5427.39495876286  6.738416E-15
5430.17131367844  6.693547E-15
5432.94766859402  7.144890E-15
5435.7240235096  7.267777E-15
5438.50037842518  7.117675E-15
5441.27673334076  7.059145E-15
5444.05308825634  6.676474E-15
5446.82944317192  6.973998E-15
5449.6057980875  6.648803E-15
5452.38215300308  7.205297E-15
5455.15850791866  6.625356E-15
5457.93486283423  7.153934E-15
5460.71121774981  7.057268E-15
5463.48757266539  7.191732E-15
5466.26392758097  6.774820E-15
5469.04028249655  7.019436E-15
5471.81663741213  7.093280E-15
5474.59299232771  6.821424E-15
5477.36934724329  7.019930E-15
5480.14570215887  6.825708E-15
5482.92205707445  6.775063E-15
5485.69841199003  7.070553E-15
5488.47476690561  6.396666E-15
5491.25112182119  6.787572E-15
5494.02747673677  6.728673E-15
5496.80383165235  6.728779E-15
5499.58018656793  7.081376E-15
5502.35654148351  7.105175E-15
5505.13289639909  6.633500E-15
5507.90925131467  7.076584E-15
5510.68560623025  6.773882E-15
5513.46196114583  6.820881E-15
5516.23831606141  6.635007E-15
5519.01467097699  6.835069E-15
5521.79102589257  6.794857E-15
5524.56738080815  6.727075E-15
5527.34373572373  6.713773E-15
5530.12009063931  6.932555E-15
5532.89644555489  6.633409E-15
5535.67280047047  7.007266E-15
5538.44915538605  6.644611E-15
5541.22551030163  6.458043E-15
5544.0018652172  6.803702E-15
5546.77822013278  6.546535E-15
5549.55457504837  6.256193E-15
5552.33092996394  6.737554E-15
5555.10728487952  6.868119E-15
5557.8836397951  6.694646E-15
5560.65999471068  7.019974E-15
5563.43634962626  6.826225E-15
5566.21270454184  6.688840E-15
5568.98905945742  6.699521E-15
5571.765414373  6.800761E-15
5574.54176928858  6.946079E-15
5577.31812420416  6.526485E-15
5580.09447911974  6.762861E-15
5582.87083403532  7.017480E-15
5585.6471889509  6.805390E-15
5588.42354386648  6.668031E-15
5591.19989878206  6.495392E-15
5593.97625369764  6.558360E-15
5596.75260861322  6.474328E-15
5599.5289635288  6.506240E-15
5602.30531844438  6.856659E-15
5605.08167335996  6.882585E-15
5607.85802827554  6.992874E-15
5610.63438319112  6.937634E-15
5613.4107381067  6.742612E-15
5616.18709302228  6.679979E-15
5618.96344793786  6.919351E-15
5621.73980285344  6.546832E-15
5624.51615776902  6.289989E-15
5627.2925126846  6.540417E-15
5630.06886760018  6.064358E-15
5632.84522251576  6.249258E-15
5635.62157743134  6.789216E-15
5638.39793234691  6.711967E-15
5641.1742872625  6.541002E-15
5643.95064217807  6.644770E-15
5646.72699709365  6.723546E-15
5649.50335200923  6.771676E-15
5652.27970692482  6.612331E-15
5655.05606184039  6.824458E-15
5657.83241675597  6.316868E-15
5660.60877167155  6.304340E-15
5663.38512658713  6.679799E-15
5666.16148150271  6.837722E-15
5668.93783641829  6.497840E-15
5671.71419133387  6.099696E-15
5674.49054624945  6.065317E-15
5677.26690116503  6.525251E-15
5680.04325608061  6.397595E-15
5682.81961099619  6.693748E-15
5685.59596591177  6.581663E-15
5688.37232082735  6.252733E-15
5691.14867574293  6.350019E-15
5693.92503065851  6.578448E-15
5696.70138557409  6.275106E-15
5699.47774048967  6.276608E-15
5702.25409540525  6.428479E-15
5705.03045032083  6.106519E-15
5707.80680523641  6.360605E-15
5710.58316015199  6.127347E-15
5713.35951506757  6.449795E-15
5716.13586998315  6.043900E-15
5718.91222489873  6.268601E-15
5721.68857981431  6.618486E-15
5724.46493472989  6.430656E-15
5727.24128964546  6.536736E-15
5730.01764456105  6.310906E-15
5732.79399947663  6.115903E-15
5735.5703543922  6.266337E-15
5738.34670930778  6.327330E-15
5741.12306422336  6.032638E-15
5743.89941913894  5.784963E-15
5746.67577405452  5.581618E-15
5749.4521289701  5.965434E-15
5752.22848388568  6.241776E-15
5755.00483880126  5.750559E-15
5757.78119371684  5.973691E-15
5760.55754863242  5.902297E-15
5763.333903548  5.891401E-15
5766.11025846358  5.724855E-15
5768.88661337916  5.871821E-15
5771.66296829474  6.315244E-15
5774.43932321032  6.452568E-15
5777.2156781259  6.051331E-15
5779.99203304148  6.477074E-15
5782.76838795706  6.406723E-15
5785.54474287264  6.005818E-15
5788.32109778822  6.504702E-15
5791.0974527038  6.434919E-15
5793.87380761938  6.144810E-15
5796.65016253496  6.658655E-15
5799.42651745054  6.624187E-15
5802.20287236612  6.318033E-15
5804.9792272817  6.165886E-15
5807.75558219728  6.098486E-15
5810.53193711286  6.096752E-15
5813.30829202844  5.894981E-15
5816.08464694402  6.485472E-15
5818.8610018596  6.027070E-15
5821.63735677518  6.422637E-15
5824.41371169076  6.398802E-15
5827.19006660633  6.714825E-15
5829.96642152192  6.718175E-15
5832.74277643749  6.276287E-15
5835.51913135307  6.263812E-15
5838.29548626865  6.382440E-15
5841.07184118423  5.633301E-15
5843.84819609981  6.020016E-15
5846.62455101539  6.311148E-15
5849.40090593097  6.043421E-15
5852.17726084655  6.380374E-15
5854.95361576213  6.139855E-15
5857.72997067771  6.158852E-15
5860.50632559329  6.046438E-15
5863.28268050887  6.041422E-15
5866.05903542445  6.420062E-15
5868.83539034003  6.388835E-15
5871.61174525561  6.528968E-15
5874.38810017119  6.644646E-15
5877.16445508677  6.269452E-15
5879.94081000235  5.976587E-15
5882.71716491793  5.896734E-15
5885.49351983351  6.084916E-15
5888.26987474909  6.005420E-15
5891.04622966467  5.733553E-15
5893.82258458025  5.740029E-15
5896.59893949583  5.887812E-15
5899.37529441141  6.045229E-15
5902.15164932699  5.971570E-15
5904.92800424257  6.057573E-15
5907.70435915815  6.013116E-15
5910.48071407373  5.817340E-15
5913.25706898931  6.168308E-15
5916.03342390489  6.016820E-15
5918.80977882047  5.564055E-15
5921.58613373604  5.515059E-15
5924.36248865163  6.003273E-15
5927.1388435672  5.925304E-15
5929.91519848278  5.651891E-15
5932.69155339836  5.635228E-15
5935.46790831394  5.512860E-15
5938.24426322952  6.414982E-15
5941.0206181451  6.202464E-15
5943.79697306068  5.805919E-15
5946.57332797626  5.863550E-15
5949.34968289184  5.800711E-15
5952.12603780742  5.739126E-15
5954.902392723  5.534711E-15
5957.67874763858  5.752782E-15
5960.45510255416  6.050997E-15
5963.23145746974  5.837211E-15
5966.00781238532  5.818091E-15
5968.7841673009  5.756973E-15
5971.56052221648  5.816933E-15
5974.33687713206  5.819595E-15
5977.11323204764  5.724801E-15
5979.88958696322  5.602011E-15
5982.6659418788  5.763535E-15
5985.44229679438  5.687116E-15
5988.21865170996  5.598584E-15
5990.99500662554  5.694141E-15
5993.77136154112  5.626408E-15
5996.5477164567  5.693213E-15
5999.32407137228  5.778657E-15
6002.10042628786  5.800931E-15
6004.87678120344  5.680980E-15
6007.65313611902  5.578136E-15
6010.42949103459  5.675511E-15
6013.20584595018  5.954627E-15
6015.98220086575  5.766727E-15
6018.75855578134  5.477361E-15
6021.53491069691  5.638923E-15
6024.31126561249  5.889283E-15
6027.08762052807  5.603128E-15
6029.86397544365  5.403509E-15
6032.64033035923  5.343823E-15
6035.41668527481  5.316003E-15
6038.19304019039  5.500126E-15
6040.96939510597  5.603590E-15
6043.74575002155  5.627601E-15
6046.52210493713  5.658911E-15
6049.29845985271  5.791991E-15
6052.07481476829  5.666920E-15
6054.85116968387  5.302615E-15
6057.62752459945  5.280829E-15
6060.40387951503  5.692042E-15
6063.18023443061  5.679980E-15
6065.95658934619  5.577319E-15
6068.73294426177  5.732352E-15
6071.50929917735  5.821860E-15
6074.28565409293  5.376346E-15
6077.06200900851  5.265824E-15
6079.83836392409  5.367906E-15
6082.61471883967  5.568008E-15
6085.39107375525  5.531541E-15
6088.16742867083  5.714600E-15
6090.94378358641  5.432365E-15
6093.72013850199  5.786398E-15
6096.49649341757  5.657647E-15
6099.27284833315  5.404009E-15
6102.04920324873  5.351304E-15
6104.82555816431  5.416540E-15
6107.60191307989  5.672794E-15
6110.37826799546  5.228300E-15
6113.15462291105  5.651664E-15
6115.93097782662  5.568669E-15
6118.7073327422  5.800757E-15
6121.48368765778  5.452147E-15
6124.26004257336  5.564215E-15
6127.03639748894  5.671852E-15
6129.81275240452  5.522936E-15
6132.5891073201  5.355304E-15
6135.36546223568  5.591885E-15
6138.14181715126  5.597771E-15
6140.91817206684  5.828659E-15
6143.69452698242  5.845998E-15
6146.470881898  5.668422E-15
6149.24723681358  5.269034E-15
6152.02359172916  5.398253E-15
6154.79994664474  5.543098E-15
6157.57630156032  5.541187E-15
6160.3526564759  5.470872E-15
6163.12901139148  5.421508E-15
6165.90536630706  5.432583E-15
6168.68172122264  5.300153E-15
6171.45807613822  5.245510E-15
6174.2344310538  5.513941E-15
6177.01078596938  5.473316E-15
6179.78714088496  5.534484E-15
6182.56349580054  5.336092E-15
6185.33985071612  5.218496E-15
6188.1162056317  5.586424E-15
6190.89256054728  5.532493E-15
6193.66891546286  5.781586E-15
6196.44527037844  5.730925E-15
6199.22162529402  5.252175E-15
6201.9979802096  5.434601E-15
6204.77433512517  5.703711E-15
6207.55069004076  5.590824E-15
6210.32704495633  5.275123E-15
6213.10339987191  5.079672E-15
6215.87975478749  4.944495E-15
6218.65610970307  5.043366E-15
6221.43246461865  5.384754E-15
6224.20881953423  5.491940E-15
6226.98517444981  5.353414E-15
6229.76152936539  5.347619E-15
6232.53788428097  5.134713E-15
6235.31423919655  5.205104E-15
6238.09059411213  5.244920E-15
6240.86694902771  5.185695E-15
6243.64330394329  5.259932E-15
6246.41965885887  5.386792E-15
6249.19601377445  5.392543E-15
6251.97236869003  5.225517E-15
6254.74872360561  5.273338E-15
6257.52507852119  5.622277E-15
6260.30143343677  5.421346E-15
6263.07778835235  5.309988E-15
6265.85414326793  5.394702E-15
6268.63049818351  5.050144E-15
6271.40685309909  5.161751E-15
6274.18320801467  4.882122E-15
6276.95956293025  5.415983E-15
6279.73591784583  5.404127E-15
6282.51227276141  4.995086E-15
6285.28862767699  5.034946E-15
6288.06498259257  5.039719E-15
6290.84133750815  4.843869E-15
6293.61769242373  5.035973E-15
6296.39404733931  5.195832E-15
6299.17040225488  5.045714E-15
6301.94675717047  5.199372E-15
6304.72311208604  5.075456E-15
6307.49946700162  4.942693E-15
6310.2758219172  5.202347E-15
6313.05217683278  5.410718E-15
6315.82853174836  5.527188E-15
6318.60488666394  5.202450E-15
6321.38124157952  5.071987E-15
6324.1575964951  5.193767E-15
6326.93395141068  5.149687E-15
6329.71030632626  5.042230E-15
6332.48666124184  5.300147E-15
6335.26301615742  5.288587E-15
6338.039371073  5.362178E-15
6340.81572598858  5.311589E-15
6343.59208090416  5.151424E-15
6346.36843581974  5.430919E-15
6349.14479073532  5.294836E-15
6351.9211456509  5.274746E-15
6354.69750056648  5.248515E-15
6357.47385548206  4.878400E-15
6360.25021039764  4.975238E-15
6363.02656531322  5.216025E-15
6365.8029202288  5.103954E-15
6368.57927514438  5.094915E-15
6371.35563005996  5.036582E-15
6374.13198497554  5.453331E-15
6376.90833989111  5.118787E-15
6379.6846948067  5.346886E-15
6382.46104972228  5.241602E-15
6385.23740463786  4.874083E-15
6388.01375955344  5.057897E-15
6390.79011446902  5.045878E-15
6393.56646938459  5.139339E-15
6396.34282430017  5.237451E-15
6399.11917921575  5.083813E-15
6401.89553413133  5.118471E-15
6404.67188904691  5.182500E-15
6407.44824396249  5.320313E-15
6410.22459887807  4.966936E-15
6413.00095379365  5.257188E-15
6415.77730870923  4.933014E-15
6418.55366362481  4.746724E-15
6421.33001854039  5.265152E-15
6424.10637345597  5.113078E-15
6426.88272837155  5.347001E-15
6429.65908328713  5.510883E-15
6432.43543820271  5.056618E-15
6435.21179311829  4.913095E-15
6437.98814803387  4.934246E-15
6440.76450294945  5.119268E-15
6443.54085786503  5.137367E-15
6446.31721278061  5.138827E-15
6449.09356769619  4.962430E-15
6451.86992261177  4.891669E-15
6454.64627752735  5.079480E-15
6457.42263244293  5.020404E-15
6460.19898735851  5.222269E-15
6462.97534227409  5.146674E-15
6465.75169718967  4.884094E-15
6468.52805210525  4.869002E-15
6471.30440702083  4.691943E-15
6474.08076193641  4.992538E-15
6476.85711685199  4.856317E-15
6479.63347176757  4.893154E-15
6482.40982668315  4.807521E-15
6485.18618159872  5.076043E-15
6487.9625365143  4.951900E-15
6490.73889142988  5.054058E-15
6493.51524634546  4.853386E-15
6496.29160126104  4.948511E-15
6499.06795617662  5.080880E-15
6501.8443110922  5.139384E-15
6504.62066600778  4.838407E-15
6507.39702092336  4.498788E-15
6510.17337583894  4.928518E-15
6512.94973075452  5.311934E-15
6515.7260856701  4.972063E-15
6518.50244058568  5.011332E-15
6521.27879550126  4.957808E-15
6524.05515041684  5.114895E-15
6526.83150533242  4.802722E-15
6529.607860248  5.241816E-15
6532.38421516358  5.176117E-15
6535.16057007916  4.895824E-15
6537.93692499474  5.028488E-15
6540.71327991032  5.305238E-15
6543.4896348259  5.045155E-15
6546.26598974148  5.650042E-15
6549.04234465706  6.285978E-15
6551.81869957264  7.301822E-15
6554.59505448822  8.346309E-15
6557.3714094038  8.730398E-15
6560.14776431938  8.895039E-15
6562.92411923496  8.444509E-15
6565.70047415053  7.846747E-15
6568.47682906612  6.987504E-15
6571.25318398169  6.396298E-15
6574.02953889728  5.644756E-15
6576.80589381286  5.037853E-15
6579.58224872843  4.995262E-15
6582.35860364401  4.875915E-15
6585.13495855959  4.368431E-15
6587.91131347517  4.413867E-15
6590.68766839076  4.641839E-15
6593.46402330633  4.506906E-15
6596.24037822191  4.763268E-15
6599.01673313749  4.608126E-15
6601.79308805307  4.567319E-15
6604.56944296865  4.750354E-15
6607.34579788423  4.997187E-15
6610.12215279981  4.457307E-15
6612.89850771539  4.275320E-15
6615.67486263097  4.471530E-15
6618.45121754655  4.848220E-15
6621.22757246213  4.704471E-15
6624.00392737771  4.382674E-15
6626.78028229329  4.323076E-15
6629.55663720887  4.782507E-15
6632.33299212445  4.578103E-15
6635.10934704003  4.510390E-15
6637.88570195561  4.435866E-15
6640.66205687119  4.562433E-15
6643.43841178677  4.616428E-15
6646.21476670235  4.658485E-15
6648.99112161793  4.639093E-15
6651.76747653351  4.433701E-15
6654.54383144909  4.578820E-15
6657.32018636467  4.304098E-15
6660.09654128025  4.219762E-15
6662.87289619583  4.563575E-15
6665.64925111141  4.729140E-15
6668.42560602698  4.768831E-15
6671.20196094257  4.573712E-15
6673.97831585815  4.723914E-15
6676.75467077372  5.025235E-15
6679.5310256893  4.848775E-15
6682.30738060488  4.623614E-15
6685.08373552046  4.865207E-15
6687.86009043604  4.664232E-15
6690.63644535162  4.589178E-15
6693.4128002672  4.689386E-15
6696.18915518278  4.467468E-15
6698.96551009836  4.595209E-15
6701.74186501394  4.495919E-15
6704.51821992952  4.488268E-15
6707.2945748451  4.708489E-15
6710.07092976068  4.713116E-15
6712.84728467626  4.400041E-15
6715.62363959184  4.624315E-15
6718.39999450742  4.440048E-15
6721.176349423  4.536402E-15
6723.95270433858  4.607206E-15
6726.72905925416  4.334014E-15
6729.50541416974  4.451816E-15
6732.28176908532  4.222079E-15
6735.0581240009  4.344439E-15
6737.83447891648  4.673354E-15
6740.61083383206  4.296444E-15
6743.38718874764  4.287365E-15
6746.16354366322  4.560332E-15
6748.9398985788  4.894968E-15
6751.71625349438  4.473058E-15
6754.49260840996  4.500160E-15
6757.26896332554  4.510057E-15
6760.04531824112  4.365856E-15
6762.82167315669  4.422188E-15
6765.59802807227  4.457339E-15
6768.37438298785  4.596720E-15
6771.15073790343  4.564700E-15
6773.92709281901  4.621579E-15
6776.70344773459  4.600496E-15
6779.47980265018  4.468711E-15
6782.25615756575  4.313478E-15
6785.03251248133  4.463691E-15
6787.80886739691  4.603536E-15
6790.58522231249  4.562133E-15
6793.36157722807  4.304429E-15
6796.13793214365  4.583137E-15
6798.91428705923  4.500059E-15
6801.69064197481  4.527301E-15
6804.46699689039  4.413938E-15
6807.24335180597  4.383656E-15
6810.01970672155  4.429850E-15
6812.79606163713  4.465520E-15
6815.57241655271  4.565058E-15
6818.34877146829  4.344905E-15
6821.12512638387  4.207097E-15
6823.90148129945  4.177251E-15
6826.67783621503  4.523090E-15
6829.45419113061  4.644254E-15
6832.23054604619  4.571369E-15
6835.00690096177  4.416834E-15
6837.78325587735  4.152886E-15
6840.55961079293  4.357245E-15
6843.33596570851  4.384353E-15
6846.11232062409  4.297498E-15
6848.88867553967  4.539823E-15
6851.66503045524  4.009584E-15
6854.44138537082  4.184915E-15
6857.21774028641  4.672301E-15
6859.99409520199  4.178919E-15
6862.77045011756  4.049647E-15
6865.54680503314  4.452239E-15
6868.32315994872  4.267442E-15
6871.0995148643  3.998262E-15
6873.87586977988  4.216585E-15
6876.65222469546  4.282588E-15
6879.42857961104  4.365999E-15
6882.20493452662  4.394158E-15
6884.9812894422  4.437587E-15
6887.75764435778  4.392766E-15
6890.53399927336  4.228302E-15
6893.31035418894  4.298108E-15
6896.08670910452  4.356821E-15
6898.8630640201  4.335312E-15
6901.63941893568  4.244605E-15
6904.41577385126  4.319240E-15
6907.19212876684  4.389615E-15
6909.96848368242  4.278734E-15
6912.744838598  4.175600E-15
6915.52119351358  4.154753E-15
6918.29754842916  4.497274E-15
6921.07390334474  4.652015E-15
6923.85025826032  4.254003E-15
6926.6266131759  4.030193E-15
6929.40296809148  4.245519E-15
6932.17932300706  4.666632E-15
6934.95567792264  4.166863E-15
6937.73203283822  4.241590E-15
6940.5083877538  4.477913E-15
6943.28474266938  4.408837E-15
6946.06109758495  4.141919E-15
6948.83745250054  4.113890E-15
6951.61380741612  4.542655E-15
6954.39016233169  4.542218E-15
6957.16651724727  4.362416E-15
6959.94287216285  4.431177E-15
6962.71922707843  4.318886E-15
6965.49558199401  4.415620E-15
6968.27193690959  4.539960E-15
6971.04829182517  4.361109E-15
6973.82464674075  4.428282E-15
6976.60100165633  4.371721E-15
6979.37735657191  4.322349E-15
6982.15371148749  4.222551E-15
6984.93006640307  4.119238E-15
6987.70642131865  4.085533E-15
6990.48277623423  3.895016E-15
6993.25913114981  4.102822E-15
6996.03548606539  4.108379E-15
6998.81184098097  4.314670E-15
7001.58819589655  4.161859E-15
7004.36455081213  4.283336E-15
7007.14090572771  4.183844E-15
7009.91726064329  4.069016E-15
7012.69361555887  4.030857E-15
7015.46997047445  4.234518E-15
7018.24632539003  4.142225E-15
7021.02268030561  3.983961E-15
7023.79903522119  4.204224E-15
7026.57539013677  4.324118E-15
7029.35174505235  3.980248E-15
7032.12809996793  3.787969E-15
7034.90445488351  4.054635E-15
7037.68080979909  4.213763E-15
7040.45716471466  4.237203E-15
7043.23351963024  4.287732E-15
7046.00987454583  4.091698E-15
7048.7862294614  3.727675E-15
7051.56258437698  4.145225E-15
7054.33893929256  4.300192E-15
7057.11529420814  4.155427E-15
7059.89164912372  4.368368E-15
7062.6680040393  4.127455E-15
7065.44435895488  4.211702E-15
7068.22071387046  4.388147E-15
7070.99706878604  4.489606E-15
7073.77342370162  4.362579E-15
7076.5497786172  4.093133E-15
7079.32613353278  4.336915E-15
7082.10248844836  4.011975E-15
7084.87884336394  3.655669E-15
7087.65519827952  3.961225E-15
7090.4315531951  4.238504E-15
7093.20790811068  4.177776E-15
7095.98426302626  3.876626E-15
7098.76061794184  3.862714E-15
7101.53697285742  4.242677E-15
7104.313327773  4.358726E-15
7107.08968268858  4.054494E-15
7109.86603760416  3.864443E-15
7112.64239251974  4.139824E-15
7115.41874743532  4.054796E-15
7118.1951023509  4.138831E-15
7120.97145726648  3.956542E-15
7123.74781218206  4.311760E-15
7126.52416709764  4.105610E-15
7129.30052201322  3.585906E-15
7132.0768769288  3.955142E-15
7134.85323184437  4.126307E-15
7137.62958675996  4.165164E-15
7140.40594167553  3.964018E-15
7143.18229659112  3.919917E-15
7145.95865150669  3.808625E-15
7148.73500642227  3.990822E-15
7151.51136133785  4.175941E-15
7154.28771625343  4.223960E-15
7157.06407116901  3.957341E-15
7159.84042608459  3.797518E-15
7162.61678100017  3.812083E-15
7165.39313591575  3.895923E-15
7168.16949083133  4.123902E-15
7170.94584574691  3.948414E-15
7173.72220066249  3.807593E-15
7176.49855557807  3.687084E-15
7179.27491049365  3.648358E-15
7182.05126540923  3.700257E-15
7184.82762032481  3.889162E-15
7187.60397524039  3.456284E-15
7190.38033015597  3.925017E-15
7193.15668507155  3.859570E-15
7195.93303998713  4.243935E-15
7198.70939490271  4.085899E-15
7201.48574981829  3.851502E-15
7204.26210473387  3.736044E-15
7207.03845964945  3.799509E-15
7209.81481456503  3.870397E-15
7212.59116948061  4.176410E-15
7215.36752439619  4.082896E-15
7218.14387931177  4.116203E-15
7220.92023422735  3.994995E-15
7223.69658914293  3.815810E-15
7226.47294405851  3.781433E-15
7229.24929897409  3.391124E-15
7232.02565388966  3.390865E-15
7234.80200880524  3.639681E-15
7237.57836372083  3.654149E-15
7240.3547186364  3.758779E-15
7243.13107355198  3.813481E-15
7245.90742846756  3.782568E-15
7248.68378338314  3.611197E-15
7251.46013829872  3.867436E-15
7254.2364932143  4.129951E-15
7257.01284812988  3.755913E-15
7259.78920304546  3.704768E-15
7262.56555796104  3.878496E-15
7265.34191287662  3.787339E-15
7268.1182677922  4.015163E-15
7270.89462270778  3.844103E-15
7273.67097762336  3.849506E-15
7276.44733253894  3.872791E-15
7279.22368745452  3.764420E-15
7282.0000423701  3.609003E-15
7284.77639728568  3.542904E-15
7287.55275220126  3.641239E-15
7290.32910711684  3.819344E-15
7293.10546203242  3.795481E-15
7295.881816948  3.595047E-15
7298.65817186358  3.729543E-15
7301.43452677916  3.721280E-15
7304.21088169474  3.825723E-15
7306.98723661032  3.795107E-15
7309.7635915259  3.492016E-15
7312.53994644148  3.528908E-15
7315.31630135706  3.646933E-15
7318.09265627264  3.687032E-15
7320.86901118822  3.613326E-15
7323.6453661038  3.496155E-15
7326.42172101938  3.582345E-15
7329.19807593495  3.629745E-15
7331.97443085053  3.262048E-15
7334.75078576611  3.421239E-15
7337.52714068169  3.705719E-15
7340.30349559727  3.611978E-15
7343.07985051285  3.607490E-15
7345.85620542843  3.663531E-15
7348.63256034401  3.605234E-15
7351.40891525959  3.564184E-15
7354.18527017517  3.572377E-15
7356.96162509075  3.453118E-15
7359.73798000633  3.453496E-15
7362.51433492191  3.760252E-15
7365.29068983749  3.452914E-15
7368.06704475307  3.390110E-15
7370.84339966865  3.502904E-15
7373.61975458423  3.611060E-15
7376.39610949981  3.770103E-15
7379.17246441539  3.635953E-15
7381.94881933097  3.502966E-15
7384.72517424655  3.325168E-15
7387.50152916213  3.197123E-15
7390.27788407771  3.332530E-15
7393.05423899329  3.571080E-15
7395.83059390887  3.402760E-15
7398.60694882445  3.514951E-15
7401.38330374003  3.496995E-15
7404.15965865561  3.452372E-15
7406.93601357119  3.486922E-15
7409.71236848677  3.322911E-15
7412.48872340235  3.391318E-15
7415.26507831793  3.371674E-15
7418.04143323351  3.375741E-15
7420.81778814909  3.409699E-15
7423.59414306466  3.247266E-15
7426.37049798024  3.576113E-15
7429.14685289582  3.268512E-15
7431.9232078114  3.224810E-15
7434.69956272698  3.426924E-15
7437.47591764256  3.471766E-15
7440.25227255814  3.549501E-15
7443.02862747372  3.638018E-15
7445.8049823893  3.452143E-15
7448.58133730488  3.429375E-15
7451.35769222046  3.821050E-15
7454.13404713604  3.754424E-15
7456.91040205162  3.336745E-15
7459.6867569672  3.471485E-15
7462.46311188278  3.441814E-15
7465.23946679836  3.409062E-15
7468.01582171394  3.493746E-15
7470.79217662952  3.315258E-15
7473.5685315451  3.599976E-15
7476.34488646068  3.624021E-15
7479.12124137626  3.328475E-15
7481.89759629184  3.324937E-15
7484.67395120742  3.353173E-15
7487.450306123  3.337927E-15
7490.22666103858  3.264052E-15
7493.00301595416  3.221158E-15
7495.77937086974  3.171725E-15
7498.55572578532  3.289574E-15
7501.3320807009  3.301213E-15
7504.10843561648  3.382670E-15
7506.88479053206  3.398045E-15
7509.66114544764  3.581725E-15
7512.43750036321  3.354346E-15
7515.2138552788  3.085511E-15
7517.99021019437  3.061253E-15
7520.76656510995  3.249349E-15
7523.54292002553  3.492592E-15
7526.31927494111  3.500980E-15
7529.09562985669  3.416796E-15
7531.87198477227  3.342270E-15
7534.64833968785  3.286987E-15
7537.42469460343  3.229015E-15
7540.20104951901  3.467482E-15
7542.97740443459  3.442766E-15
7545.75375935017  3.823453E-15
7548.53011426575  3.590906E-15
7551.30646918133  3.677617E-15
7554.08282409691  3.735011E-15
7556.85917901249  3.573641E-15
7559.63553392807  3.599669E-15
7562.41188884365  3.606754E-15
7565.18824375923  3.391789E-15
7567.96459867481  3.466755E-15
7570.74095359039  3.431079E-15
7573.51730850597  3.108040E-15
7576.29366342155  3.061032E-15
7579.07001833713  3.223620E-15
7581.84637325271  3.313737E-15
7584.62272816829  3.330469E-15
7587.39908308387  3.088512E-15
7590.17543799945  2.758604E-15
7592.95179291503  2.884394E-15
7595.72814783061  3.179624E-15
7598.50450274619  2.997729E-15
7601.28085766177  3.136712E-15
7604.05721257735  2.995795E-15
7606.83356749292  3.074712E-15
7609.60992240851  3.160637E-15
7612.38627732408  2.993770E-15
7615.16263223967  2.933356E-15
7617.93898715524  3.189191E-15
7620.71534207082  3.328442E-15
7623.4916969864  2.907090E-15
7626.26805190198  2.777314E-15
7629.04440681756  3.081374E-15
7631.82076173314  3.344275E-15
7634.59711664872  3.080940E-15
7637.3734715643  2.910051E-15
7640.14982647988  3.031517E-15
7642.92618139546  2.953694E-15
7645.70253631104  2.980209E-15
7648.47889122662  2.942308E-15
7651.2552461422  3.449480E-15
7654.03160105778  3.351011E-15
7656.80795597336  3.166292E-15
7659.58431088894  3.090342E-15
7662.36066580452  3.077874E-15
7665.1370207201  2.783554E-15
7667.91337563568  2.688348E-15
7670.68973055126  2.892402E-15
7673.46608546684  3.170964E-15
7676.24244038242  3.520094E-15
7679.018795298  3.149962E-15
7681.79515021358  2.849449E-15
7684.57150512916  2.883159E-15
7687.34786004474  2.859342E-15
7690.12421496032  2.967949E-15
7692.9005698759  2.892218E-15
7695.67692479148  2.835412E-15
7698.45327970706  3.112630E-15
7701.22963462264  3.042075E-15
7704.00598953821  2.957172E-15
7706.78234445379  2.900377E-15
7709.55869936937  2.780908E-15
7712.33505428495  3.006108E-15
7715.11140920053  2.868212E-15
7717.88776411611  2.823638E-15
7720.66411903169  2.923666E-15
7723.44047394727  3.149184E-15
7726.21682886285  3.160666E-15
7728.99318377843  3.076243E-15
7731.76953869401  3.023825E-15
7734.54589360959  2.804569E-15
7737.32224852517  2.869033E-15
7740.09860344075  3.155933E-15
7742.87495835633  3.218999E-15
7745.65131327191  3.012915E-15
7748.42766818749  2.958347E-15
7751.20402310307  3.056067E-15
7753.98037801865  3.051028E-15
7756.75673293423  3.204027E-15
7759.53308784981  3.019996E-15
7762.30944276539  2.814185E-15
7765.08579768097  2.994082E-15
7767.86215259655  2.926589E-15
7770.63850751213  2.948281E-15
7773.41486242771  3.257663E-15
7776.19121734329  3.025549E-15
7778.96757225887  3.057551E-15
7781.74392717445  3.165783E-15
7784.52028209003  2.955459E-15
7787.29663700561  2.986235E-15
7790.07299192119  2.954778E-15
7792.84934683677  2.963183E-15
7795.62570175234  2.969096E-15
7798.40205666793  2.967493E-15
7801.1784115835  3.054871E-15
7803.95476649909  3.059604E-15
7806.73112141466  3.092705E-15
7809.50747633024  3.156427E-15
7812.28383124582  3.161863E-15
7815.0601861614  3.013379E-15
7817.83654107698  2.888953E-15
7820.61289599256  3.023264E-15
7823.38925090814  2.823877E-15
7826.16560582372  2.798152E-15
7828.9419607393  3.162347E-15
7831.71831565488  3.041556E-15
7834.49467057046  3.140665E-15
7837.27102548604  3.219948E-15
7840.04738040162  2.830241E-15
7842.8237353172  2.910574E-15
7845.60009023278  3.036627E-15
7848.37644514836  3.053298E-15
7851.15280006394  3.088075E-15
7853.92915497952  3.093409E-15
7856.7055098951  3.150770E-15
7859.48186481068  3.020292E-15
7862.25821972626  2.771659E-15
7865.03457464184  2.774114E-15
7867.81092955742  2.998021E-15
7870.587284473  2.921932E-15
7873.36363938858  2.944356E-15
7876.13999430416  2.961695E-15
7878.91634921974  2.951311E-15
7881.69270413532  3.131199E-15
7884.4690590509  2.976657E-15
7887.24541396648  2.865053E-15
7890.02176888206  2.934623E-15
7892.79812379764  2.890567E-15
7895.57447871321  2.917634E-15
7898.3508336288  2.793103E-15
7901.12718854437  2.566686E-15
7903.90354345995  2.879372E-15
7906.67989837553  3.011505E-15
7909.45625329111  2.827320E-15
7912.23260820669  3.000758E-15
7915.00896312227  2.993805E-15
7917.78531803785  2.874768E-15
7920.56167295343  2.828057E-15
7923.33802786901  2.656612E-15
7926.11438278459  2.504189E-15
7928.89073770017  2.466698E-15
7931.66709261575  2.660403E-15
7934.44344753133  2.913778E-15
7937.21980244691  3.110619E-15
7939.99615736249  2.988514E-15
7942.77251227807  2.811020E-15
7945.54886719365  2.667483E-15
7948.32522210923  2.915490E-15
7951.10157702481  2.696353E-15
7953.87793194039  2.675074E-15
7956.65428685597  2.630007E-15
7959.43064177155  2.451794E-15
7962.20699668713  2.667045E-15
7964.98335160271  2.700850E-15
7967.75970651829  2.625352E-15
7970.53606143387  2.630010E-15
7973.31241634945  2.508646E-15
7976.08877126503  2.513111E-15
7978.86512618061  2.626895E-15
7981.64148109619  2.673962E-15
7984.41783601176  3.016369E-15
7987.19419092735  2.832485E-15
7989.97054584292  2.697261E-15
7992.74690075851  2.793319E-15
7995.52325567408  2.940877E-15
7998.29961058966  3.101581E-15
8001.07596550524  2.696386E-15
8003.85232042082  2.709081E-15
8006.6286753364  3.100988E-15
8009.40503025198  2.837150E-15
8012.18138516756  2.799979E-15
8014.95774008314  2.921537E-15
8017.73409499872  2.620399E-15
8020.5104499143  2.562432E-15
8023.28680482988  2.667231E-15
8026.06315974546  2.955709E-15
8028.83951466104  2.830607E-15
8031.61586957662  2.738099E-15
8034.3922244922  2.610719E-15
8037.16857940778  2.793865E-15
8039.94493432336  2.785142E-15
8042.72128923894  2.695516E-15
8045.49764415452  2.573404E-15
8048.2739990701  2.700531E-15
8051.05035398568  2.483154E-15
8053.82670890126  2.554136E-15
8056.60306381684  2.688644E-15
8059.37941873242  2.720488E-15
8062.155773648  2.806979E-15
8064.93212856357  2.805374E-15
8067.70848347916  2.696591E-15
8070.48483839474  2.703099E-15
8073.26119331031  2.677952E-15
8076.03754822589  2.620815E-15
8078.81390314148  2.894367E-15
8081.59025805706  2.766454E-15
8084.36661297263  2.714754E-15
8087.14296788822  2.800910E-15
8089.91932280379  2.660457E-15
8092.69567771937  2.649165E-15
8095.47203263495  2.884176E-15
8098.24838755053  2.867755E-15
8101.02474246611  2.808879E-15
8103.80109738169  2.711272E-15
8106.57745229727  2.613155E-15
8109.35380721285  2.673887E-15
8112.13016212843  2.632507E-15
8114.90651704401  2.729779E-15
8117.68287195959  2.647332E-15
8120.45922687517  2.526461E-15
8123.23558179075  2.805604E-15
8126.01193670633  2.749181E-15
8128.78829162191  2.627082E-15
8131.56464653749  2.594241E-15
8134.34100145307  2.245030E-15
8137.11735636865  2.500003E-15
8139.89371128423  2.458263E-15
8142.67006619981  2.712773E-15
8145.44642111539  2.478368E-15
8148.22277603097  2.300515E-15
8150.99913094655  2.417905E-15
8153.77548586213  2.567514E-15
8156.55184077771  2.338442E-15
8159.32819569329  2.810676E-15
8162.10455060886  2.752413E-15
8164.88090552445  2.506691E-15
8167.65726044003  2.473581E-15
8170.43361535561  2.474581E-15
8173.20997027118  2.518767E-15
8175.98632518676  2.502844E-15
8178.76268010234  2.509178E-15
8181.53903501792  2.363273E-15
8184.3153899335  2.490385E-15
8187.09174484908  2.231840E-15
8189.86809976466  2.243101E-15
8192.64445468024  2.451541E-15
8195.42080959582  2.534729E-15
8198.1971645114  2.480461E-15
8200.97351942698  2.660458E-15
8203.74987434256  2.589151E-15
8206.52622925814  2.748543E-15
8209.30258417372  2.524040E-15
8212.0789390893  2.634377E-15
8214.85529400488  2.531057E-15
8217.63164892046  2.607406E-15
8220.40800383604  2.836515E-15
8223.18435875162  2.685660E-15
8225.9607136672  2.435992E-15
8228.73706858278  2.255232E-15
8231.51342349836  2.171903E-15
8234.28977841394  2.219528E-15
8237.06613332952  2.592623E-15
8239.8424882451  2.623512E-15
8242.61884316068  2.678005E-15
8245.39519807626  2.621067E-15
8248.17155299184  2.788783E-15
8250.94790790742  2.662258E-15
8253.724262823  2.614282E-15
8256.50061773858  2.756213E-15
8259.27697265415  2.872016E-15
8262.05332756974  2.857929E-15
8264.82968248532  2.755598E-15
8267.60603740089  2.656865E-15
8270.38239231647  2.735699E-15
8273.15874723205  2.885803E-15
8275.93510214764  2.533758E-15
8278.71145706321  2.279290E-15
8281.48781197879  2.593311E-15
8284.26416689437  2.607194E-15
8287.04052180995  2.606525E-15
8289.81687672553  2.826097E-15
8292.59323164111  2.927027E-15
8295.36958655669  2.798160E-15
8298.14594147227  2.384292E-15
8300.92229638785  2.504626E-15
8303.69865130343  2.708166E-15
8306.47500621901  2.803035E-15
8309.25136113459  2.481265E-15
8312.02771605017  2.474709E-15
8314.80407096575  2.588646E-15
8317.58042588133  2.734342E-15
8320.35678079691  2.553819E-15
8323.13313571249  2.418875E-15
8325.90949062807  2.541942E-15
8328.68584554365  2.671060E-15
8331.46220045923  2.698310E-15
8334.23855537481  2.568104E-15
8337.01491029039  2.483791E-15
8339.79126520597  2.547437E-15
8342.56762012155  2.823857E-15
8345.34397503712  2.839215E-15
8348.12032995271  2.635503E-15
8350.89668486829  2.867463E-15
8353.67303978387  2.852387E-15
8356.44939469944  2.372790E-15
8359.22574961502  2.159628E-15
8362.00210453061  2.253780E-15
8364.77845944619  2.509051E-15
8367.55481436176  2.551015E-15
8370.33116927734  2.727362E-15
8373.10752419292  2.594128E-15
8375.8838791085  2.477593E-15
8378.66023402408  2.840190E-15
8381.43658893966  2.794234E-15
8384.21294385524  2.610828E-15
8386.98929877082  2.784019E-15
8389.7656536864  2.560330E-15
8392.54200860198  2.580875E-15
8395.31836351756  2.833258E-15
8398.09471843314  2.482123E-15
8400.87107334872  2.569778E-15
8403.6474282643  2.644106E-15
8406.42378317988  2.600123E-15
8409.20013809546  2.627344E-15
8411.97649301104  2.322813E-15
8414.75284792662  2.480198E-15
8417.5292028422  2.584804E-15
8420.30555775778  2.567052E-15
8423.08191267336  2.765627E-15
8425.85826758894  2.631049E-15
8428.63462250452  2.337316E-15
8431.4109774201  2.448746E-15
8434.18733233568  2.789526E-15
8436.96368725126  2.775142E-15
8439.74004216684  2.602341E-15
8442.51639708242  2.685165E-15
8445.292751998  2.588394E-15
8448.06910691358  2.641342E-15
8450.84546182916  2.640441E-15
8453.62181674473  2.681940E-15
8456.39817166031  2.693615E-15
8459.1745265759  2.964787E-15
8461.95088149147  2.663776E-15
8464.72723640705  2.312248E-15
8467.50359132263  2.291413E-15
8470.27994623821  2.697932E-15
8473.05630115379  2.688970E-15
8475.83265606937  2.538132E-15
8478.60901098495  2.456805E-15
8481.38536590053  2.441763E-15
8484.16172081611  2.540775E-15
8486.93807573169  2.416494E-15
8489.71443064727  2.357005E-15
8492.49078556285  2.502888E-15
8495.26714047843  2.387898E-15
8498.04349539401  2.422249E-15
8500.81985030959  2.381815E-15
8503.59620522517  2.189185E-15
8506.37256014075  2.332334E-15
8509.14891505633  2.155513E-15
8511.92526997191  2.305314E-15
8514.70162488749  2.274836E-15
8517.47797980307  2.287627E-15
8520.25433471865  2.442186E-15
8523.03068963423  2.638907E-15
8525.80704454981  2.411010E-15
8528.58339946539  2.266360E-15
8531.35975438097  2.274388E-15
8534.13610929655  2.387249E-15
8536.91246421213  2.601698E-15
8539.6888191277  2.640409E-15
8542.46517404328  2.590184E-15
8545.24152895887  2.556816E-15
8548.01788387445  2.426327E-15
8550.79423879002  2.291945E-15
8553.5705937056  2.357862E-15
8556.34694862118  2.581814E-15
8559.12330353676  2.320530E-15
8561.89965845234  2.034773E-15
8564.67601336792  2.116857E-15
8567.4523682835  2.425443E-15
8570.22872319908  2.243896E-15
8573.00507811466  2.116886E-15
8575.78143303024  2.082419E-15
8578.55778794582  1.934864E-15
8581.3341428614  2.158067E-15
8584.11049777698  2.334929E-15
8586.88685269256  2.423457E-15
8589.66320760814  2.458625E-15
8592.43956252372  2.346895E-15
8595.2159174393  2.263583E-15
8597.99227235488  2.266768E-15
8600.76862727046  2.422390E-15
8603.54498218604  2.559057E-15
8606.32133710162  2.535112E-15
8609.0976920172  2.197197E-15
8611.87404693278  2.171135E-15
8614.65040184836  2.074945E-15
8617.42675676394  2.273031E-15
8620.20311167952  2.444059E-15
8622.97946659509  2.309481E-15
8625.75582151068  2.341607E-15
8628.53217642626  2.137090E-15
8631.30853134184  2.097998E-15
8634.08488625742  2.297362E-15
8636.861241173  2.643048E-15
8639.63759608857  2.406501E-15
8642.41395100416  2.242939E-15
8645.19030591974  2.277210E-15
8647.96666083531  2.202631E-15
8650.74301575089  2.517814E-15
8653.51937066647  2.822331E-15
8656.29572558205  2.775464E-15
8659.07208049763  2.089619E-15
8661.84843541321  2.086411E-15
8664.62479032879  2.461875E-15
8667.40114524437  2.677363E-15
8670.17750015995  2.310318E-15
8672.95385507553  1.982286E-15
8675.73020999111  2.152078E-15
8678.50656490669  2.445937E-15
8681.28291982227  2.085020E-15
8684.05927473785  2.364287E-15
8686.83562965343  2.616906E-15
8689.61198456901  2.288080E-15
8692.38833948459  2.157193E-15
8695.16469440017  2.056381E-15
8697.94104931575  2.034628E-15
8700.71740423133  2.212144E-15
8703.49375914691  2.202902E-15
8706.27011406249  2.207024E-15
8709.04646897807  2.288409E-15
8711.82282389365  2.281364E-15
8714.59917880923  2.154201E-15
8717.37553372481  2.258887E-15
8720.15188864039  2.339028E-15
8722.92824355597  2.335637E-15
8725.70459847155  2.392379E-15
8728.48095338713  2.303851E-15
8731.25730830271  2.461086E-15
8734.03366321828  2.586741E-15
8736.81001813386  2.570897E-15
8739.58637304945  2.606310E-15
8742.36272796502  2.599833E-15
8745.1390828806  2.383622E-15
8747.91543779618  2.275340E-15
8750.69179271176  2.532564E-15
8753.46814762734  2.456834E-15
8756.24450254292  2.146599E-15
8759.0208574585  2.249750E-15
8761.79721237408  2.341836E-15
8764.57356728966  2.470150E-15
8767.34992220524  2.444922E-15
8770.12627712082  2.174699E-15
8772.9026320364  2.272548E-15
8775.67898695198  2.244606E-15
8778.45534186756  2.215379E-15
8781.23169678314  2.089044E-15
8784.00805169872  2.186137E-15
8786.7844066143  2.047856E-15
8789.56076152988  1.925953E-15
8792.33711644546  2.449721E-15
8795.11347136104  2.273955E-15
8797.88982627662  2.071835E-15
8800.6661811922  2.276734E-15
8803.44253610778  2.215695E-15
8806.21889102336  2.088515E-15
8808.99524593894  1.881991E-15
8811.77160085452  1.870121E-15
8814.5479557701  2.066228E-15
8817.32431068567  1.678328E-15
8820.10066560126  1.751768E-15
8822.87702051683  2.181719E-15
8825.65337543242  1.774137E-15
8828.429730348  1.576388E-15
8831.20608526358  1.678149E-15
