JD
2459713.2700115740
2459713.2724189814
2459713.2748263888
2459713.2772337962
2459713.2796412036
2459713.2820486110
2459713.2844444443
2459713.2868518517
2459713.2892592591
2459713.2916666665
2459713.2940740739
2459713.2964814813
2459713.2988888887
2459713.3012962961
2459713.3037037039
2459713.3061111113
2459713.3085185187
2459713.3109375001
2459713.3133449075
2459713.3157523149
2459713.3181597223
2459713.3205671296
2459713.3229861110
2459713.3254282409
2459713.3278356483
2459713.3302430557
2459713.3326504631