3861.5307863759  7.830303E-16
3864.30714129148  1.160136E-15
3867.08349620706  9.771763E-16
3869.85985112264  9.352322E-16
3872.63620603822  6.452338E-16
3875.4125609538  7.110483E-16
3878.18891586938  1.202471E-15
3880.96527078496  1.179841E-15
3883.74162570054  8.947657E-16
3886.51798061612  5.591572E-16
3889.2943355317  6.243822E-16
3892.07069044728  7.369423E-16
3894.84704536286  1.014594E-15
3897.62340027844  9.649071E-16
3900.39975519402  9.204365E-16
3903.1761101096  8.162972E-16
3905.95246502518  1.045433E-15
3908.72881994076  8.716247E-16
3911.50517485634  1.030558E-15
3914.28152977192  9.330082E-16
3917.0578846875  8.176173E-16
3919.83423960308  8.547733E-16
3922.61059451866  8.085728E-16
3925.38694943424  9.162260E-16
3928.16330434982  8.410807E-16
3930.9396592654  8.246881E-16
3933.71601418098  8.547614E-16
3936.49236909656  8.350312E-16
3939.26872401214  7.418298E-16
3942.04507892772  9.059173E-16
3944.82143384329  9.716116E-16
3947.59778875887  9.049266E-16
3950.37414367445  8.713054E-16
3953.15049859003  8.756583E-16
3955.92685350561  9.164079E-16
3958.70320842119  9.119521E-16
3961.47956333677  1.029681E-15
3964.25591825235  9.697158E-16
3967.03227316793  9.115612E-16
3969.80862808351  9.011080E-16
3972.58498299909  7.992487E-16
3975.36133791467  7.773977E-16
3978.13769283025  8.141474E-16
3980.91404774583  7.983571E-16
3983.69040266141  7.842332E-16
3986.46675757699  9.677351E-16
3989.24311249257  9.391084E-16
3992.01946740815  8.251625E-16
3994.79582232373  7.964378E-16
3997.57217723931  9.175919E-16
4000.34853215489  8.808835E-16
4003.12488707047  8.697741E-16
4005.90124198605  9.082718E-16
4008.67759690163  8.893717E-16
4011.45395181721  7.970289E-16
4014.23030673279  9.123710E-16
4017.00666164837  8.638144E-16
4019.78301656395  9.027023E-16
4022.55937147953  8.400181E-16
4025.33572639511  8.943884E-16
4028.11208131069  8.440508E-16
4030.88843622627  9.158085E-16
4033.66479114185  9.339503E-16
4036.44114605743  8.372932E-16
4039.21750097301  9.372438E-16
4041.99385588858  9.082665E-16
4044.77021080416  8.613875E-16
4047.54656571974  9.228550E-16
4050.32292063532  8.549347E-16
4053.0992755509  8.709934E-16
4055.87563046648  9.391525E-16
4058.65198538206  8.995693E-16
4061.42834029764  8.529092E-16
4064.20469521322  8.798258E-16
4066.9810501288  9.124557E-16
4069.75740504438  7.678843E-16
4072.53375995996  7.780423E-16
4075.31011487554  7.791166E-16
4078.08646979112  8.748406E-16
4080.8628247067  7.740794E-16
4083.63917962228  6.692815E-16
4086.41553453786  7.675876E-16
4089.19188945344  7.664393E-16
4091.96824436902  8.627581E-16
4094.7445992846  8.306416E-16
4097.52095420018  8.695603E-16
4100.29730911576  8.716745E-16
4103.07366403134  8.960053E-16
4105.85001894692  7.997654E-16
4108.6263738625  8.335482E-16
4111.40272877808  8.600048E-16
4114.17908369366  7.399107E-16
4116.95543860924  8.559230E-16
4119.73179352482  9.328193E-16
4122.5081484404  7.933340E-16
4125.28450335598  8.039865E-16
4128.06085827156  8.355238E-16
4130.83721318714  8.340111E-16
4133.61356810271  8.480977E-16
4136.38992301829  7.412643E-16
4139.16627793387  8.614568E-16
4141.94263284945  9.389529E-16
4144.71898776503  8.074177E-16
4147.49534268061  7.938940E-16
4150.27169759619  9.268646E-16
4153.04805251177  9.797425E-16
4155.82440742735  8.003932E-16
4158.60076234293  8.698331E-16
4161.37711725851  9.443354E-16
4164.15347217409  9.177500E-16
4166.92982708967  8.597262E-16
4169.70618200525  9.204166E-16
4172.48253692083  1.091643E-15
4175.25889183641  1.005615E-15
4178.03524675199  8.869915E-16
4180.81160166757  8.435243E-16
4183.58795658315  8.107128E-16
4186.36431149873  8.597717E-16
4189.14066641431  8.888206E-16
4191.91702132989  7.962549E-16
4194.69337624547  9.914058E-16
4197.46973116105  9.187658E-16
4200.24608607663  8.603191E-16
4203.02244099221  8.817552E-16
4205.79879590779  9.725103E-16
4208.57515082337  1.012504E-15
4211.35150573895  9.153023E-16
4214.12786065453  9.496566E-16
4216.90421557011  8.771208E-16
4219.68057048569  8.983357E-16
4222.45692540127  9.311441E-16
4225.23328031684  9.189646E-16
4228.00963523242  9.649929E-16
4230.785990148  1.078586E-15
4233.56234506358  1.006810E-15
4236.33869997916  1.126120E-15
4239.11505489474  1.058254E-15
4241.89140981032  1.037498E-15
4244.6677647259  1.021105E-15
4247.44411964148  1.047266E-15
4250.22047455706  1.100066E-15
4252.99682947264  9.671545E-16
4255.77318438822  1.038351E-15
4258.5495393038  1.043393E-15
4261.32589421938  1.002244E-15
4264.10224913496  9.276306E-16
4266.87860405054  9.844135E-16
4269.65495896612  1.047196E-15
4272.4313138817  1.101972E-15
4275.20766879728  1.185922E-15
4277.98402371286  1.098380E-15
4280.76037862844  9.840427E-16
4283.53673354402  8.891855E-16
4286.3130884596  9.419600E-16
4289.08944337518  9.503850E-16
4291.86579829076  9.415661E-16
4294.64215320634  8.789023E-16
4297.41850812192  9.755131E-16
4300.1948630375  9.508834E-16
4302.97121795308  8.749026E-16
4305.74757286866  8.973012E-16
4308.52392778424  8.511917E-16
4311.30028269982  8.317753E-16
4314.0766376154  9.575774E-16
4316.85299253098  8.948441E-16
4319.62934744656  9.495312E-16
4322.40570236213  9.868314E-16
4325.18205727771  9.932413E-16
4327.95841219329  9.411522E-16
4330.73476710887  9.279113E-16
4333.51112202445  9.067483E-16
4336.28747694003  8.575689E-16
4339.06383185561  8.984447E-16
4341.84018677119  8.985246E-16
4344.61654168677  8.899564E-16
4347.39289660235  8.857391E-16
4350.16925151793  8.569919E-16
4352.94560643351  9.827058E-16
4355.72196134909  9.410921E-16
4358.49831626467  9.871182E-16
4361.27467118025  9.422929E-16
4364.05102609583  7.272380E-16
4366.82738101141  8.147766E-16
4369.60373592699  8.649576E-16
4372.38009084257  9.303517E-16
4375.15644575815  9.320394E-16
4377.93280067373  9.013358E-16
4380.70915558931  9.356398E-16
4383.48551050489  9.039693E-16
4386.26186542047  9.076874E-16
4389.03822033605  9.292516E-16
4391.81457525163  9.130255E-16
4394.59093016721  9.633267E-16
4397.36728508279  8.709936E-16
4400.14363999837  8.206409E-16
4402.91999491395  8.601147E-16
4405.69634982953  9.018573E-16
4408.47270474511  1.001278E-15
4411.24905966069  8.992396E-16
4414.02541457626  7.937492E-16
4416.80176949185  8.904014E-16
4419.57812440742  9.259174E-16
4422.354479323  8.464330E-16
4425.13083423858  8.482112E-16
4427.90718915416  8.880581E-16
4430.68354406974  9.117309E-16
4433.45989898532  9.557308E-16
4436.2362539009  8.361399E-16
4439.01260881648  9.143995E-16
4441.78896373206  8.691320E-16
4444.56531864764  9.471929E-16
4447.34167356322  1.017614E-15
4450.1180284788  9.081367E-16
4452.89438339438  8.397530E-16
4455.67073830996  8.856631E-16
4458.44709322554  8.852999E-16
4461.22344814112  8.731892E-16
4463.9998030567  8.356857E-16
4466.77615797228  8.423625E-16
4469.55251288786  9.180145E-16
4472.32886780344  9.128390E-16
4475.10522271902  9.300559E-16
4477.8815776346  8.089086E-16
4480.65793255018  8.173213E-16
4483.43428746576  7.539744E-16
4486.21064238134  7.934719E-16
4488.98699729692  8.748969E-16
4491.7633522125  9.306897E-16
4494.53970712808  8.043449E-16
4497.31606204366  8.506217E-16
4500.09241695924  9.345300E-16
4502.86877187482  9.023239E-16
4505.64512679039  8.958560E-16
4508.42148170598  8.511509E-16
4511.19783662155  8.546746E-16
4513.97419153713  8.668672E-16
4516.75054645271  9.695137E-16
4519.52690136829  9.430735E-16
4522.30325628387  8.868008E-16
4525.07961119945  9.556437E-16
4527.85596611503  1.013987E-15
4530.63232103061  9.148417E-16
4533.40867594619  9.697085E-16
4536.18503086177  8.904326E-16
4538.96138577735  8.694370E-16
4541.73774069293  9.155291E-16
4544.51409560851  9.271189E-16
4547.29045052409  8.915571E-16
4550.06680543967  8.834213E-16
4552.84316035525  9.156601E-16
4555.61951527083  8.992254E-16
4558.39587018641  8.914144E-16
4561.17222510199  9.323185E-16
4563.94858001757  8.979894E-16
4566.72493493315  8.904143E-16
4569.50128984873  8.313797E-16
4572.27764476431  8.736242E-16
4575.05399967989  9.459704E-16
4577.83035459547  8.457030E-16
4580.60670951105  8.322026E-16
4583.38306442663  8.322999E-16
4586.15941934221  8.129421E-16
4588.93577425779  8.761848E-16
4591.71212917337  9.627900E-16
4594.48848408895  8.945789E-16
4597.26483900453  9.136684E-16
4600.0411939201  9.436559E-16
4602.81754883568  9.380028E-16
4605.59390375127  9.703593E-16
4608.37025866684  9.262105E-16
4611.14661358242  9.194802E-16
4613.922968498  9.138378E-16
4616.69932341358  8.083798E-16
4619.47567832916  7.817339E-16
4622.25203324474  8.986328E-16
4625.02838816032  9.744671E-16
4627.8047430759  8.955082E-16
4630.58109799148  8.765100E-16
4633.35745290706  9.262605E-16
4636.13380782264  8.983792E-16
4638.91016273822  8.344648E-16
4641.6865176538  1.008162E-15
4644.46287256938  8.530605E-16
4647.23922748496  8.316096E-16
4650.01558240054  8.998947E-16
4652.79193731612  9.682084E-16
4655.5682922317  8.775008E-16
4658.34464714728  8.034249E-16
4661.12100206286  8.511924E-16
4663.89735697844  8.758613E-16
4666.67371189402  8.378964E-16
4669.4500668096  8.439782E-16
4672.22642172518  8.445540E-16
4675.00277664076  8.324998E-16
4677.77913155634  8.373761E-16
4680.55548647192  8.146201E-16
4683.3318413875  7.741702E-16
4686.10819630308  7.850555E-16
4688.88455121866  8.486781E-16
4691.66090613424  7.949705E-16
4694.43726104982  7.750133E-16
4697.21361596539  8.202437E-16
4699.98997088097  7.549126E-16
4702.76632579655  7.975347E-16
4705.54268071213  8.335766E-16
4708.31903562771  8.011637E-16
4711.09539054329  7.984198E-16
4713.87174545887  8.079045E-16
4716.64810037445  7.865453E-16
4719.42445529003  7.528473E-16
4722.20081020561  7.986859E-16
4724.97716512119  7.721870E-16
4727.75352003677  7.823400E-16
4730.52987495235  8.631727E-16
4733.30622986793  8.456842E-16
4736.08258478351  9.319286E-16
4738.85893969909  8.573808E-16
4741.63529461467  8.744146E-16
4744.41164953025  7.620818E-16
4747.18800444583  7.569050E-16
4749.96435936141  8.286595E-16
4752.74071427699  8.167478E-16
4755.51706919257  7.829626E-16
4758.29342410815  7.632216E-16
4761.06977902373  7.630897E-16
4763.84613393931  8.573649E-16
4766.62248885489  7.936981E-16
4769.39884377047  8.518591E-16
4772.17519868605  8.501825E-16
4774.95155360163  9.375358E-16
4777.72790851721  9.048645E-16
4780.50426343279  9.632567E-16
4783.28061834837  8.967504E-16
4786.05697326394  8.849593E-16
4788.83332817953  8.536255E-16
4791.6096830951  8.988344E-16
4794.38603801068  9.509543E-16
4797.16239292626  1.008504E-15
4799.93874784184  8.891455E-16
4802.71510275742  9.407774E-16
4805.491457673  9.947500E-16
4808.26781258858  9.053897E-16
4811.04416750416  9.051683E-16
4813.82052241974  9.565346E-16
4816.59687733532  9.642214E-16
4819.3732322509  1.003522E-15
4822.14958716648  9.878894E-16
4824.92594208206  1.010159E-15
4827.70229699764  9.979206E-16
4830.47865191322  9.395341E-16
4833.2550068288  9.242839E-16
4836.03136174438  9.668374E-16
4838.80771665996  9.743976E-16
4841.58407157554  1.002216E-15
4844.36042649112  9.930775E-16
4847.1367814067  1.006267E-15
4849.91313632228  9.568033E-16
4852.68949123786  9.372800E-16
4855.46584615344  9.890247E-16
4858.24220106902  1.041617E-15
4861.0185559846  1.006084E-15
4863.79491090018  1.033434E-15
4866.57126581576  1.085525E-15
4869.34762073134  1.082156E-15
4872.12397564692  1.090495E-15
4874.9003305625  1.075125E-15
4877.67668547807  1.040893E-15
4880.45304039366  1.034581E-15
4883.22939530923  1.073039E-15
4886.00575022481  1.095074E-15
4888.7821051404  1.101655E-15
4891.55846005597  1.164621E-15
4894.33481497155  1.166422E-15
4897.11116988713  1.133860E-15
4899.88752480271  1.224640E-15
4902.66387971829  1.175648E-15
4905.44023463387  1.131751E-15
4908.21658954945  1.217906E-15
4910.99294446503  1.180435E-15
4913.76929938061  1.185349E-15
4916.54565429619  1.152263E-15
4919.32200921177  1.157643E-15
4922.09836412735  1.186592E-15
4924.87471904293  1.213866E-15
4927.65107395851  1.202753E-15
4930.42742887409  1.135988E-15
4933.20378378967  1.145883E-15
4935.98013870525  1.038999E-15
4938.75649362083  1.134944E-15
4941.53284853641  1.136203E-15
4944.30920345199  1.115430E-15
4947.08555836757  1.137034E-15
4949.86191328315  1.146592E-15
4952.63826819873  1.131859E-15
4955.41462311431  1.088658E-15
4958.19097802989  1.056280E-15
4960.96733294547  1.081482E-15
4963.74368786104  1.199552E-15
4966.52004277663  1.189117E-15
4969.29639769221  1.111621E-15
4972.07275260778  1.097563E-15
4974.84910752337  1.012047E-15
4977.62546243894  1.068389E-15
4980.40181735452  1.143424E-15
4983.1781722701  1.068235E-15
4985.95452718569  1.050805E-15
4988.73088210126  1.065923E-15
4991.50723701684  1.063264E-15
4994.28359193242  1.004378E-15
4997.059946848  9.883270E-16
4999.83630176358  1.017834E-15
5002.61265667916  1.078521E-15
5005.38901159474  9.965112E-16
5008.16536651032  9.866632E-16
5010.9417214259  1.014992E-15
5013.71807634148  9.256390E-16
5016.49443125706  9.394126E-16
5019.27078617264  9.340408E-16
5022.04714108822  9.651371E-16
5024.8234960038  9.407485E-16
5027.59985091938  9.593193E-16
5030.37620583496  9.723592E-16
5033.15256075054  9.656466E-16
5035.92891566612  9.405599E-16
5038.7052705817  9.121272E-16
5041.48162549728  9.044607E-16
5044.25798041286  8.753662E-16
5047.03433532844  8.510025E-16
5049.81069024402  9.302548E-16
5052.5870451596  8.702515E-16
5055.36340007518  8.629772E-16
5058.13975499076  8.877826E-16
5060.91610990634  8.554774E-16
5063.69246482192  8.388624E-16
5066.4688197375  8.548102E-16
5069.24517465307  8.820682E-16
5072.02152956866  8.857811E-16
5074.79788448423  9.464246E-16
5077.57423939981  9.157985E-16
5080.3505943154  9.084792E-16
5083.12694923098  9.464802E-16
5085.90330414655  9.332064E-16
5088.67965906213  9.428677E-16
5091.45601397771  9.590103E-16
5094.23236889329  9.402319E-16
5097.00872380887  9.249186E-16
5099.78507872445  9.413594E-16
5102.56143364003  8.971497E-16
5105.33778855561  9.466738E-16
5108.11414347119  9.917181E-16
5110.89049838677  9.233166E-16
5113.66685330235  1.016619E-15
5116.44320821793  9.647535E-16
5119.21956313351  8.418390E-16
5121.99591804909  9.235743E-16
5124.77227296467  8.959282E-16
5127.54862788025  9.354614E-16
5130.32498279583  9.340555E-16
5133.10133771141  8.819510E-16
5135.87769262699  8.978216E-16
5138.65404754257  9.472319E-16
5141.43040245815  9.162286E-16
5144.20675737373  9.159893E-16
5146.98311228931  8.739910E-16
5149.75946720489  9.105608E-16
5152.53582212047  9.314983E-16
5155.31217703605  9.414556E-16
5158.08853195163  8.876469E-16
5160.86488686721  9.904762E-16
5163.64124178279  9.810471E-16
5166.41759669837  1.041682E-15
5169.19395161395  1.023841E-15
5171.97030652952  1.006891E-15
5174.74666144511  1.006611E-15
5177.52301636068  9.942134E-16
5180.29937127626  1.076217E-15
5183.07572619184  1.070514E-15
5185.85208110742  1.013870E-15
5188.628436023  1.017617E-15
5191.40479093858  1.007589E-15
5194.18114585416  9.152810E-16
5196.95750076974  9.269476E-16
5199.73385568532  9.208955E-16
5202.5102106009  9.404339E-16
5205.28656551648  9.778416E-16
5208.06292043206  8.778576E-16
5210.83927534764  9.774158E-16
5213.61563026322  1.003590E-15
5216.3919851788  9.043252E-16
5219.16834009438  9.487870E-16
5221.94469500996  9.811655E-16
5224.72104992554  8.992224E-16
5227.49740484112  8.847901E-16
5230.2737597567  9.136332E-16
5233.05011467228  9.499548E-16
5235.82646958786  9.469654E-16
5238.60282450344  9.754302E-16
5241.37917941902  9.649214E-16
5244.1555343346  1.009504E-15
5246.93188925018  9.948289E-16
5249.70824416576  9.833524E-16
5252.48459908134  9.600877E-16
5255.26095399692  1.008899E-15
5258.0373089125  1.076278E-15
5260.81366382808  9.630874E-16
5263.59001874365  9.734508E-16
5266.36637365923  9.891075E-16
5269.14272857481  1.020887E-15
5271.91908349039  9.838161E-16
5274.69543840597  9.845464E-16
5277.47179332155  1.033195E-15
5280.24814823713  9.738858E-16
5283.02450315271  1.009463E-15
5285.80085806829  1.009504E-15
5288.57721298387  9.681449E-16
5291.35356789945  9.365762E-16
5294.12992281503  9.889900E-16
5296.90627773061  9.352163E-16
5299.68263264619  9.146049E-16
5302.45898756177  9.270343E-16
5305.23534247735  8.973325E-16
5308.01169739293  8.887817E-16
5310.78805230851  9.175651E-16
5313.56440722409  9.221175E-16
5316.34076213967  9.762322E-16
5319.11711705525  9.206400E-16
5321.89347197083  9.741530E-16
5324.66982688641  1.019289E-15
5327.44618180199  9.904673E-16
5330.22253671757  9.394457E-16
5332.99889163315  9.541507E-16
5335.77524654873  8.910811E-16
5338.55160146431  8.924379E-16
5341.32795637989  8.534678E-16
5344.10431129547  8.696127E-16
5346.88066621105  8.452624E-16
5349.65702112662  8.254888E-16
5352.43337604221  8.597532E-16
5355.20973095778  8.520208E-16
5357.98608587337  8.664511E-16
5360.76244078894  7.908644E-16
5363.53879570452  8.189532E-16
5366.3151506201  8.303813E-16
5369.09150553568  7.774767E-16
5371.86786045126  8.183029E-16
5374.64421536684  8.218488E-16
5377.42057028242  7.963563E-16
5380.196925198  7.933518E-16
5382.97328011358  7.951284E-16
5385.74963502916  8.212514E-16
5388.52598994474  8.234048E-16
5391.30234486032  8.231291E-16
5394.0786997759  7.728605E-16
5396.85505469148  7.741505E-16
5399.63140960706  7.948880E-16
5402.40776452264  7.771213E-16
5405.18411943822  7.847061E-16
5407.9604743538  7.884841E-16
5410.73682926938  8.666932E-16
5413.51318418496  8.023647E-16
5416.28953910054  7.924014E-16
5419.06589401612  7.833972E-16
5421.8422489317  7.748580E-16
5424.61860384728  7.663465E-16
5427.39495876286  7.992422E-16
5430.17131367844  7.853405E-16
5432.94766859402  7.942022E-16
5435.7240235096  8.088898E-16
5438.50037842518  8.315034E-16
5441.27673334076  8.062882E-16
5444.05308825634  8.251190E-16
5446.82944317192  8.322159E-16
5449.6057980875  7.983777E-16
5452.38215300308  7.719652E-16
5455.15850791866  8.025333E-16
5457.93486283423  8.302944E-16
5460.71121774981  7.746420E-16
5463.48757266539  7.465838E-16
5466.26392758097  7.595700E-16
5469.04028249655  7.423917E-16
5471.81663741213  7.501570E-16
5474.59299232771  7.665556E-16
5477.36934724329  7.815712E-16
5480.14570215887  8.060713E-16
5482.92205707445  8.011448E-16
5485.69841199003  7.489376E-16
5488.47476690561  7.930024E-16
5491.25112182119  8.053439E-16
5494.02747673677  8.121359E-16
5496.80383165235  8.400291E-16
5499.58018656793  8.002991E-16
5502.35654148351  7.834829E-16
5505.13289639909  8.548090E-16
5507.90925131467  8.339606E-16
5510.68560623025  8.491305E-16
5513.46196114583  8.280421E-16
5516.23831606141  8.700290E-16
5519.01467097699  8.663170E-16
5521.79102589257  8.071638E-16
5524.56738080815  8.534551E-16
5527.34373572373  8.703894E-16
5530.12009063931  8.685808E-16
5532.89644555489  8.619223E-16
5535.67280047047  8.457866E-16
5538.44915538605  8.572714E-16
5541.22551030163  8.338565E-16
5544.0018652172  8.326293E-16
5546.77822013278  8.494777E-16
5549.55457504837  8.586260E-16
5552.33092996394  9.012835E-16
5555.10728487952  9.309777E-16
5557.8836397951  9.374548E-16
5560.65999471068  9.082812E-16
5563.43634962626  9.160387E-16
5566.21270454184  9.068350E-16
5568.98905945742  9.087109E-16
5571.765414373  9.213116E-16
5574.54176928858  9.077614E-16
5577.31812420416  9.486885E-16
5580.09447911974  9.253104E-16
5582.87083403532  9.171222E-16
5585.6471889509  9.732531E-16
5588.42354386648  9.174295E-16
5591.19989878206  9.795574E-16
5593.97625369764  1.001955E-15
5596.75260861322  9.453924E-16
5599.5289635288  9.478586E-16
5602.30531844438  9.214122E-16
5605.08167335996  9.257306E-16
5607.85802827554  9.884651E-16
5610.63438319112  9.883716E-16
5613.4107381067  9.488028E-16
5616.18709302228  9.758456E-16
5618.96344793786  9.892520E-16
5621.73980285344  1.016042E-15
5624.51615776902  9.774604E-16
5627.2925126846  1.010601E-15
5630.06886760018  9.959656E-16
5632.84522251576  9.928175E-16
5635.62157743134  9.907446E-16
5638.39793234691  9.660279E-16
5641.1742872625  9.983317E-16
5643.95064217807  9.989256E-16
5646.72699709365  9.631004E-16
5649.50335200923  9.829883E-16
5652.27970692482  9.734402E-16
5655.05606184039  9.636432E-16
5657.83241675597  1.005857E-15
5660.60877167155  9.661862E-16
5663.38512658713  1.002890E-15
5666.16148150271  1.029220E-15
5668.93783641829  1.029506E-15
5671.71419133387  1.035079E-15
5674.49054624945  1.043740E-15
5677.26690116503  1.043832E-15
5680.04325608061  1.035596E-15
5682.81961099619  1.050581E-15
5685.59596591177  1.052308E-15
5688.37232082735  1.012581E-15
5691.14867574293  1.012149E-15
5693.92503065851  1.016202E-15
5696.70138557409  9.526600E-16
5699.47774048967  9.159526E-16
5702.25409540525  9.773031E-16
5705.03045032083  9.983837E-16
5707.80680523641  1.006518E-15
5710.58316015199  1.007096E-15
5713.35951506757  9.406734E-16
5716.13586998315  9.719327E-16
5718.91222489873  9.720801E-16
5721.68857981431  9.933635E-16
5724.46493472989  1.033296E-15
5727.24128964546  9.993368E-16
5730.01764456105  1.011342E-15
5732.79399947663  9.790796E-16
5735.5703543922  9.930628E-16
5738.34670930778  9.554791E-16
5741.12306422336  9.869779E-16
5743.89941913894  9.689417E-16
5746.67577405452  9.815692E-16
5749.4521289701  9.807642E-16
5752.22848388568  9.740306E-16
5755.00483880126  1.018187E-15
5757.78119371684  9.854480E-16
5760.55754863242  9.632491E-16
5763.333903548  9.838175E-16
5766.11025846358  1.010069E-15
5768.88661337916  1.022354E-15
5771.66296829474  1.000680E-15
5774.43932321032  1.014271E-15
5777.2156781259  1.049955E-15
5779.99203304148  1.011706E-15
5782.76838795706  1.022369E-15
5785.54474287264  1.063758E-15
5788.32109778822  1.114841E-15
5791.0974527038  1.120459E-15
5793.87380761938  1.070262E-15
5796.65016253496  1.084079E-15
5799.42651745054  1.087792E-15
5802.20287236612  1.075549E-15
5804.9792272817  1.070323E-15
5807.75558219728  1.103807E-15
5810.53193711286  1.077536E-15
5813.30829202844  1.071564E-15
5816.08464694402  1.124176E-15
5818.8610018596  1.128211E-15
5821.63735677518  1.090825E-15
5824.41371169076  1.126322E-15
5827.19006660633  1.124322E-15
5829.96642152192  1.095626E-15
5832.74277643749  1.074713E-15
5835.51913135307  1.132731E-15
5838.29548626865  1.088714E-15
5841.07184118423  1.136607E-15
5843.84819609981  1.095134E-15
5846.62455101539  1.094164E-15
5849.40090593097  1.116236E-15
5852.17726084655  1.096555E-15
5854.95361576213  1.117341E-15
5857.72997067771  1.131535E-15
5860.50632559329  1.143706E-15
5863.28268050887  1.147845E-15
5866.05903542445  1.156426E-15
5868.83539034003  1.111899E-15
5871.61174525561  1.087018E-15
5874.38810017119  1.108057E-15
5877.16445508677  1.077243E-15
5879.94081000235  1.067483E-15
5882.71716491793  1.083519E-15
5885.49351983351  1.046481E-15
5888.26987474909  1.049286E-15
5891.04622966467  1.097881E-15
5893.82258458025  1.073693E-15
5896.59893949583  1.066099E-15
5899.37529441141  1.099554E-15
5902.15164932699  1.126802E-15
5904.92800424257  1.132544E-15
5907.70435915815  1.111137E-15
5910.48071407373  1.094252E-15
5913.25706898931  1.098067E-15
5916.03342390489  1.127500E-15
5918.80977882047  1.092682E-15
5921.58613373604  1.097363E-15
5924.36248865163  1.113142E-15
5927.1388435672  1.103175E-15
5929.91519848278  1.148634E-15
5932.69155339836  1.124119E-15
5935.46790831394  1.090744E-15
5938.24426322952  1.090093E-15
5941.0206181451  1.118064E-15
5943.79697306068  1.086952E-15
5946.57332797626  1.064641E-15
5949.34968289184  1.119938E-15
5952.12603780742  1.097244E-15
5954.902392723  1.111647E-15
5957.67874763858  1.147223E-15
5960.45510255416  1.108276E-15
5963.23145746974  1.100354E-15
5966.00781238532  1.094705E-15
5968.7841673009  1.094614E-15
5971.56052221648  1.053547E-15
5974.33687713206  1.039116E-15
5977.11323204764  1.075223E-15
5979.88958696322  1.073436E-15
5982.6659418788  1.062951E-15
5985.44229679438  1.085813E-15
5988.21865170996  1.060908E-15
5990.99500662554  1.015086E-15
5993.77136154112  1.005433E-15
5996.5477164567  1.074988E-15
5999.32407137228  1.076969E-15
6002.10042628786  1.030597E-15
6004.87678120344  1.069827E-15
6007.65313611902  1.018666E-15
6010.42949103459  1.015733E-15
6013.20584595018  1.050571E-15
6015.98220086575  1.044310E-15
6018.75855578134  1.014219E-15
6021.53491069691  9.931109E-16
6024.31126561249  1.047416E-15
6027.08762052807  1.037137E-15
6029.86397544365  1.010725E-15
6032.64033035923  1.024185E-15
6035.41668527481  1.031230E-15
6038.19304019039  1.007737E-15
6040.96939510597  1.017276E-15
6043.74575002155  1.011538E-15
6046.52210493713  1.010670E-15
6049.29845985271  1.006433E-15
6052.07481476829  1.037359E-15
6054.85116968387  1.017534E-15
6057.62752459945  9.793885E-16
6060.40387951503  9.546596E-16
6063.18023443061  9.590115E-16
6065.95658934619  9.421619E-16
6068.73294426177  1.029144E-15
6071.50929917735  1.001405E-15
6074.28565409293  1.000643E-15
6077.06200900851  9.896384E-16
6079.83836392409  9.749165E-16
6082.61471883967  1.027355E-15
6085.39107375525  9.730936E-16
6088.16742867083  9.786186E-16
6090.94378358641  9.877298E-16
6093.72013850199  9.606412E-16
6096.49649341757  9.879209E-16
6099.27284833315  1.030116E-15
6102.04920324873  9.524406E-16
6104.82555816431  9.529098E-16
6107.60191307989  9.744640E-16
6110.37826799546  9.720956E-16
6113.15462291105  1.008537E-15
6115.93097782662  9.734120E-16
6118.7073327422  9.814752E-16
6121.48368765778  1.003088E-15
6124.26004257336  9.942671E-16
6127.03639748894  1.030196E-15
6129.81275240452  9.936774E-16
6132.5891073201  1.033512E-15
6135.36546223568  9.845801E-16
6138.14181715126  9.734053E-16
6140.91817206684  9.757996E-16
6143.69452698242  9.782760E-16
6146.470881898  9.717591E-16
6149.24723681358  9.654402E-16
6152.02359172916  9.678569E-16
6154.79994664474  9.795288E-16
6157.57630156032  9.744682E-16
6160.3526564759  9.741839E-16
6163.12901139148  9.943714E-16
6165.90536630706  1.008898E-15
6168.68172122264  9.513749E-16
6171.45807613822  9.253294E-16
6174.2344310538  9.492322E-16
6177.01078596938  9.928990E-16
6179.78714088496  9.400039E-16
6182.56349580054  9.036485E-16
6185.33985071612  9.347384E-16
6188.1162056317  9.263035E-16
6190.89256054728  9.079987E-16
6193.66891546286  9.527796E-16
6196.44527037844  9.405011E-16
6199.22162529402  9.642129E-16
6201.9979802096  9.939261E-16
6204.77433512517  9.067228E-16
6207.55069004076  8.981484E-16
6210.32704495633  9.564184E-16
6213.10339987191  9.392151E-16
6215.87975478749  9.216427E-16
6218.65610970307  9.762535E-16
6221.43246461865  9.601589E-16
6224.20881953423  9.166444E-16
6226.98517444981  9.030084E-16
6229.76152936539  9.201122E-16
6232.53788428097  9.096576E-16
6235.31423919655  9.407983E-16
6238.09059411213  9.559913E-16
6240.86694902771  9.370169E-16
6243.64330394329  9.007679E-16
6246.41965885887  9.302517E-16
6249.19601377445  8.920057E-16
6251.97236869003  8.627885E-16
6254.74872360561  8.461727E-16
6257.52507852119  8.997001E-16
6260.30143343677  9.128449E-16
6263.07778835235  8.946198E-16
6265.85414326793  8.948572E-16
6268.63049818351  9.197334E-16
6271.40685309909  8.827299E-16
6274.18320801467  8.513726E-16
6276.95956293025  8.427500E-16
6279.73591784583  8.781669E-16
6282.51227276141  8.541107E-16
6285.28862767699  8.878187E-16
6288.06498259257  9.018435E-16
6290.84133750815  8.935572E-16
6293.61769242373  8.987479E-16
6296.39404733931  8.966210E-16
6299.17040225488  9.571588E-16
6301.94675717047  9.165533E-16
6304.72311208604  8.976936E-16
6307.49946700162  8.908385E-16
6310.2758219172  8.963001E-16
6313.05217683278  8.541977E-16
6315.82853174836  8.611158E-16
6318.60488666394  8.712481E-16
6321.38124157952  8.560264E-16
6324.1575964951  8.578219E-16
6326.93395141068  8.845648E-16
6329.71030632626  8.826047E-16
6332.48666124184  8.630294E-16
6335.26301615742  8.407946E-16
6338.039371073  8.388044E-16
6340.81572598858  8.395793E-16
6343.59208090416  8.169556E-16
6346.36843581974  8.263669E-16
6349.14479073532  8.397209E-16
6351.9211456509  8.324039E-16
6354.69750056648  8.388554E-16
6357.47385548206  8.440360E-16
6360.25021039764  8.476266E-16
6363.02656531322  8.408326E-16
6365.8029202288  8.158672E-16
6368.57927514438  8.621951E-16
6371.35563005996  8.819139E-16
6374.13198497554  8.694588E-16
6376.90833989111  8.332543E-16
6379.6846948067  8.009173E-16
6382.46104972228  7.803752E-16
6385.23740463786  8.148485E-16
6388.01375955344  7.968557E-16
6390.79011446902  8.060346E-16
6393.56646938459  8.317021E-16
6396.34282430017  7.907156E-16
6399.11917921575  8.148410E-16
6401.89553413133  8.401230E-16
6404.67188904691  8.331128E-16
6407.44824396249  8.281524E-16
6410.22459887807  8.277777E-16
6413.00095379365  8.584098E-16
6415.77730870923  8.420546E-16
6418.55366362481  8.175618E-16
6421.33001854039  8.089486E-16
6424.10637345597  8.434846E-16
6426.88272837155  8.211008E-16
6429.65908328713  8.206466E-16
6432.43543820271  8.060756E-16
6435.21179311829  8.339401E-16
6437.98814803387  8.628845E-16
6440.76450294945  8.257772E-16
6443.54085786503  8.110334E-16
6446.31721278061  8.194914E-16
6449.09356769619  8.368098E-16
6451.86992261177  8.574852E-16
6454.64627752735  8.172238E-16
6457.42263244293  7.955472E-16
6460.19898735851  8.118214E-16
6462.97534227409  8.071654E-16
6465.75169718967  8.110633E-16
6468.52805210525  8.115067E-16
6471.30440702083  8.293327E-16
6474.08076193641  8.367555E-16
6476.85711685199  8.280966E-16
6479.63347176757  8.222843E-16
6482.40982668315  8.121435E-16
6485.18618159872  7.984646E-16
6487.9625365143  8.004747E-16
6490.73889142988  8.076232E-16
6493.51524634546  7.283833E-16
6496.29160126104  7.121734E-16
6499.06795617662  8.180549E-16
6501.8443110922  8.231233E-16
6504.62066600778  7.845203E-16
6507.39702092336  7.671118E-16
6510.17337583894  8.053903E-16
6512.94973075452  7.691834E-16
6515.7260856701  7.770710E-16
6518.50244058568  7.760342E-16
6521.27879550126  7.777362E-16
6524.05515041684  7.835334E-16
6526.83150533242  7.695432E-16
6529.607860248  7.852294E-16
6532.38421516358  7.858975E-16
6535.16057007916  7.784167E-16
6537.93692499474  7.664551E-16
6540.71327991032  7.440005E-16
6543.4896348259  8.007519E-16
6546.26598974148  8.093906E-16
6549.04234465706  7.926031E-16
6551.81869957264  8.218969E-16
6554.59505448822  8.177574E-16
6557.3714094038  7.834755E-16
6560.14776431938  7.974443E-16
6562.92411923496  8.184006E-16
6565.70047415053  7.960046E-16
6568.47682906612  7.871930E-16
6571.25318398169  8.021518E-16
6574.02953889728  8.206123E-16
6576.80589381286  7.689664E-16
6579.58224872843  7.804923E-16
6582.35860364401  7.935354E-16
6585.13495855959  7.908138E-16
6587.91131347517  7.748991E-16
6590.68766839076  7.465873E-16
6593.46402330633  7.321680E-16
6596.24037822191  7.637909E-16
6599.01673313749  7.506391E-16
6601.79308805307  7.132313E-16
6604.56944296865  7.111085E-16
6607.34579788423  7.128285E-16
6610.12215279981  7.019878E-16
6612.89850771539  7.277727E-16
6615.67486263097  7.221526E-16
6618.45121754655  7.521167E-16
6621.22757246213  7.226961E-16
6624.00392737771  6.848791E-16
6626.78028229329  7.186655E-16
6629.55663720887  7.227547E-16
6632.33299212445  7.142543E-16
6635.10934704003  6.973917E-16
6637.88570195561  6.937975E-16
6640.66205687119  7.051341E-16
6643.43841178677  6.979115E-16
6646.21476670235  6.709891E-16
6648.99112161793  6.822981E-16
6651.76747653351  7.172200E-16
6654.54383144909  7.053482E-16
6657.32018636467  7.028229E-16
6660.09654128025  7.397494E-16
6662.87289619583  7.353485E-16
6665.64925111141  7.055315E-16
6668.42560602698  7.459919E-16
6671.20196094257  7.501026E-16
6673.97831585815  7.373734E-16
6676.75467077372  7.206627E-16
6679.5310256893  7.184805E-16
6682.30738060488  6.874096E-16
6685.08373552046  6.967818E-16
6687.86009043604  7.129431E-16
6690.63644535162  7.066703E-16
6693.4128002672  7.229487E-16
6696.18915518278  7.344860E-16
6698.96551009836  7.207494E-16
6701.74186501394  7.346996E-16
6704.51821992952  7.351966E-16
6707.2945748451  7.428627E-16
6710.07092976068  7.350742E-16
6712.84728467626  7.402237E-16
6715.62363959184  7.351321E-16
6718.39999450742  7.144840E-16
6721.176349423  7.179220E-16
6723.95270433858  7.254246E-16
6726.72905925416  7.188909E-16
6729.50541416974  7.288446E-16
6732.28176908532  7.220363E-16
6735.0581240009  7.232472E-16
6737.83447891648  7.525427E-16
6740.61083383206  7.657178E-16
6743.38718874764  7.504342E-16
6746.16354366322  7.161324E-16
6748.9398985788  7.502505E-16
6751.71625349438  7.630137E-16
6754.49260840996  7.476145E-16
6757.26896332554  7.463773E-16
6760.04531824112  7.444502E-16
6762.82167315669  7.337973E-16
6765.59802807227  7.368194E-16
6768.37438298785  7.325353E-16
6771.15073790343  7.541234E-16
6773.92709281901  7.493033E-16
6776.70344773459  7.550392E-16
6779.47980265018  7.525974E-16
6782.25615756575  7.728039E-16
6785.03251248133  7.835065E-16
6787.80886739691  7.501934E-16
6790.58522231249  7.531059E-16
6793.36157722807  7.815302E-16
6796.13793214365  8.169810E-16
6798.91428705923  8.056267E-16
6801.69064197481  7.962612E-16
6804.46699689039  8.124993E-16
6807.24335180597  8.119680E-16
6810.01970672155  8.210294E-16
6812.79606163713  8.067985E-16
6815.57241655271  7.936942E-16
6818.34877146829  8.211098E-16
6821.12512638387  8.184143E-16
6823.90148129945  7.824011E-16
6826.67783621503  7.474548E-16
6829.45419113061  7.517483E-16
6832.23054604619  7.534950E-16
6835.00690096177  7.689663E-16
6837.78325587735  7.536422E-16
6840.55961079293  7.696708E-16
6843.33596570851  7.965432E-16
6846.11232062409  7.866122E-16
6848.88867553967  7.993201E-16
6851.66503045524  8.344391E-16
6854.44138537082  8.202851E-16
6857.21774028641  8.286431E-16
6859.99409520199  8.301752E-16
6862.77045011756  8.273204E-16
6865.54680503314  8.439716E-16
6868.32315994872  8.421180E-16
6871.0995148643  8.250033E-16
6873.87586977988  7.795791E-16
6876.65222469546  7.619674E-16
6879.42857961104  7.850593E-16
6882.20493452662  8.085099E-16
6884.9812894422  8.520751E-16
6887.75764435778  8.627783E-16
6890.53399927336  8.390128E-16
6893.31035418894  8.104186E-16
6896.08670910452  8.021851E-16
6898.8630640201  8.518513E-16
6901.63941893568  8.249087E-16
6904.41577385126  7.998258E-16
6907.19212876684  8.424459E-16
6909.96848368242  8.582729E-16
6912.744838598  8.273349E-16
6915.52119351358  8.515423E-16
6918.29754842916  8.533726E-16
6921.07390334474  8.327640E-16
6923.85025826032  8.519950E-16
6926.6266131759  9.152100E-16
6929.40296809148  8.656139E-16
6932.17932300706  8.883768E-16
6934.95567792264  8.519494E-16
6937.73203283822  8.339206E-16
6940.5083877538  8.920764E-16
6943.28474266938  9.200380E-16
6946.06109758495  8.758343E-16
6948.83745250054  8.541094E-16
6951.61380741612  8.823025E-16
6954.39016233169  9.070748E-16
6957.16651724727  9.014088E-16
6959.94287216285  9.192931E-16
6962.71922707843  9.441990E-16
6965.49558199401  9.010200E-16
6968.27193690959  9.104427E-16
6971.04829182517  9.970533E-16
6973.82464674075  1.031563E-15
6976.60100165633  1.075375E-15
6979.37735657191  1.116261E-15
6982.15371148749  1.179495E-15
6984.93006640307  1.187149E-15
6987.70642131865  1.209923E-15
6990.48277623423  1.179930E-15
6993.25913114981  1.186068E-15
6996.03548606539  1.121975E-15
6998.81184098097  1.079820E-15
7001.58819589655  1.056964E-15
7004.36455081213  1.029504E-15
7007.14090572771  1.006994E-15
7009.91726064329  9.720025E-16
7012.69361555887  9.271485E-16
7015.46997047445  9.505669E-16
7018.24632539003  9.816485E-16
7021.02268030561  9.593610E-16
7023.79903522119  9.187845E-16
7026.57539013677  9.437001E-16
7029.35174505235  9.378784E-16
7032.12809996793  8.721915E-16
7034.90445488351  8.880675E-16
7037.68080979909  9.053554E-16
7040.45716471466  8.906266E-16
7043.23351963024  8.838857E-16
7046.00987454583  8.468879E-16
7048.7862294614  8.829285E-16
7051.56258437698  8.885131E-16
7054.33893929256  8.876638E-16
7057.11529420814  8.799572E-16
7059.89164912372  8.592406E-16
7062.6680040393  8.636053E-16
7065.44435895488  8.560393E-16
7068.22071387046  8.565261E-16
7070.99706878604  8.489954E-16
7073.77342370162  8.311067E-16
7076.5497786172  7.919957E-16
7079.32613353278  7.984199E-16
7082.10248844836  8.240440E-16
7084.87884336394  8.327708E-16
7087.65519827952  8.226016E-16
7090.4315531951  8.497565E-16
7093.20790811068  8.518425E-16
7095.98426302626  8.100396E-16
7098.76061794184  7.857217E-16
7101.53697285742  8.055082E-16
7104.313327773  8.336678E-16
7107.08968268858  8.034943E-16
7109.86603760416  8.001451E-16
7112.64239251974  7.910780E-16
7115.41874743532  7.872283E-16
7118.1951023509  8.337541E-16
7120.97145726648  8.247571E-16
7123.74781218206  7.930450E-16
7126.52416709764  8.232615E-16
7129.30052201322  8.081050E-16
7132.0768769288  7.577625E-16
7134.85323184437  7.523354E-16
7137.62958675996  7.996779E-16
7140.40594167553  8.223454E-16
7143.18229659112  8.075062E-16
7145.95865150669  8.137296E-16
7148.73500642227  8.537961E-16
7151.51136133785  8.197316E-16
7154.28771625343  8.180831E-16
7157.06407116901  8.152299E-16
7159.84042608459  7.972896E-16
7162.61678100017  8.037531E-16
7165.39313591575  7.647614E-16
7168.16949083133  7.279837E-16
7170.94584574691  7.068898E-16
7173.72220066249  7.019555E-16
7176.49855557807  7.173500E-16
7179.27491049365  7.034523E-16
7182.05126540923  6.904934E-16
7184.82762032481  6.709822E-16
7187.60397524039  7.363269E-16
7190.38033015597  6.999169E-16
7193.15668507155  6.838313E-16
7195.93303998713  6.908662E-16
7198.70939490271  7.605285E-16
7201.48574981829  7.466443E-16
7204.26210473387  7.272429E-16
7207.03845964945  7.126178E-16
7209.81481456503  7.399316E-16
7212.59116948061  7.451593E-16
7215.36752439619  7.068811E-16
7218.14387931177  7.351485E-16
7220.92023422735  7.636777E-16
7223.69658914293  7.496539E-16
7226.47294405851  7.005311E-16
7229.24929897409  6.580341E-16
7232.02565388966  6.804844E-16
7234.80200880524  6.733187E-16
7237.57836372083  6.708329E-16
7240.3547186364  6.859296E-16
7243.13107355198  6.830471E-16
7245.90742846756  6.809181E-16
7248.68378338314  6.554616E-16
7251.46013829872  6.720176E-16
7254.2364932143  7.209308E-16
7257.01284812988  7.066765E-16
7259.78920304546  6.793720E-16
7262.56555796104  7.034957E-16
7265.34191287662  7.350072E-16
7268.1182677922  7.214212E-16
7270.89462270778  6.767255E-16
7273.67097762336  6.921887E-16
7276.44733253894  6.947563E-16
7279.22368745452  7.023931E-16
7282.0000423701  7.149167E-16
7284.77639728568  7.012651E-16
7287.55275220126  6.509955E-16
7290.32910711684  6.251555E-16
7293.10546203242  6.763408E-16
7295.881816948  6.951937E-16
7298.65817186358  6.735402E-16
7301.43452677916  6.617192E-16
7304.21088169474  6.714263E-16
7306.98723661032  6.749345E-16
7309.7635915259  6.421130E-16
7312.53994644148  6.330439E-16
7315.31630135706  6.704625E-16
7318.09265627264  6.934601E-16
7320.86901118822  6.968385E-16
7323.6453661038  6.393447E-16
7326.42172101938  6.643770E-16
7329.19807593495  6.576863E-16
7331.97443085053  6.785138E-16
7334.75078576611  6.505025E-16
7337.52714068169  6.395783E-16
7340.30349559727  6.700174E-16
7343.07985051285  6.766577E-16
7345.85620542843  6.595486E-16
7348.63256034401  6.714435E-16
7351.40891525959  7.039157E-16
7354.18527017517  6.851549E-16
7356.96162509075  6.465244E-16
7359.73798000633  6.482874E-16
7362.51433492191  6.812652E-16
7365.29068983749  6.658487E-16
7368.06704475307  6.463427E-16
7370.84339966865  6.726413E-16
7373.61975458423  6.793418E-16
7376.39610949981  6.799778E-16
7379.17246441539  6.760626E-16
7381.94881933097  7.137361E-16
7384.72517424655  7.094027E-16
7387.50152916213  6.255083E-16
7390.27788407771  6.465777E-16
7393.05423899329  6.398893E-16
7395.83059390887  6.495707E-16
7398.60694882445  6.661823E-16
7401.38330374003  6.780127E-16
7404.15965865561  6.910979E-16
7406.93601357119  6.919615E-16
7409.71236848677  6.623979E-16
7412.48872340235  6.265024E-16
7415.26507831793  6.690609E-16
7418.04143323351  6.992544E-16
7420.81778814909  6.685421E-16
7423.59414306466  6.464945E-16
7426.37049798024  6.662602E-16
7429.14685289582  6.902285E-16
7431.9232078114  6.303757E-16
7434.69956272698  6.270803E-16
7437.47591764256  6.376133E-16
7440.25227255814  5.959148E-16
7443.02862747372  6.478188E-16
7445.8049823893  6.616971E-16
7448.58133730488  6.667218E-16
7451.35769222046  6.423047E-16
7454.13404713604  6.386568E-16
7456.91040205162  6.400508E-16
7459.6867569672  6.301627E-16
7462.46311188278  6.295596E-16
7465.23946679836  6.191249E-16
7468.01582171394  6.212796E-16
7470.79217662952  6.367725E-16
7473.5685315451  6.463801E-16
7476.34488646068  6.219986E-16
7479.12124137626  5.734808E-16
7481.89759629184  6.317584E-16
7484.67395120742  6.186317E-16
7487.450306123  5.784601E-16
7490.22666103858  5.635393E-16
7493.00301595416  6.325728E-16
7495.77937086974  6.177004E-16
7498.55572578532  6.123796E-16
7501.3320807009  6.147656E-16
7504.10843561648  6.337602E-16
7506.88479053206  6.155152E-16
7509.66114544764  6.142113E-16
7512.43750036321  6.096993E-16
7515.2138552788  6.027520E-16
7517.99021019437  6.055798E-16
7520.76656510995  6.163180E-16
7523.54292002553  6.152487E-16
7526.31927494111  6.052523E-16
7529.09562985669  6.132784E-16
7531.87198477227  6.265230E-16
7534.64833968785  6.490561E-16
7537.42469460343  6.546532E-16
7540.20104951901  6.565126E-16
7542.97740443459  6.543314E-16
7545.75375935017  6.785174E-16
7548.53011426575  6.764095E-16
7551.30646918133  7.130366E-16
7554.08282409691  6.680453E-16
7556.85917901249  6.652343E-16
7559.63553392807  6.587556E-16
7562.41188884365  6.788786E-16
7565.18824375923  6.419938E-16
7567.96459867481  6.093034E-16
7570.74095359039  5.790879E-16
7573.51730850597  5.669437E-16
7576.29366342155  5.940503E-16
7579.07001833713  6.095925E-16
7581.84637325271  5.888535E-16
7584.62272816829  5.636275E-16
7587.39908308387  5.634730E-16
7590.17543799945  5.635577E-16
7592.95179291503  5.662804E-16
7595.72814783061  5.858998E-16
7598.50450274619  5.731960E-16
7601.28085766177  5.340251E-16
7604.05721257735  5.613071E-16
7606.83356749292  5.244340E-16
7609.60992240851  5.528739E-16
7612.38627732408  5.331166E-16
7615.16263223967  5.775592E-16
7617.93898715524  5.561272E-16
7620.71534207082  5.714728E-16
7623.4916969864  5.535182E-16
7626.26805190198  5.165636E-16
7629.04440681756  5.118353E-16
7631.82076173314  5.097360E-16
7634.59711664872  5.206183E-16
7637.3734715643  5.246284E-16
7640.14982647988  5.266492E-16
7642.92618139546  5.404142E-16
7645.70253631104  5.344685E-16
7648.47889122662  5.453860E-16
7651.2552461422  5.389161E-16
7654.03160105778  5.128882E-16
7656.80795597336  5.369311E-16
7659.58431088894  5.669824E-16
7662.36066580452  5.453067E-16
7665.1370207201  5.153227E-16
7667.91337563568  5.304994E-16
7670.68973055126  5.369517E-16
7673.46608546684  5.448976E-16
7676.24244038242  5.347397E-16
7679.018795298  5.211890E-16
7681.79515021358  5.123510E-16
7684.57150512916  5.412203E-16
7687.34786004474  5.668787E-16
7690.12421496032  5.505169E-16
7692.9005698759  5.560875E-16
7695.67692479148  5.676479E-16
7698.45327970706  5.631932E-16
7701.22963462264  5.860113E-16
7704.00598953821  5.698651E-16
7706.78234445379  5.388640E-16
7709.55869936937  5.264625E-16
7712.33505428495  5.365523E-16
7715.11140920053  5.553729E-16
7717.88776411611  5.440710E-16
7720.66411903169  5.609304E-16
7723.44047394727  5.498741E-16
7726.21682886285  5.854457E-16
7728.99318377843  5.738295E-16
7731.76953869401  5.253110E-16
7734.54589360959  5.218550E-16
7737.32224852517  5.672161E-16
7740.09860344075  5.631983E-16
7742.87495835633  5.516156E-16
7745.65131327191  5.795071E-16
7748.42766818749  5.665683E-16
7751.20402310307  5.434355E-16
7753.98037801865  5.702743E-16
7756.75673293423  5.882742E-16
7759.53308784981  5.814374E-16
7762.30944276539  5.910181E-16
7765.08579768097  5.785772E-16
7767.86215259655  5.475790E-16
7770.63850751213  5.342636E-16
7773.41486242771  5.616528E-16
7776.19121734329  5.695478E-16
7778.96757225887  5.653375E-16
7781.74392717445  5.461173E-16
7784.52028209003  5.383173E-16
7787.29663700561  5.623509E-16
7790.07299192119  5.724407E-16
7792.84934683677  5.708883E-16
7795.62570175234  5.463697E-16
7798.40205666793  5.505086E-16
7801.1784115835  5.628758E-16
7803.95476649909  5.349872E-16
7806.73112141466  5.434029E-16
7809.50747633024  5.931394E-16
7812.28383124582  6.171680E-16
7815.0601861614  5.540141E-16
7817.83654107698  5.624795E-16
7820.61289599256  5.988660E-16
7823.38925090814  5.943219E-16
7826.16560582372  5.501940E-16
7828.9419607393  5.408287E-16
7831.71831565488  5.880815E-16
7834.49467057046  6.002034E-16
7837.27102548604  5.637606E-16
7840.04738040162  5.388185E-16
7842.8237353172  5.828978E-16
7845.60009023278  5.809406E-16
7848.37644514836  5.495057E-16
7851.15280006394  5.802397E-16
7853.92915497952  5.952886E-16
7856.7055098951  5.831117E-16
7859.48186481068  5.836369E-16
7862.25821972626  5.774571E-16
7865.03457464184  5.870634E-16
7867.81092955742  5.811828E-16
7870.587284473  5.988582E-16
7873.36363938858  5.782717E-16
7876.13999430416  5.952070E-16
7878.91634921974  5.632924E-16
7881.69270413532  5.662568E-16
7884.4690590509  5.639400E-16
7887.24541396648  5.640023E-16
7890.02176888206  5.658364E-16
7892.79812379764  5.622551E-16
7895.57447871321  5.894552E-16
7898.3508336288  5.774673E-16
7901.12718854437  5.750059E-16
7903.90354345995  5.753812E-16
7906.67989837553  5.567966E-16
7909.45625329111  5.512461E-16
7912.23260820669  5.202924E-16
7915.00896312227  4.803468E-16
7917.78531803785  4.898140E-16
7920.56167295343  5.468489E-16
7923.33802786901  5.882828E-16
7926.11438278459  5.688247E-16
7928.89073770017  5.493467E-16
7931.66709261575  5.383001E-16
7934.44344753133  5.753270E-16
7937.21980244691  5.791763E-16
7939.99615736249  5.708896E-16
7942.77251227807  5.494870E-16
7945.54886719365  5.126417E-16
7948.32522210923  5.583553E-16
7951.10157702481  5.917921E-16
7953.87793194039  5.793315E-16
7956.65428685597  5.219130E-16
7959.43064177155  5.246734E-16
7962.20699668713  5.752035E-16
7964.98335160271  5.379573E-16
7967.75970651829  5.280310E-16
7970.53606143387  5.670718E-16
7973.31241634945  5.605459E-16
7976.08877126503  5.469877E-16
7978.86512618061  5.088537E-16
7981.64148109619  5.176279E-16
7984.41783601176  5.512238E-16
7987.19419092735  5.573534E-16
7989.97054584292  5.507386E-16
7992.74690075851  5.181168E-16
7995.52325567408  5.053585E-16
7998.29961058966  5.252854E-16
8001.07596550524  5.182357E-16
8003.85232042082  5.256438E-16
8006.6286753364  5.329743E-16
8009.40503025198  5.101606E-16
8012.18138516756  5.321597E-16
8014.95774008314  5.562102E-16
8017.73409499872  5.019542E-16
8020.5104499143  4.695691E-16
8023.28680482988  4.939667E-16
8026.06315974546  5.094788E-16
8028.83951466104  5.179186E-16
8031.61586957662  5.078080E-16
8034.3922244922  5.279625E-16
8037.16857940778  4.757774E-16
8039.94493432336  5.033701E-16
8042.72128923894  5.200282E-16
8045.49764415452  5.242205E-16
8048.2739990701  4.819937E-16
8051.05035398568  5.020871E-16
8053.82670890126  5.162842E-16
8056.60306381684  5.043268E-16
8059.37941873242  5.036328E-16
8062.155773648  5.221841E-16
8064.93212856357  5.408162E-16
8067.70848347916  5.198012E-16
8070.48483839474  5.053778E-16
8073.26119331031  5.286515E-16
8076.03754822589  5.129949E-16
8078.81390314148  4.928687E-16
8081.59025805706  5.015799E-16
8084.36661297263  4.888188E-16
8087.14296788822  5.201062E-16
8089.91932280379  4.823811E-16
8092.69567771937  5.309581E-16
8095.47203263495  5.192729E-16
8098.24838755053  5.312229E-16
8101.02474246611  5.276499E-16
8103.80109738169  4.959047E-16
8106.57745229727  4.937467E-16
8109.35380721285  5.184967E-16
8112.13016212843  5.371317E-16
8114.90651704401  5.165169E-16
8117.68287195959  4.832406E-16
8120.45922687517  4.993230E-16
8123.23558179075  5.186617E-16
8126.01193670633  4.951425E-16
8128.78829162191  4.986284E-16
8131.56464653749  5.224606E-16
8134.34100145307  5.031118E-16
8137.11735636865  4.696694E-16
8139.89371128423  4.930099E-16
8142.67006619981  5.118657E-16
8145.44642111539  4.822315E-16
8148.22277603097  4.694283E-16
8150.99913094655  4.544020E-16
8153.77548586213  4.535941E-16
8156.55184077771  4.551724E-16
8159.32819569329  4.679325E-16
8162.10455060886  4.931494E-16
8164.88090552445  4.831724E-16
8167.65726044003  4.790957E-16
8170.43361535561  5.050038E-16
8173.20997027118  4.844727E-16
8175.98632518676  4.448885E-16
8178.76268010234  4.659324E-16
8181.53903501792  4.766654E-16
8184.3153899335  4.448158E-16
8187.09174484908  4.820716E-16
8189.86809976466  5.290435E-16
8192.64445468024  4.779279E-16
8195.42080959582  4.977140E-16
8198.1971645114  4.903502E-16
8200.97351942698  4.999258E-16
8203.74987434256  5.446107E-16
8206.52622925814  5.417418E-16
8209.30258417372  5.204167E-16
8212.0789390893  5.453277E-16
8214.85529400488  5.521869E-16
8217.63164892046  5.290547E-16
8220.40800383604  5.024494E-16
8223.18435875162  4.905601E-16
8225.9607136672  4.783009E-16
8228.73706858278  4.399077E-16
8231.51342349836  4.176652E-16
8234.28977841394  4.467524E-16
8237.06613332952  4.862022E-16
8239.8424882451  4.819399E-16
8242.61884316068  5.120020E-16
8245.39519807626  5.098076E-16
8248.17155299184  5.362292E-16
8250.94790790742  5.025464E-16
8253.724262823  5.132135E-16
8256.50061773858  5.229035E-16
8259.27697265415  5.121656E-16
8262.05332756974  5.211783E-16
8264.82968248532  5.420561E-16
8267.60603740089  5.212853E-16
8270.38239231647  5.332444E-16
8273.15874723205  5.325190E-16
8275.93510214764  4.883966E-16
8278.71145706321  4.735184E-16
8281.48781197879  4.852326E-16
8284.26416689437  4.897554E-16
8287.04052180995  4.763490E-16
8289.81687672553  4.915028E-16
8292.59323164111  4.755432E-16
8295.36958655669  5.058949E-16
8298.14594147227  5.164385E-16
8300.92229638785  5.052016E-16
8303.69865130343  5.129873E-16
8306.47500621901  5.240151E-16
8309.25136113459  5.006987E-16
8312.02771605017  5.052820E-16
8314.80407096575  5.390731E-16
8317.58042588133  5.082691E-16
8320.35678079691  5.115032E-16
8323.13313571249  5.412826E-16
8325.90949062807  5.370396E-16
8328.68584554365  5.482866E-16
8331.46220045923  5.477351E-16
8334.23855537481  5.117426E-16
8337.01491029039  5.291063E-16
8339.79126520597  5.885322E-16
8342.56762012155  5.831986E-16
8345.34397503712  5.588776E-16
8348.12032995271  5.853999E-16
8350.89668486829  5.809481E-16
8353.67303978387  5.783454E-16
8356.44939469944  5.427273E-16
8359.22574961502  5.562053E-16
8362.00210453061  5.461175E-16
8364.77845944619  5.444896E-16
8367.55481436176  5.182883E-16
8370.33116927734  5.116217E-16
8373.10752419292  5.110940E-16
8375.8838791085  4.978792E-16
8378.66023402408  5.107369E-16
8381.43658893966  5.125793E-16
8384.21294385524  5.127132E-16
8386.98929877082  5.162941E-16
8389.7656536864  5.295770E-16
8392.54200860198  5.928308E-16
8395.31836351756  5.552614E-16
8398.09471843314  5.367942E-16
8400.87107334872  4.901254E-16
8403.6474282643  5.001627E-16
8406.42378317988  5.028040E-16
8409.20013809546  5.453022E-16
8411.97649301104  5.087332E-16
8414.75284792662  4.711066E-16
8417.5292028422  4.940511E-16
8420.30555775778  4.948482E-16
8423.08191267336  5.230433E-16
8425.85826758894  5.065903E-16
8428.63462250452  5.132641E-16
8431.4109774201  5.598746E-16
8434.18733233568  5.707151E-16
8436.96368725126  5.455322E-16
8439.74004216684  5.084314E-16
8442.51639708242  5.149501E-16
8445.292751998  5.059330E-16
8448.06910691358  4.914822E-16
8450.84546182916  4.885114E-16
8453.62181674473  4.866771E-16
8456.39817166031  4.931958E-16
8459.1745265759  5.285105E-16
8461.95088149147  5.020159E-16
8464.72723640705  4.787695E-16
8467.50359132263  4.995144E-16
8470.27994623821  5.043250E-16
8473.05630115379  5.294545E-16
8475.83265606937  4.851132E-16
8478.60901098495  4.783576E-16
8481.38536590053  4.665312E-16
8484.16172081611  4.303903E-16
8486.93807573169  4.623101E-16
8489.71443064727  4.740141E-16
8492.49078556285  4.558780E-16
8495.26714047843  4.952418E-16
8498.04349539401  5.252868E-16
8500.81985030959  4.744515E-16
8503.59620522517  4.483694E-16
8506.37256014075  4.546905E-16
8509.14891505633  4.879479E-16
8511.92526997191  4.607683E-16
8514.70162488749  4.515529E-16
8517.47797980307  4.168194E-16
8520.25433471865  4.618464E-16
8523.03068963423  4.229867E-16
8525.80704454981  4.332179E-16
8528.58339946539  4.445542E-16
8531.35975438097  4.356753E-16
8534.13610929655  4.614194E-16
8536.91246421213  4.395366E-16
8539.6888191277  4.320263E-16
8542.46517404328  4.566993E-16
8545.24152895887  4.273034E-16
8548.01788387445  4.373150E-16
8550.79423879002  4.495060E-16
8553.5705937056  4.380164E-16
8556.34694862118  4.539726E-16
8559.12330353676  3.993873E-16
8561.89965845234  4.504314E-16
8564.67601336792  4.673651E-16
8567.4523682835  4.465065E-16
8570.22872319908  4.128450E-16
8573.00507811466  4.086712E-16
8575.78143303024  4.485942E-16
8578.55778794582  4.657818E-16
8581.3341428614  4.459307E-16
8584.11049777698  4.225513E-16
8586.88685269256  4.179831E-16
8589.66320760814  4.362911E-16
8592.43956252372  4.381849E-16
8595.2159174393  4.249321E-16
8597.99227235488  4.411494E-16
8600.76862727046  4.601701E-16
8603.54498218604  4.591386E-16
8606.32133710162  4.428910E-16
8609.0976920172  4.213703E-16
8611.87404693278  4.387610E-16
8614.65040184836  4.351147E-16
8617.42675676394  4.563397E-16
8620.20311167952  4.456648E-16
8622.97946659509  4.457998E-16
8625.75582151068  4.524879E-16
8628.53217642626  4.541037E-16
8631.30853134184  4.421969E-16
8634.08488625742  4.591931E-16
8636.861241173  4.484180E-16
8639.63759608857  4.545790E-16
8642.41395100416  4.284781E-16
8645.19030591974  3.928892E-16
8647.96666083531  4.091672E-16
8650.74301575089  4.050260E-16
8653.51937066647  4.103410E-16
8656.29572558205  3.996190E-16
8659.07208049763  3.896808E-16
8661.84843541321  4.316678E-16
8664.62479032879  4.441708E-16
8667.40114524437  3.941927E-16
8670.17750015995  3.962615E-16
8672.95385507553  4.667281E-16
8675.73020999111  4.759077E-16
8678.50656490669  4.129872E-16
8681.28291982227  3.466814E-16
8684.05927473785  3.640779E-16
8686.83562965343  4.291952E-16
8689.61198456901  4.339953E-16
8692.38833948459  4.154477E-16
8695.16469440017  4.324842E-16
8697.94104931575  4.528978E-16
8700.71740423133  4.504865E-16
8703.49375914691  4.159657E-16
8706.27011406249  4.140676E-16
8709.04646897807  4.430976E-16
8711.82282389365  4.218788E-16
8714.59917880923  4.677885E-16
8717.37553372481  4.282567E-16
8720.15188864039  4.206659E-16
8722.92824355597  3.814419E-16
8725.70459847155  4.163559E-16
8728.48095338713  4.041968E-16
8731.25730830271  3.926313E-16
8734.03366321828  3.927636E-16
8736.81001813386  3.926415E-16
8739.58637304945  3.781464E-16
8742.36272796502  3.804813E-16
8745.1390828806  3.857583E-16
8747.91543779618  4.040236E-16
8750.69179271176  4.202584E-16
8753.46814762734  4.205292E-16
8756.24450254292  4.068313E-16
8759.0208574585  3.774931E-16
8761.79721237408  3.711246E-16
8764.57356728966  3.604161E-16
8767.34992220524  3.579398E-16
8770.12627712082  3.882659E-16
8772.9026320364  3.715960E-16
8775.67898695198  3.742943E-16
8778.45534186756  3.667467E-16
8781.23169678314  3.870576E-16
8784.00805169872  3.849638E-16
8786.7844066143  3.696163E-16
8789.56076152988  3.600332E-16
8792.33711644546  3.945576E-16
8795.11347136104  3.539048E-16
8797.88982627662  3.383206E-16
8800.6661811922  3.590048E-16
8803.44253610778  3.517464E-16
8806.21889102336  3.587258E-16
8808.99524593894  3.625376E-16
8811.77160085452  3.615016E-16
8814.5479557701  3.528573E-16
8817.32431068567  3.366384E-16
8820.10066560126  3.604447E-16
8822.87702051683  3.244687E-16
8825.65337543242  3.288864E-16
8828.429730348  3.177015E-16
8831.20608526358  3.261908E-16
