3861.5307863759  3.487555E-16
3864.30714129148  4.454053E-16
3867.08349620706  1.368837E-16
3869.85985112264  8.481537E-19
3872.63620603822  -2.454148E-18
3875.4125609538  2.860603E-16
3878.18891586938  1.948370E-16
3880.96527078496  2.158941E-16
3883.74162570054  4.901872E-16
3886.51798061612  4.556381E-16
3889.2943355317  -1.269596E-17
3892.07069044728  1.357058E-16
3894.84704536286  6.635228E-17
3897.62340027844  8.070892E-17
3900.39975519402  2.881726E-16
3903.1761101096  4.048840E-16
3905.95246502518  1.307664E-17
3908.72881994076  3.294327E-16
3911.50517485634  3.903362E-16
3914.28152977192  8.286242E-17
3917.0578846875  7.739466E-17
3919.83423960308  4.625100E-16
3922.61059451866  3.047093E-16
3925.38694943424  1.560913E-16
3928.16330434982  9.737010E-17
3930.9396592654  1.072395E-16
3933.71601418098  3.341895E-16
3936.49236909656  1.344885E-16
3939.26872401214  1.419669E-16
3942.04507892772  8.661993E-17
3944.82143384329  2.003749E-16
3947.59778875887  2.744457E-16
3950.37414367445  2.406469E-16
3953.15049859003  3.260500E-16
3955.92685350561  1.747388E-16
3958.70320842119  2.397067E-16
3961.47956333677  3.024549E-16
3964.25591825235  3.522570E-16
3967.03227316793  2.139345E-16
3969.80862808351  1.339776E-16
3972.58498299909  3.684544E-16
3975.36133791467  3.333603E-16
3978.13769283025  3.781016E-16
3980.91404774583  3.647408E-16
3983.69040266141  4.795555E-16
3986.46675757699  6.128215E-16
3989.24311249257  4.812542E-16
3992.01946740815  3.636968E-16
3994.79582232373  3.701048E-16
3997.57217723931  5.682398E-16
4000.34853215489  4.470879E-16
4003.12488707047  4.289617E-16
4005.90124198605  3.575163E-16
4008.67759690163  3.133255E-16
4011.45395181721  4.399648E-16
4014.23030673279  4.393658E-16
4017.00666164837  1.240268E-16
4019.78301656395  3.068399E-16
4022.55937147953  3.761448E-16
4025.33572639511  3.504038E-16
4028.11208131069  4.138761E-16
4030.88843622627  2.461964E-16
4033.66479114185  1.886011E-16
4036.44114605743  4.123749E-16
4039.21750097301  3.390824E-16
4041.99385588858  1.890724E-16
4044.77021080416  3.786742E-16
4047.54656571974  2.248985E-16
4050.32292063532  9.936733E-17
4053.0992755509  4.809776E-16
4055.87563046648  2.428348E-16
4058.65198538206  1.107812E-16
4061.42834029764  7.955886E-17
4064.20469521322  1.647679E-16
4066.9810501288  3.743605E-16
4069.75740504438  2.822654E-16
4072.53375995996  3.562932E-16
4075.31011487554  1.818324E-16
4078.08646979112  1.876979E-16
4080.8628247067  1.240854E-16
4083.63917962228  1.287967E-16
4086.41553453786  1.322766E-16
4089.19188945344  1.981879E-17
4091.96824436902  3.013446E-16
4094.7445992846  4.923926E-16
4097.52095420018  3.546167E-16
4100.29730911576  1.883838E-16
4103.07366403134  1.379843E-16
4105.85001894692  1.854595E-16
4108.6263738625  2.675828E-16
4111.40272877808  3.215671E-16
4114.17908369366  1.352260E-16
4116.95543860924  1.864273E-16
4119.73179352482  1.938837E-16
4122.5081484404  2.890409E-16
4125.28450335598  2.511975E-16
4128.06085827156  2.257453E-16
4130.83721318714  9.935870E-17
4133.61356810271  1.841765E-16
4136.38992301829  1.688316E-16
4139.16627793387  2.467813E-16
4141.94263284945  2.866444E-16
4144.71898776503  2.574407E-16
4147.49534268061  1.668939E-16
4150.27169759619  2.400270E-16
4153.04805251177  3.214466E-16
4155.82440742735  3.854482E-16
4158.60076234293  4.390105E-16
4161.37711725851  3.968748E-16
4164.15347217409  3.753755E-16
4166.92982708967  4.335940E-16
4169.70618200525  3.965009E-16
4172.48253692083  4.007025E-16
4175.25889183641  2.764092E-16
4178.03524675199  2.789770E-16
4180.81160166757  2.054656E-16
4183.58795658315  1.752120E-16
4186.36431149873  2.037587E-16
4189.14066641431  2.491949E-16
4191.91702132989  2.744921E-16
4194.69337624547  2.488979E-16
4197.46973116105  3.270174E-16
4200.24608607663  1.850775E-16
4203.02244099221  1.185790E-16
4205.79879590779  1.626914E-16
4208.57515082337  1.919922E-16
4211.35150573895  2.281543E-16
4214.12786065453  1.960900E-16
4216.90421557011  1.836925E-16
4219.68057048569  2.068523E-16
4222.45692540127  2.478431E-16
4225.23328031684  2.379456E-16
4228.00963523242  3.659985E-16
4230.785990148  4.216190E-16
4233.56234506358  4.673506E-16
4236.33869997916  2.206460E-16
4239.11505489474  4.664538E-16
4241.89140981032  3.692027E-16
4244.6677647259  2.687754E-16
4247.44411964148  3.633843E-16
4250.22047455706  2.815659E-16
4252.99682947264  3.241656E-16
4255.77318438822  2.935448E-16
4258.5495393038  2.908331E-16
4261.32589421938  3.307434E-16
4264.10224913496  1.807142E-16
4266.87860405054  1.939119E-16
4269.65495896612  3.807680E-16
4272.4313138817  2.218056E-16
4275.20766879728  2.813402E-16
4277.98402371286  1.573837E-16
4280.76037862844  1.211787E-16
4283.53673354402  2.094792E-16
4286.3130884596  2.417383E-16
4289.08944337518  2.384574E-16
4291.86579829076  3.037022E-16
4294.64215320634  1.885222E-16
4297.41850812192  2.562223E-16
4300.1948630375  3.656181E-16
4302.97121795308  4.202731E-16
4305.74757286866  3.230700E-16
4308.52392778424  3.068991E-16
4311.30028269982  1.054806E-16
4314.0766376154  2.982262E-16
4316.85299253098  2.164236E-16
4319.62934744656  3.147328E-16
4322.40570236213  3.129867E-16
4325.18205727771  3.915690E-16
4327.95841219329  2.252918E-16
4330.73476710887  2.771890E-16
4333.51112202445  4.602601E-16
4336.28747694003  5.063619E-16
4339.06383185561  2.441614E-16
4341.84018677119  4.077357E-16
4344.61654168677  2.187320E-16
4347.39289660235  1.737385E-16
4350.16925151793  3.247972E-16
4352.94560643351  4.054309E-16
4355.72196134909  3.714805E-16
4358.49831626467  3.343846E-16
4361.27467118025  4.125584E-16
4364.05102609583  2.967090E-16
4366.82738101141  2.152170E-16
4369.60373592699  2.406437E-16
4372.38009084257  3.582889E-16
4375.15644575815  3.364871E-16
4377.93280067373  3.029951E-16
4380.70915558931  3.913268E-16
4383.48551050489  2.607326E-16
4386.26186542047  2.822057E-16
4389.03822033605  4.209731E-16
4391.81457525163  2.325173E-16
4394.59093016721  3.864707E-16
4397.36728508279  3.583358E-16
4400.14363999837  1.728778E-16
4402.91999491395  2.259856E-16
4405.69634982953  3.226557E-16
4408.47270474511  2.340788E-16
4411.24905966069  1.611197E-16
4414.02541457626  3.862453E-16
4416.80176949185  3.229628E-16
4419.57812440742  2.969312E-16
4422.354479323  2.269121E-16
4425.13083423858  1.638720E-16
4427.90718915416  2.611396E-16
4430.68354406974  4.072862E-16
4433.45989898532  3.457457E-16
4436.2362539009  5.374967E-16
4439.01260881648  5.721393E-16
4441.78896373206  4.453540E-16
4444.56531864764  3.658278E-16
4447.34167356322  4.024143E-16
4450.1180284788  3.100418E-16
4452.89438339438  2.445260E-16
4455.67073830996  3.126957E-16
4458.44709322554  2.823213E-16
4461.22344814112  2.710461E-16
4463.9998030567  3.320181E-16
4466.77615797228  4.044856E-16
4469.55251288786  3.769680E-16
4472.32886780344  3.639755E-16
4475.10522271902  2.031298E-16
4477.8815776346  2.024111E-16
4480.65793255018  3.759999E-16
4483.43428746576  3.073176E-16
4486.21064238134  5.530095E-17
4488.98699729692  1.964503E-16
4491.7633522125  3.411479E-16
4494.53970712808  2.429438E-16
4497.31606204366  2.942685E-16
4500.09241695924  1.730113E-16
4502.86877187482  1.869871E-16
4505.64512679039  1.905087E-16
4508.42148170598  2.209342E-16
4511.19783662155  2.194626E-16
4513.97419153713  1.937174E-16
4516.75054645271  1.720149E-16
4519.52690136829  2.906818E-16
4522.30325628387  2.703179E-16
4525.07961119945  1.226204E-16
4527.85596611503  1.231025E-16
4530.63232103061  2.448560E-16
4533.40867594619  2.797898E-16
4536.18503086177  1.905931E-16
4538.96138577735  1.844430E-16
4541.73774069293  2.952715E-16
4544.51409560851  1.771824E-16
4547.29045052409  2.250407E-16
4550.06680543967  2.181173E-16
4552.84316035525  2.689838E-16
4555.61951527083  3.021777E-16
4558.39587018641  2.259337E-16
4561.17222510199  1.689376E-16
4563.94858001757  1.943368E-16
4566.72493493315  1.623699E-16
4569.50128984873  1.608986E-16
4572.27764476431  7.445799E-17
4575.05399967989  1.981597E-16
4577.83035459547  1.687325E-16
4580.60670951105  1.468612E-16
4583.38306442663  1.392197E-16
4586.15941934221  5.452671E-17
4588.93577425779  1.944816E-16
4591.71212917337  3.072239E-16
4594.48848408895  1.816639E-16
4597.26483900453  2.898912E-16
4600.0411939201  2.820631E-16
4602.81754883568  2.210685E-16
4605.59390375127  3.056665E-16
4608.37025866684  2.248685E-16
4611.14661358242  2.392331E-16
4613.922968498  1.912063E-16
4616.69932341358  1.995860E-16
4619.47567832916  3.103772E-16
4622.25203324474  2.152915E-16
4625.02838816032  1.530311E-16
4627.8047430759  3.269454E-16
4630.58109799148  2.378716E-16
4633.35745290706  1.926858E-16
4636.13380782264  2.794705E-16
4638.91016273822  1.833174E-16
4641.6865176538  2.723051E-16
4644.46287256938  3.396327E-16
4647.23922748496  2.159550E-16
4650.01558240054  3.227314E-16
4652.79193731612  4.169701E-16
4655.5682922317  2.978245E-16
4658.34464714728  2.789870E-16
4661.12100206286  3.043402E-16
4663.89735697844  2.649087E-16
4666.67371189402  3.521123E-16
4669.4500668096  2.616119E-16
4672.22642172518  2.806666E-16
4675.00277664076  3.568299E-16
4677.77913155634  3.619782E-16
4680.55548647192  3.431809E-16
4683.3318413875  3.991196E-16
4686.10819630308  3.396945E-16
4688.88455121866  2.235488E-16
4691.66090613424  2.993904E-16
4694.43726104982  2.930186E-16
4697.21361596539  2.189480E-16
4699.98997088097  2.991544E-16
4702.76632579655  3.635394E-16
4705.54268071213  3.799975E-16
4708.31903562771  3.492107E-16
4711.09539054329  2.787247E-16
4713.87174545887  2.832148E-16
4716.64810037445  3.104647E-16
4719.42445529003  2.396556E-16
4722.20081020561  2.440736E-16
4724.97716512119  3.261459E-16
4727.75352003677  3.748998E-16
4730.52987495235  3.643227E-16
4733.30622986793  4.038639E-16
4736.08258478351  3.157155E-16
4738.85893969909  3.595335E-16
4741.63529461467  3.712425E-16
4744.41164953025  2.794503E-16
4747.18800444583  3.404420E-16
4749.96435936141  2.980876E-16
4752.74071427699  3.282245E-16
4755.51706919257  3.122845E-16
4758.29342410815  3.268330E-16
4761.06977902373  2.774800E-16
4763.84613393931  2.247317E-16
4766.62248885489  3.276860E-16
4769.39884377047  2.424298E-16
4772.17519868605  2.298863E-16
4774.95155360163  2.780440E-16
4777.72790851721  3.388706E-16
4780.50426343279  3.485520E-16
4783.28061834837  3.770706E-16
4786.05697326394  3.539466E-16
4788.83332817953  3.613516E-16
4791.6096830951  3.735379E-16
4794.38603801068  3.291693E-16
4797.16239292626  4.367313E-16
4799.93874784184  3.264121E-16
4802.71510275742  3.401490E-16
4805.491457673  4.144688E-16
4808.26781258858  3.167386E-16
4811.04416750416  3.680767E-16
4813.82052241974  4.362087E-16
4816.59687733532  3.160837E-16
4819.3732322509  3.362711E-16
4822.14958716648  3.947310E-16
4824.92594208206  3.660876E-16
4827.70229699764  1.684779E-16
4830.47865191322  2.317940E-16
4833.2550068288  3.642497E-16
4836.03136174438  2.483944E-16
4838.80771665996  2.066690E-16
4841.58407157554  1.624527E-16
4844.36042649112  2.492264E-16
4847.1367814067  2.179665E-16
4849.91313632228  2.655349E-16
4852.68949123786  2.740976E-16
4855.46584615344  2.028588E-16
4858.24220106902  2.425124E-16
4861.0185559846  2.138310E-16
4863.79491090018  4.318066E-16
4866.57126581576  4.866366E-16
4869.34762073134  4.351101E-16
4872.12397564692  3.027511E-16
4874.9003305625  2.803719E-16
4877.67668547807  2.334872E-16
4880.45304039366  2.960698E-16
4883.22939530923  2.388018E-16
4886.00575022481  2.123073E-16
4888.7821051404  2.424343E-16
4891.55846005597  2.838142E-16
4894.33481497155  3.143743E-16
4897.11116988713  3.146937E-16
4899.88752480271  3.644884E-16
4902.66387971829  2.348195E-16
4905.44023463387  2.727046E-16
4908.21658954945  2.731184E-16
4910.99294446503  2.353517E-16
4913.76929938061  1.607515E-16
4916.54565429619  2.136630E-16
4919.32200921177  3.513527E-16
4922.09836412735  2.758360E-16
4924.87471904293  2.768525E-16
4927.65107395851  2.255679E-16
4930.42742887409  2.229110E-16
4933.20378378967  1.762826E-16
4935.98013870525  1.792832E-16
4938.75649362083  1.450110E-16
4941.53284853641  1.787619E-16
4944.30920345199  2.057651E-16
4947.08555836757  2.032076E-16
4949.86191328315  2.228751E-16
4952.63826819873  2.449270E-16
4955.41462311431  2.211432E-16
4958.19097802989  2.511453E-16
4960.96733294547  3.278930E-16
4963.74368786104  2.666064E-16
4966.52004277663  1.867356E-16
4969.29639769221  1.833856E-16
4972.07275260778  1.916853E-16
4974.84910752337  2.102285E-16
4977.62546243894  2.048234E-16
4980.40181735452  1.016112E-16
4983.1781722701  1.776434E-16
4985.95452718569  1.210611E-16
4988.73088210126  1.351605E-16
4991.50723701684  1.726951E-16
4994.28359193242  2.391261E-16
4997.059946848  1.589495E-16
4999.83630176358  1.915096E-16
5002.61265667916  1.117479E-16
5005.38901159474  1.317551E-16
5008.16536651032  2.253561E-16
5010.9417214259  2.623249E-16
5013.71807634148  3.065520E-16
5016.49443125706  1.754465E-16
5019.27078617264  2.474616E-16
5022.04714108822  2.042535E-16
5024.8234960038  2.689155E-16
5027.59985091938  2.253879E-16
5030.37620583496  1.584172E-16
5033.15256075054  2.511671E-16
5035.92891566612  2.785584E-16
5038.7052705817  3.078735E-16
5041.48162549728  1.594761E-16
5044.25798041286  2.889986E-16
5047.03433532844  2.243544E-16
5049.81069024402  2.680254E-16
5052.5870451596  1.718940E-16
5055.36340007518  2.073706E-16
5058.13975499076  2.495431E-16
5060.91610990634  2.282767E-16
5063.69246482192  1.922939E-16
5066.4688197375  2.441790E-16
5069.24517465307  2.954394E-16
5072.02152956866  3.674645E-16
5074.79788448423  2.410929E-16
5077.57423939981  3.646577E-16
5080.3505943154  4.257699E-16
5083.12694923098  2.801617E-16
5085.90330414655  2.575420E-16
5088.67965906213  2.536137E-16
5091.45601397771  1.712641E-16
5094.23236889329  2.491114E-16
5097.00872380887  1.821729E-16
5099.78507872445  2.665770E-16
5102.56143364003  3.381836E-16
5105.33778855561  2.209934E-16
5108.11414347119  3.279473E-16
5110.89049838677  3.268719E-16
5113.66685330235  3.452547E-16
5116.44320821793  3.361353E-16
5119.21956313351  3.659692E-16
5121.99591804909  4.560792E-16
5124.77227296467  4.646050E-16
5127.54862788025  3.600711E-16
5130.32498279583  4.566220E-16
5133.10133771141  4.274308E-16
5135.87769262699  3.237095E-16
5138.65404754257  3.145576E-16
5141.43040245815  2.907845E-16
5144.20675737373  3.185735E-16
5146.98311228931  2.351186E-16
5149.75946720489  1.855888E-16
5152.53582212047  3.820616E-16
5155.31217703605  3.393601E-16
5158.08853195163  3.007630E-16
5160.86488686721  2.628656E-16
5163.64124178279  2.366545E-16
5166.41759669837  2.883213E-16
5169.19395161395  2.310678E-16
5171.97030652952  2.477081E-16
5174.74666144511  2.359676E-16
5177.52301636068  2.864692E-16
5180.29937127626  3.453792E-16
5183.07572619184  3.201669E-16
5185.85208110742  3.211345E-16
5188.628436023  3.240755E-16
5191.40479093858  3.361443E-16
5194.18114585416  2.776096E-16
5196.95750076974  2.315434E-16
5199.73385568532  2.631800E-16
5202.5102106009  3.741536E-16
5205.28656551648  3.522173E-16
5208.06292043206  3.063609E-16
5210.83927534764  2.289076E-16
5213.61563026322  3.206265E-16
5216.3919851788  3.383419E-16
5219.16834009438  2.485187E-16
5221.94469500996  3.085989E-16
5224.72104992554  3.566187E-16
5227.49740484112  3.323610E-16
5230.2737597567  3.059696E-16
5233.05011467228  2.748152E-16
5235.82646958786  3.006917E-16
5238.60282450344  2.576174E-16
5241.37917941902  3.059514E-16
5244.1555343346  2.825076E-16
5246.93188925018  3.366618E-16
5249.70824416576  2.877120E-16
5252.48459908134  2.041263E-16
5255.26095399692  3.102708E-16
5258.0373089125  2.642839E-16
5260.81366382808  2.453876E-16
5263.59001874365  2.852725E-16
5266.36637365923  3.225142E-16
5269.14272857481  3.416756E-16
5271.91908349039  2.467341E-16
5274.69543840597  3.333333E-16
5277.47179332155  2.230329E-16
5280.24814823713  2.434423E-16
5283.02450315271  3.469922E-16
5285.80085806829  3.073740E-16
5288.57721298387  1.897477E-16
5291.35356789945  2.445064E-16
5294.12992281503  3.328230E-16
5296.90627773061  2.795373E-16
5299.68263264619  3.181872E-16
5302.45898756177  3.443328E-16
5305.23534247735  3.193304E-16
5308.01169739293  2.640314E-16
5310.78805230851  3.327095E-16
5313.56440722409  3.023410E-16
5316.34076213967  2.636892E-16
5319.11711705525  3.533629E-16
5321.89347197083  2.804327E-16
5324.66982688641  3.392925E-16
5327.44618180199  2.481359E-16
5330.22253671757  3.269820E-16
5332.99889163315  3.293211E-16
5335.77524654873  4.177472E-16
5338.55160146431  3.235465E-16
5341.32795637989  2.207239E-16
5344.10431129547  2.688100E-16
5346.88066621105  3.206177E-16
5349.65702112662  3.006909E-16
5352.43337604221  1.981741E-16
5355.20973095778  1.863812E-16
5357.98608587337  3.104419E-16
5360.76244078894  3.477706E-16
5363.53879570452  3.355829E-16
5366.3151506201  2.782857E-16
5369.09150553568  2.823991E-16
5371.86786045126  2.987627E-16
5374.64421536684  2.360165E-16
5377.42057028242  2.650079E-16
5380.196925198  2.917421E-16
5382.97328011358  2.202151E-16
5385.74963502916  2.342402E-16
5388.52598994474  2.914213E-16
5391.30234486032  2.645959E-16
5394.0786997759  2.329683E-16
5396.85505469148  1.627742E-16
5399.63140960706  1.749906E-16
5402.40776452264  2.226407E-16
5405.18411943822  2.902312E-16
5407.9604743538  2.441096E-16
5410.73682926938  2.430603E-16
5413.51318418496  2.575446E-16
5416.28953910054  3.490108E-16
5419.06589401612  2.205450E-16
5421.8422489317  2.268513E-16
5424.61860384728  2.668085E-16
5427.39495876286  3.314690E-16
5430.17131367844  3.758009E-16
5432.94766859402  2.720273E-16
5435.7240235096  2.053762E-16
5438.50037842518  1.990627E-16
5441.27673334076  3.331482E-16
5444.05308825634  2.974504E-16
5446.82944317192  2.048408E-16
5449.6057980875  2.486399E-16
5452.38215300308  2.852914E-16
5455.15850791866  2.737467E-16
5457.93486283423  2.491880E-16
5460.71121774981  2.540801E-16
5463.48757266539  2.325529E-16
5466.26392758097  3.921117E-16
5469.04028249655  3.423134E-16
5471.81663741213  2.491033E-16
5474.59299232771  3.537472E-16
5477.36934724329  3.105570E-16
5480.14570215887  2.356131E-16
5482.92205707445  2.686871E-16
5485.69841199003  2.641618E-16
5488.47476690561  2.115661E-16
5491.25112182119  2.567982E-16
5494.02747673677  3.333349E-16
5496.80383165235  3.274996E-16
5499.58018656793  3.380592E-16
5502.35654148351  2.584733E-16
5505.13289639909  2.928526E-16
5507.90925131467  2.399372E-16
5510.68560623025  2.567236E-16
5513.46196114583  2.584890E-16
5516.23831606141  2.855606E-16
5519.01467097699  3.045184E-16
5521.79102589257  3.221024E-16
5524.56738080815  2.432090E-16
5527.34373572373  2.376299E-16
5530.12009063931  2.630780E-16
5532.89644555489  3.007715E-16
5535.67280047047  2.912397E-16
5538.44915538605  2.852523E-16
5541.22551030163  2.457709E-16
5544.0018652172  2.281416E-16
5546.77822013278  2.728059E-16
5549.55457504837  2.201588E-16
5552.33092996394  2.223836E-16
5555.10728487952  2.828801E-16
5557.8836397951  2.976843E-16
5560.65999471068  2.661891E-16
5563.43634962626  3.216518E-16
5566.21270454184  3.854328E-16
5568.98905945742  2.120657E-16
5571.765414373  1.598434E-16
5574.54176928858  2.499920E-16
5577.31812420416  2.506688E-16
5580.09447911974  2.945143E-16
5582.87083403532  3.299478E-16
5585.6471889509  3.142820E-16
5588.42354386648  3.050944E-16
5591.19989878206  2.646042E-16
5593.97625369764  2.689087E-16
5596.75260861322  2.525023E-16
5599.5289635288  2.300535E-16
5602.30531844438  2.164697E-16
5605.08167335996  2.486313E-16
5607.85802827554  2.421289E-16
5610.63438319112  2.430201E-16
5613.4107381067  2.175067E-16
5616.18709302228  2.917035E-16
5618.96344793786  2.824796E-16
5621.73980285344  1.838459E-16
5624.51615776902  2.130752E-16
5627.2925126846  2.999159E-16
5630.06886760018  3.197266E-16
5632.84522251576  2.451979E-16
5635.62157743134  2.411994E-16
5638.39793234691  2.716848E-16
5641.1742872625  2.392838E-16
5643.95064217807  2.722920E-16
5646.72699709365  2.895816E-16
5649.50335200923  2.715499E-16
5652.27970692482  2.779997E-16
5655.05606184039  1.968061E-16
5657.83241675597  2.233710E-16
5660.60877167155  2.730632E-16
5663.38512658713  3.014518E-16
5666.16148150271  2.927285E-16
5668.93783641829  2.750200E-16
5671.71419133387  2.586773E-16
5674.49054624945  2.833544E-16
5677.26690116503  1.678442E-16
5680.04325608061  2.460468E-16
5682.81961099619  2.801786E-16
5685.59596591177  3.115272E-16
5688.37232082735  2.819776E-16
5691.14867574293  2.587107E-16
5693.92503065851  2.056744E-16
5696.70138557409  2.598838E-16
5699.47774048967  2.806178E-16
5702.25409540525  3.309861E-16
5705.03045032083  2.737800E-16
5707.80680523641  2.305749E-16
5710.58316015199  2.905001E-16
5713.35951506757  3.400841E-16
5716.13586998315  2.780713E-16
5718.91222489873  3.775161E-16
5721.68857981431  3.461526E-16
5724.46493472989  3.302530E-16
5727.24128964546  2.383455E-16
5730.01764456105  1.547568E-16
5732.79399947663  2.710145E-16
5735.5703543922  2.410433E-16
5738.34670930778  2.472016E-16
5741.12306422336  2.868374E-16
5743.89941913894  2.821402E-16
5746.67577405452  2.646711E-16
5749.4521289701  2.675661E-16
5752.22848388568  2.819409E-16
5755.00483880126  2.188426E-16
5757.78119371684  2.432430E-16
5760.55754863242  2.331940E-16
5763.333903548  3.259038E-16
5766.11025846358  3.386409E-16
5768.88661337916  2.633279E-16
5771.66296829474  2.365415E-16
5774.43932321032  2.413092E-16
5777.2156781259  1.479195E-16
5779.99203304148  2.259638E-16
5782.76838795706  2.765248E-16
5785.54474287264  2.329978E-16
5788.32109778822  2.715447E-16
5791.0974527038  2.736660E-16
5793.87380761938  1.952678E-16
5796.65016253496  2.025736E-16
5799.42651745054  2.016812E-16
5802.20287236612  2.297684E-16
5804.9792272817  2.500906E-16
5807.75558219728  2.599072E-16
5810.53193711286  2.760828E-16
5813.30829202844  2.445214E-16
5816.08464694402  1.966199E-16
5818.8610018596  1.917696E-16
5821.63735677518  2.455370E-16
5824.41371169076  1.719309E-16
5827.19006660633  2.440117E-16
5829.96642152192  2.382199E-16
5832.74277643749  2.309987E-16
5835.51913135307  2.673277E-16
5838.29548626865  2.864947E-16
5841.07184118423  2.772051E-16
5843.84819609981  3.050850E-16
5846.62455101539  2.564774E-16
5849.40090593097  2.417828E-16
5852.17726084655  2.417873E-16
5854.95361576213  2.892233E-16
5857.72997067771  3.128804E-16
5860.50632559329  2.208468E-16
5863.28268050887  2.232753E-16
5866.05903542445  2.518080E-16
5868.83539034003  2.742034E-16
5871.61174525561  2.805856E-16
5874.38810017119  2.487011E-16
5877.16445508677  2.386023E-16
5879.94081000235  2.808299E-16
5882.71716491793  2.541856E-16
5885.49351983351  1.754963E-16
5888.26987474909  1.326144E-16
5891.04622966467  2.182802E-16
5893.82258458025  3.008496E-16
5896.59893949583  2.672701E-16
5899.37529441141  2.156537E-16
5902.15164932699  2.345247E-16
5904.92800424257  2.793666E-16
5907.70435915815  2.601564E-16
5910.48071407373  2.849054E-16
5913.25706898931  2.370397E-16
5916.03342390489  2.265549E-16
5918.80977882047  2.843002E-16
5921.58613373604  2.189355E-16
5924.36248865163  2.412653E-16
5927.1388435672  3.000506E-16
5929.91519848278  2.710445E-16
5932.69155339836  2.476430E-16
5935.46790831394  2.269856E-16
5938.24426322952  2.806426E-16
5941.0206181451  2.918202E-16
5943.79697306068  2.565918E-16
5946.57332797626  2.708256E-16
5949.34968289184  2.479064E-16
5952.12603780742  2.505638E-16
5954.902392723  2.813620E-16
5957.67874763858  2.723720E-16
5960.45510255416  2.112416E-16
5963.23145746974  2.316669E-16
5966.00781238532  2.725834E-16
5968.7841673009  2.726596E-16
5971.56052221648  3.278568E-16
5974.33687713206  3.259331E-16
5977.11323204764  2.463794E-16
5979.88958696322  2.514810E-16
5982.6659418788  2.946051E-16
5985.44229679438  2.947017E-16
5988.21865170996  2.642810E-16
5990.99500662554  2.707979E-16
5993.77136154112  2.788096E-16
5996.5477164567  2.313187E-16
5999.32407137228  2.361056E-16
6002.10042628786  2.588646E-16
6004.87678120344  2.534573E-16
6007.65313611902  2.309045E-16
6010.42949103459  2.782961E-16
6013.20584595018  3.281431E-16
6015.98220086575  2.864064E-16
6018.75855578134  2.478921E-16
6021.53491069691  2.074093E-16
6024.31126561249  2.768376E-16
6027.08762052807  3.186429E-16
6029.86397544365  2.812150E-16
6032.64033035923  2.389597E-16
6035.41668527481  2.042878E-16
6038.19304019039  1.956928E-16
6040.96939510597  2.488325E-16
6043.74575002155  2.480633E-16
6046.52210493713  2.630776E-16
6049.29845985271  2.511199E-16
6052.07481476829  2.459247E-16
6054.85116968387  2.986381E-16
6057.62752459945  2.747123E-16
6060.40387951503  2.826530E-16
6063.18023443061  2.735123E-16
6065.95658934619  2.748812E-16
6068.73294426177  2.696272E-16
6071.50929917735  2.465048E-16
6074.28565409293  2.090940E-16
6077.06200900851  2.293188E-16
6079.83836392409  2.431708E-16
6082.61471883967  2.594724E-16
6085.39107375525  2.703556E-16
6088.16742867083  1.886556E-16
6090.94378358641  1.985796E-16
6093.72013850199  2.827236E-16
6096.49649341757  2.999305E-16
6099.27284833315  2.739043E-16
6102.04920324873  2.196834E-16
6104.82555816431  2.188821E-16
6107.60191307989  2.613955E-16
6110.37826799546  2.699684E-16
6113.15462291105  3.351284E-16
6115.93097782662  2.676714E-16
6118.7073327422  2.264337E-16
6121.48368765778  2.535837E-16
6124.26004257336  2.588719E-16
6127.03639748894  2.477607E-16
6129.81275240452  2.606234E-16
6132.5891073201  2.583662E-16
6135.36546223568  3.035404E-16
6138.14181715126  3.000398E-16
6140.91817206684  2.146695E-16
6143.69452698242  2.188024E-16
6146.470881898  1.837066E-16
6149.24723681358  2.281268E-16
6152.02359172916  2.600981E-16
6154.79994664474  2.232306E-16
6157.57630156032  2.563717E-16
6160.3526564759  2.209101E-16
6163.12901139148  2.570287E-16
6165.90536630706  2.680270E-16
6168.68172122264  2.664804E-16
6171.45807613822  2.753666E-16
6174.2344310538  2.473779E-16
6177.01078596938  2.369639E-16
6179.78714088496  3.019075E-16
6182.56349580054  3.065001E-16
6185.33985071612  2.552519E-16
6188.1162056317  2.327814E-16
6190.89256054728  2.234833E-16
6193.66891546286  2.068756E-16
6196.44527037844  2.099580E-16
6199.22162529402  2.319685E-16
6201.9979802096  2.254128E-16
6204.77433512517  2.391835E-16
6207.55069004076  2.757991E-16
6210.32704495633  2.209013E-16
6213.10339987191  1.949511E-16
6215.87975478749  2.326928E-16
6218.65610970307  2.209419E-16
6221.43246461865  2.351357E-16
6224.20881953423  2.357236E-16
6226.98517444981  1.997849E-16
6229.76152936539  1.346870E-16
6232.53788428097  2.265012E-16
6235.31423919655  2.627479E-16
6238.09059411213  2.187464E-16
6240.86694902771  1.842003E-16
6243.64330394329  1.461087E-16
6246.41965885887  2.240613E-16
6249.19601377445  2.703054E-16
6251.97236869003  2.192944E-16
6254.74872360561  2.147067E-16
6257.52507852119  1.926223E-16
6260.30143343677  2.365350E-16
6263.07778835235  2.167711E-16
6265.85414326793  2.171266E-16
6268.63049818351  1.635117E-16
6271.40685309909  1.665573E-16
6274.18320801467  2.028417E-16
6276.95956293025  2.127960E-16
6279.73591784583  1.870761E-16
6282.51227276141  1.694278E-16
6285.28862767699  1.680710E-16
6288.06498259257  2.313661E-16
6290.84133750815  2.323833E-16
6293.61769242373  1.599192E-16
6296.39404733931  2.124400E-16
6299.17040225488  1.943979E-16
6301.94675717047  2.310435E-16
6304.72311208604  2.099333E-16
6307.49946700162  1.928218E-16
6310.2758219172  2.663895E-16
6313.05217683278  1.701451E-16
6315.82853174836  1.478544E-16
6318.60488666394  2.431429E-16
6321.38124157952  2.650658E-16
6324.1575964951  1.981541E-16
6326.93395141068  1.935015E-16
6329.71030632626  2.360949E-16
6332.48666124184  1.760599E-16
6335.26301615742  1.927358E-16
6338.039371073  2.516606E-16
6340.81572598858  2.248532E-16
6343.59208090416  2.113111E-16
6346.36843581974  2.244912E-16
6349.14479073532  1.827142E-16
6351.9211456509  2.055615E-16
6354.69750056648  2.619859E-16
6357.47385548206  1.930934E-16
6360.25021039764  2.294576E-16
6363.02656531322  2.225737E-16
6365.8029202288  2.106214E-16
6368.57927514438  2.242724E-16
6371.35563005996  3.032899E-16
6374.13198497554  1.679772E-16
6376.90833989111  1.940948E-16
6379.6846948067  2.815763E-16
6382.46104972228  2.470551E-16
6385.23740463786  1.987790E-16
6388.01375955344  2.385223E-16
6390.79011446902  2.555246E-16
6393.56646938459  1.798186E-16
6396.34282430017  2.707830E-16
6399.11917921575  2.495177E-16
6401.89553413133  1.925021E-16
6404.67188904691  1.527698E-16
6407.44824396249  2.252117E-16
6410.22459887807  1.859655E-16
6413.00095379365  2.007216E-16
6415.77730870923  2.507234E-16
6418.55366362481  1.504718E-16
6421.33001854039  2.087553E-16
6424.10637345597  2.053887E-16
6426.88272837155  1.766047E-16
6429.65908328713  2.066455E-16
6432.43543820271  2.209939E-16
6435.21179311829  2.224011E-16
6437.98814803387  2.267593E-16
6440.76450294945  2.086569E-16
6443.54085786503  2.580525E-16
6446.31721278061  2.747008E-16
6449.09356769619  2.496291E-16
6451.86992261177  2.200820E-16
6454.64627752735  1.996223E-16
6457.42263244293  2.367789E-16
6460.19898735851  2.457293E-16
6462.97534227409  2.029457E-16
6465.75169718967  2.107807E-16
6468.52805210525  2.226236E-16
6471.30440702083  2.031717E-16
6474.08076193641  2.521513E-16
6476.85711685199  2.267038E-16
6479.63347176757  1.889099E-16
6482.40982668315  1.988612E-16
6485.18618159872  2.514240E-16
6487.9625365143  2.445658E-16
6490.73889142988  2.442825E-16
6493.51524634546  2.116250E-16
6496.29160126104  1.894437E-16
6499.06795617662  1.856022E-16
6501.8443110922  2.675984E-16
6504.62066600778  2.079821E-16
6507.39702092336  2.159723E-16
6510.17337583894  2.623900E-16
6512.94973075452  2.704295E-16
6515.7260856701  2.707615E-16
6518.50244058568  2.429527E-16
6521.27879550126  2.364414E-16
6524.05515041684  2.818833E-16
6526.83150533242  2.282771E-16
6529.607860248  2.662708E-16
6532.38421516358  2.516445E-16
6535.16057007916  2.171457E-16
6537.93692499474  2.277038E-16
6540.71327991032  2.445103E-16
6543.4896348259  2.666130E-16
6546.26598974148  3.478690E-16
6549.04234465706  2.904954E-16
6551.81869957264  1.993284E-16
6554.59505448822  2.529858E-16
6557.3714094038  2.456504E-16
6560.14776431938  1.999834E-16
6562.92411923496  2.325530E-16
6565.70047415053  2.450808E-16
6568.47682906612  2.303390E-16
6571.25318398169  2.255060E-16
6574.02953889728  2.230719E-16
6576.80589381286  2.404994E-16
6579.58224872843  2.509355E-16
6582.35860364401  2.613623E-16
6585.13495855959  2.332063E-16
6587.91131347517  2.588078E-16
6590.68766839076  2.909205E-16
6593.46402330633  3.080429E-16
6596.24037822191  2.058789E-16
6599.01673313749  2.223034E-16
6601.79308805307  2.019426E-16
6604.56944296865  2.388551E-16
6607.34579788423  2.272637E-16
6610.12215279981  2.906627E-16
6612.89850771539  2.265540E-16
6615.67486263097  2.379509E-16
6618.45121754655  2.756094E-16
6621.22757246213  2.339587E-16
6624.00392737771  2.422833E-16
6626.78028229329  2.418884E-16
6629.55663720887  2.707425E-16
6632.33299212445  2.305817E-16
6635.10934704003  2.073539E-16
6637.88570195561  2.698881E-16
6640.66205687119  2.651083E-16
6643.43841178677  2.260081E-16
6646.21476670235  2.085676E-16
6648.99112161793  2.040287E-16
6651.76747653351  2.434416E-16
6654.54383144909  2.673083E-16
6657.32018636467  2.458856E-16
6660.09654128025  2.314125E-16
6662.87289619583  2.101607E-16
6665.64925111141  1.872704E-16
6668.42560602698  2.409856E-16
6671.20196094257  2.928731E-16
6673.97831585815  2.690299E-16
6676.75467077372  2.886911E-16
6679.5310256893  2.051467E-16
6682.30738060488  2.183890E-16
6685.08373552046  2.293718E-16
6687.86009043604  2.414848E-16
6690.63644535162  2.344270E-16
6693.4128002672  2.515482E-16
6696.18915518278  2.406981E-16
6698.96551009836  2.588273E-16
6701.74186501394  2.757905E-16
6704.51821992952  2.679339E-16
6707.2945748451  3.319662E-16
6710.07092976068  3.866639E-16
6712.84728467626  4.092363E-16
6715.62363959184  4.232961E-16
6718.39999450742  4.290003E-16
6721.176349423  4.300947E-16
6723.95270433858  3.719565E-16
6726.72905925416  2.772490E-16
6729.50541416974  2.577141E-16
6732.28176908532  2.581640E-16
6735.0581240009  2.485153E-16
6737.83447891648  2.544416E-16
6740.61083383206  2.276230E-16
6743.38718874764  2.203886E-16
6746.16354366322  2.280200E-16
6748.9398985788  2.174138E-16
6751.71625349438  2.481698E-16
6754.49260840996  2.611977E-16
6757.26896332554  2.260261E-16
6760.04531824112  2.729247E-16
6762.82167315669  2.443911E-16
6765.59802807227  2.604217E-16
6768.37438298785  3.213614E-16
6771.15073790343  3.120417E-16
6773.92709281901  2.452445E-16
6776.70344773459  2.715728E-16
6779.47980265018  2.642367E-16
6782.25615756575  2.249696E-16
6785.03251248133  2.081740E-16
6787.80886739691  2.232174E-16
6790.58522231249  2.388245E-16
6793.36157722807  2.374307E-16
6796.13793214365  2.349666E-16
6798.91428705923  2.552487E-16
6801.69064197481  2.287111E-16
6804.46699689039  2.272980E-16
6807.24335180597  2.202020E-16
6810.01970672155  2.180675E-16
6812.79606163713  2.732625E-16
6815.57241655271  2.628013E-16
6818.34877146829  2.328802E-16
6821.12512638387  2.694062E-16
6823.90148129945  2.636861E-16
6826.67783621503  2.106759E-16
6829.45419113061  2.011796E-16
6832.23054604619  2.240888E-16
6835.00690096177  2.234109E-16
6837.78325587735  2.168124E-16
6840.55961079293  2.560295E-16
6843.33596570851  2.069971E-16
6846.11232062409  2.132658E-16
6848.88867553967  2.444442E-16
6851.66503045524  2.404607E-16
6854.44138537082  2.119039E-16
6857.21774028641  2.267202E-16
6859.99409520199  2.593817E-16
6862.77045011756  2.589468E-16
6865.54680503314  2.913868E-16
6868.32315994872  2.246322E-16
6871.0995148643  1.843617E-16
6873.87586977988  2.154863E-16
6876.65222469546  2.594786E-16
6879.42857961104  2.294106E-16
6882.20493452662  2.693063E-16
6884.9812894422  2.565068E-16
6887.75764435778  1.533748E-16
6890.53399927336  2.109081E-16
6893.31035418894  2.743521E-16
6896.08670910452  2.307480E-16
6898.8630640201  2.043786E-16
6901.63941893568  1.622558E-16
6904.41577385126  1.693213E-16
6907.19212876684  2.292012E-16
6909.96848368242  2.265903E-16
6912.744838598  2.239016E-16
6915.52119351358  2.644637E-16
6918.29754842916  2.767907E-16
6921.07390334474  2.381580E-16
6923.85025826032  2.464363E-16
6926.6266131759  2.510775E-16
6929.40296809148  2.615686E-16
6932.17932300706  2.342743E-16
6934.95567792264  2.399254E-16
6937.73203283822  1.822050E-16
6940.5083877538  1.732939E-16
6943.28474266938  1.943758E-16
6946.06109758495  2.407177E-16
6948.83745250054  2.558969E-16
6951.61380741612  2.298623E-16
6954.39016233169  2.118418E-16
6957.16651724727  2.203141E-16
6959.94287216285  2.019294E-16
6962.71922707843  1.843592E-16
6965.49558199401  2.093296E-16
6968.27193690959  1.990423E-16
6971.04829182517  1.974023E-16
6973.82464674075  2.223118E-16
6976.60100165633  2.081905E-16
6979.37735657191  1.955534E-16
6982.15371148749  1.877045E-16
6984.93006640307  1.817451E-16
6987.70642131865  1.429753E-16
6990.48277623423  2.318363E-16
6993.25913114981  2.137728E-16
6996.03548606539  1.824276E-16
6998.81184098097  1.751894E-16
7001.58819589655  1.651509E-16
7004.36455081213  1.580718E-16
7007.14090572771  2.066239E-16
7009.91726064329  2.267554E-16
7012.69361555887  1.830486E-16
7015.46997047445  1.421749E-16
7018.24632539003  1.517839E-16
7021.02268030561  1.798097E-16
7023.79903522119  1.909686E-16
7026.57539013677  2.035870E-16
7029.35174505235  1.930472E-16
7032.12809996793  1.787950E-16
7034.90445488351  2.168134E-16
7037.68080979909  2.383888E-16
7040.45716471466  2.009900E-16
7043.23351963024  2.019647E-16
7046.00987454583  2.302252E-16
7048.7862294614  1.867112E-16
7051.56258437698  2.395734E-16
7054.33893929256  2.414160E-16
7057.11529420814  2.428493E-16
7059.89164912372  2.496261E-16
7062.6680040393  2.748249E-16
7065.44435895488  2.133003E-16
7068.22071387046  2.190129E-16
7070.99706878604  2.049091E-16
7073.77342370162  2.462359E-16
7076.5497786172  2.227418E-16
7079.32613353278  2.587515E-16
7082.10248844836  2.079981E-16
7084.87884336394  1.516484E-16
7087.65519827952  1.837765E-16
7090.4315531951  2.246281E-16
7093.20790811068  2.554446E-16
7095.98426302626  2.925803E-16
7098.76061794184  2.303695E-16
7101.53697285742  1.687656E-16
7104.313327773  2.038992E-16
7107.08968268858  1.777462E-16
7109.86603760416  2.140349E-16
7112.64239251974  2.403658E-16
7115.41874743532  2.025246E-16
7118.1951023509  2.049210E-16
7120.97145726648  2.345852E-16
7123.74781218206  2.122146E-16
7126.52416709764  1.769682E-16
7129.30052201322  1.657611E-16
7132.0768769288  1.678798E-16
7134.85323184437  1.837289E-16
7137.62958675996  1.715882E-16
7140.40594167553  2.010800E-16
7143.18229659112  2.021243E-16
7145.95865150669  1.945792E-16
7148.73500642227  2.143587E-16
7151.51136133785  2.214509E-16
7154.28771625343  2.137904E-16
7157.06407116901  1.876846E-16
7159.84042608459  1.719484E-16
7162.61678100017  1.973806E-16
7165.39313591575  2.084827E-16
7168.16949083133  1.753625E-16
7170.94584574691  1.393408E-16
7173.72220066249  1.348048E-16
7176.49855557807  1.867144E-16
7179.27491049365  2.546741E-16
7182.05126540923  2.394724E-16
7184.82762032481  1.861016E-16
7187.60397524039  1.637566E-16
7190.38033015597  1.626052E-16
7193.15668507155  1.398254E-16
7195.93303998713  1.943081E-16
7198.70939490271  1.880219E-16
7201.48574981829  2.133185E-16
7204.26210473387  1.798259E-16
7207.03845964945  2.031362E-16
7209.81481456503  1.977321E-16
7212.59116948061  1.712236E-16
7215.36752439619  1.813153E-16
7218.14387931177  2.031340E-16
7220.92023422735  2.125246E-16
7223.69658914293  2.050984E-16
7226.47294405851  1.934240E-16
7229.24929897409  1.917300E-16
7232.02565388966  1.924366E-16
7234.80200880524  1.876416E-16
7237.57836372083  1.916478E-16
7240.3547186364  2.062779E-16
7243.13107355198  2.077465E-16
7245.90742846756  1.591166E-16
7248.68378338314  1.403345E-16
7251.46013829872  1.515337E-16
7254.2364932143  1.584562E-16
7257.01284812988  2.077119E-16
7259.78920304546  1.658057E-16
7262.56555796104  1.669120E-16
7265.34191287662  1.525497E-16
7268.1182677922  2.006329E-16
7270.89462270778  1.918470E-16
7273.67097762336  1.910767E-16
7276.44733253894  2.319160E-16
7279.22368745452  2.111184E-16
7282.0000423701  1.938220E-16
7284.77639728568  1.914986E-16
7287.55275220126  1.662448E-16
7290.32910711684  1.650945E-16
7293.10546203242  1.716813E-16
7295.881816948  2.018908E-16
7298.65817186358  2.228665E-16
7301.43452677916  1.656150E-16
7304.21088169474  1.617117E-16
7306.98723661032  1.452039E-16
7309.7635915259  1.949871E-16
7312.53994644148  1.658451E-16
7315.31630135706  1.781030E-16
7318.09265627264  2.060719E-16
7320.86901118822  1.654946E-16
7323.6453661038  1.947337E-16
7326.42172101938  1.899531E-16
7329.19807593495  1.671816E-16
7331.97443085053  1.956112E-16
7334.75078576611  1.997033E-16
7337.52714068169  1.728121E-16
7340.30349559727  1.502242E-16
7343.07985051285  1.494383E-16
7345.85620542843  1.918995E-16
7348.63256034401  2.063605E-16
7351.40891525959  1.791495E-16
7354.18527017517  2.135486E-16
7356.96162509075  2.008026E-16
7359.73798000633  1.419139E-16
7362.51433492191  2.235228E-16
7365.29068983749  2.030182E-16
7368.06704475307  1.845478E-16
7370.84339966865  1.798586E-16
7373.61975458423  1.845876E-16
7376.39610949981  2.172026E-16
7379.17246441539  2.341367E-16
7381.94881933097  2.150567E-16
7384.72517424655  2.030823E-16
7387.50152916213  1.931441E-16
7390.27788407771  2.069147E-16
7393.05423899329  2.128299E-16
7395.83059390887  2.237721E-16
7398.60694882445  2.178648E-16
7401.38330374003  2.101824E-16
7404.15965865561  2.115128E-16
7406.93601357119  1.935496E-16
7409.71236848677  1.830577E-16
7412.48872340235  1.838203E-16
7415.26507831793  1.920506E-16
7418.04143323351  2.176826E-16
7420.81778814909  2.081590E-16
7423.59414306466  1.905677E-16
7426.37049798024  1.803368E-16
7429.14685289582  1.877171E-16
7431.9232078114  2.080072E-16
7434.69956272698  2.075024E-16
7437.47591764256  2.185980E-16
7440.25227255814  2.230267E-16
7443.02862747372  1.748884E-16
7445.8049823893  1.972230E-16
7448.58133730488  1.943795E-16
7451.35769222046  2.011530E-16
7454.13404713604  1.996431E-16
7456.91040205162  1.886286E-16
7459.6867569672  1.941768E-16
7462.46311188278  2.035951E-16
7465.23946679836  2.020803E-16
7468.01582171394  1.835286E-16
7470.79217662952  1.545247E-16
7473.5685315451  1.479544E-16
7476.34488646068  1.639933E-16
7479.12124137626  1.791973E-16
7481.89759629184  2.007281E-16
7484.67395120742  1.503973E-16
7487.450306123  2.090526E-16
7490.22666103858  2.257885E-16
7493.00301595416  1.439382E-16
7495.77937086974  1.896847E-16
7498.55572578532  1.518743E-16
7501.3320807009  1.691037E-16
7504.10843561648  2.146727E-16
7506.88479053206  2.107833E-16
7509.66114544764  2.093668E-16
7512.43750036321  1.790017E-16
7515.2138552788  1.770750E-16
7517.99021019437  2.066964E-16
7520.76656510995  1.718310E-16
7523.54292002553  1.618882E-16
7526.31927494111  2.034732E-16
7529.09562985669  2.020048E-16
7531.87198477227  1.887599E-16
7534.64833968785  1.906371E-16
7537.42469460343  2.229328E-16
7540.20104951901  2.034970E-16
7542.97740443459  2.040794E-16
7545.75375935017  2.051004E-16
7548.53011426575  1.963422E-16
7551.30646918133  1.751875E-16
7554.08282409691  2.224966E-16
7556.85917901249  2.541503E-16
7559.63553392807  2.290998E-16
7562.41188884365  1.803050E-16
7565.18824375923  2.034286E-16
7567.96459867481  1.891816E-16
7570.74095359039  1.652737E-16
7573.51730850597  1.707450E-16
7576.29366342155  1.837854E-16
7579.07001833713  1.759476E-16
7581.84637325271  1.398528E-16
7584.62272816829  1.628674E-16
7587.39908308387  2.273778E-16
7590.17543799945  2.198920E-16
7592.95179291503  2.129305E-16
7595.72814783061  2.564007E-16
7598.50450274619  2.190668E-16
7601.28085766177  1.890009E-16
7604.05721257735  1.709871E-16
7606.83356749292  1.339792E-16
7609.60992240851  2.213198E-16
7612.38627732408  1.401937E-16
7615.16263223967  1.808718E-16
7617.93898715524  1.077355E-16
7620.71534207082  9.901402E-17
7623.4916969864  1.173172E-16
7626.26805190198  1.953832E-16
7629.04440681756  1.733442E-16
7631.82076173314  1.238287E-16
7634.59711664872  1.685552E-16
7637.3734715643  1.971976E-16
7640.14982647988  1.450435E-16
7642.92618139546  1.045246E-16
7645.70253631104  1.455391E-16
7648.47889122662  1.151312E-16
7651.2552461422  1.691527E-16
7654.03160105778  1.412809E-16
7656.80795597336  7.613881E-17
7659.58431088894  9.837677E-17
7662.36066580452  1.431075E-16
7665.1370207201  8.760733E-17
7667.91337563568  9.186008E-17
7670.68973055126  1.633162E-16
7673.46608546684  1.589459E-16
7676.24244038242  1.316680E-16
7679.018795298  1.140411E-16
7681.79515021358  1.057564E-16
7684.57150512916  1.376787E-16
7687.34786004474  1.631300E-16
7690.12421496032  1.637489E-16
7692.9005698759  1.375348E-16
7695.67692479148  1.110850E-16
7698.45327970706  1.349674E-16
7701.22963462264  1.448327E-16
7704.00598953821  1.570822E-16
7706.78234445379  1.867335E-16
7709.55869936937  1.651161E-16
7712.33505428495  1.573045E-16
7715.11140920053  1.620144E-16
7717.88776411611  1.596480E-16
7720.66411903169  1.492291E-16
7723.44047394727  1.297635E-16
7726.21682886285  1.462055E-16
7728.99318377843  1.506806E-16
7731.76953869401  1.458793E-16
7734.54589360959  1.335874E-16
7737.32224852517  1.444653E-16
7740.09860344075  1.386665E-16
7742.87495835633  1.296421E-16
7745.65131327191  1.747252E-16
7748.42766818749  1.948847E-16
7751.20402310307  1.422477E-16
7753.98037801865  1.087963E-16
7756.75673293423  1.299041E-16
7759.53308784981  1.480871E-16
7762.30944276539  1.454219E-16
7765.08579768097  1.315484E-16
7767.86215259655  9.809763E-17
7770.63850751213  1.422907E-16
7773.41486242771  1.466460E-16
7776.19121734329  1.524641E-16
7778.96757225887  1.613422E-16
7781.74392717445  1.542319E-16
7784.52028209003  1.237583E-16
7787.29663700561  1.242856E-16
7790.07299192119  1.335742E-16
7792.84934683677  1.402081E-16
7795.62570175234  1.464705E-16
7798.40205666793  1.079110E-16
7801.1784115835  1.016399E-16
7803.95476649909  1.635464E-16
7806.73112141466  1.582975E-16
7809.50747633024  1.141139E-16
7812.28383124582  1.413185E-16
7815.0601861614  1.924272E-16
7817.83654107698  1.988613E-16
7820.61289599256  1.433350E-16
7823.38925090814  1.355270E-16
7826.16560582372  1.334647E-16
7828.9419607393  1.152822E-16
7831.71831565488  1.145768E-16
7834.49467057046  1.376408E-16
7837.27102548604  1.265389E-16
7840.04738040162  1.077303E-16
7842.8237353172  1.012576E-16
7845.60009023278  1.221487E-16
7848.37644514836  1.754369E-16
7851.15280006394  1.895679E-16
7853.92915497952  1.543028E-16
7856.7055098951  1.301958E-16
7859.48186481068  1.468104E-16
7862.25821972626  1.866860E-16
7865.03457464184  1.922666E-16
7867.81092955742  1.603906E-16
7870.587284473  1.154213E-16
7873.36363938858  1.364732E-16
7876.13999430416  1.734770E-16
7878.91634921974  1.630843E-16
7881.69270413532  2.074094E-16
7884.4690590509  2.152170E-16
7887.24541396648  1.662473E-16
7890.02176888206  1.888687E-16
7892.79812379764  1.683491E-16
7895.57447871321  1.628913E-16
7898.3508336288  1.465236E-16
7901.12718854437  1.577307E-16
7903.90354345995  1.764671E-16
7906.67989837553  1.633878E-16
7909.45625329111  1.656073E-16
7912.23260820669  1.765312E-16
7915.00896312227  1.632078E-16
7917.78531803785  1.459438E-16
7920.56167295343  1.751540E-16
7923.33802786901  1.683789E-16
7926.11438278459  1.535919E-16
7928.89073770017  9.361924E-17
7931.66709261575  1.294774E-16
7934.44344753133  2.213712E-16
7937.21980244691  2.213500E-16
7939.99615736249  1.348339E-16
7942.77251227807  1.349879E-16
7945.54886719365  1.674098E-16
7948.32522210923  1.497843E-16
7951.10157702481  1.579650E-16
7953.87793194039  1.433253E-16
7956.65428685597  1.110329E-16
7959.43064177155  1.143213E-16
7962.20699668713  1.479152E-16
7964.98335160271  1.852268E-16
7967.75970651829  1.986893E-16
7970.53606143387  2.112703E-16
7973.31241634945  1.972195E-16
7976.08877126503  1.481500E-16
7978.86512618061  1.148122E-16
7981.64148109619  1.374797E-16
7984.41783601176  1.662390E-16
7987.19419092735  1.877541E-16
7989.97054584292  1.687425E-16
7992.74690075851  1.715129E-16
7995.52325567408  2.015662E-16
7998.29961058966  1.668743E-16
8001.07596550524  1.720840E-16
8003.85232042082  1.705650E-16
8006.6286753364  1.229894E-16
8009.40503025198  1.496347E-16
8012.18138516756  2.034390E-16
8014.95774008314  1.922938E-16
8017.73409499872  1.577819E-16
8020.5104499143  1.675282E-16
8023.28680482988  2.156610E-16
8026.06315974546  1.971128E-16
8028.83951466104  1.466205E-16
8031.61586957662  1.269413E-16
8034.3922244922  1.890155E-16
8037.16857940778  2.143074E-16
8039.94493432336  1.761975E-16
8042.72128923894  1.422501E-16
8045.49764415452  1.520504E-16
8048.2739990701  1.786319E-16
8051.05035398568  1.652754E-16
8053.82670890126  1.230861E-16
8056.60306381684  1.510003E-16
8059.37941873242  2.131276E-16
8062.155773648  1.770531E-16
8064.93212856357  1.342259E-16
8067.70848347916  1.491621E-16
8070.48483839474  1.439970E-16
8073.26119331031  1.568790E-16
8076.03754822589  1.861287E-16
8078.81390314148  1.760888E-16
8081.59025805706  1.499758E-16
8084.36661297263  1.358858E-16
8087.14296788822  1.938309E-16
8089.91932280379  2.159646E-16
8092.69567771937  1.758399E-16
8095.47203263495  1.897620E-16
8098.24838755053  1.492662E-16
8101.02474246611  1.423001E-16
8103.80109738169  1.225973E-16
8106.57745229727  1.149512E-16
8109.35380721285  1.399576E-16
8112.13016212843  1.645236E-16
8114.90651704401  1.763038E-16
8117.68287195959  1.921651E-16
8120.45922687517  1.819121E-16
8123.23558179075  1.623313E-16
8126.01193670633  1.713778E-16
8128.78829162191  1.558551E-16
8131.56464653749  1.410934E-16
8134.34100145307  1.384157E-16
8137.11735636865  1.503377E-16
8139.89371128423  1.355575E-16
8142.67006619981  1.183665E-16
8145.44642111539  1.143705E-16
8148.22277603097  1.736395E-16
8150.99913094655  1.640138E-16
8153.77548586213  1.565626E-16
8156.55184077771  1.334635E-16
8159.32819569329  1.215483E-16
8162.10455060886  1.115061E-16
8164.88090552445  8.904699E-17
8167.65726044003  1.224615E-16
8170.43361535561  1.576821E-16
8173.20997027118  1.336642E-16
8175.98632518676  1.316911E-16
8178.76268010234  1.554198E-16
8181.53903501792  1.392218E-16
8184.3153899335  1.178210E-16
8187.09174484908  1.373346E-16
8189.86809976466  1.472090E-16
8192.64445468024  1.564869E-16
8195.42080959582  1.851791E-16
8198.1971645114  1.700588E-16
8200.97351942698  1.471963E-16
8203.74987434256  1.320286E-16
8206.52622925814  1.454644E-16
8209.30258417372  1.234218E-16
8212.0789390893  1.656727E-16
8214.85529400488  1.610351E-16
8217.63164892046  1.529755E-16
8220.40800383604  1.105310E-16
8223.18435875162  1.099444E-16
8225.9607136672  1.579515E-16
8228.73706858278  1.181304E-16
8231.51342349836  1.234190E-16
8234.28977841394  1.231409E-16
8237.06613332952  1.127669E-16
8239.8424882451  1.534635E-16
8242.61884316068  1.211318E-16
8245.39519807626  1.367478E-16
8248.17155299184  1.730368E-16
8250.94790790742  1.960353E-16
8253.724262823  1.803098E-16
8256.50061773858  1.499339E-16
8259.27697265415  1.536051E-16
8262.05332756974  1.683050E-16
8264.82968248532  1.345326E-16
8267.60603740089  1.395408E-16
8270.38239231647  1.405568E-16
8273.15874723205  1.291369E-16
8275.93510214764  1.228150E-16
8278.71145706321  1.080936E-16
8281.48781197879  1.423881E-16
8284.26416689437  1.835732E-16
8287.04052180995  1.817970E-16
8289.81687672553  1.625061E-16
8292.59323164111  1.178819E-16
8295.36958655669  1.087162E-16
8298.14594147227  1.134772E-16
8300.92229638785  1.359576E-16
8303.69865130343  1.483822E-16
8306.47500621901  1.682290E-16
8309.25136113459  1.396710E-16
8312.02771605017  1.388236E-16
8314.80407096575  1.639816E-16
8317.58042588133  1.635030E-16
8320.35678079691  1.329702E-16
8323.13313571249  1.453466E-16
8325.90949062807  1.641289E-16
8328.68584554365  1.482349E-16
8331.46220045923  1.357885E-16
8334.23855537481  1.283856E-16
8337.01491029039  1.443017E-16
8339.79126520597  1.745977E-16
8342.56762012155  1.532969E-16
8345.34397503712  1.056582E-16
8348.12032995271  1.421157E-16
8350.89668486829  1.585490E-16
8353.67303978387  1.196030E-16
8356.44939469944  1.402401E-16
8359.22574961502  1.857264E-16
8362.00210453061  1.590824E-16
8364.77845944619  1.560834E-16
8367.55481436176  1.358213E-16
8370.33116927734  1.698261E-16
8373.10752419292  2.105511E-16
8375.8838791085  1.992034E-16
8378.66023402408  1.431538E-16
8381.43658893966  1.354647E-16
8384.21294385524  1.665311E-16
8386.98929877082  1.780731E-16
8389.7656536864  2.067355E-16
8392.54200860198  1.570790E-16
8395.31836351756  1.282711E-16
8398.09471843314  1.394745E-16
8400.87107334872  1.505955E-16
8403.6474282643  1.741640E-16
8406.42378317988  1.783852E-16
8409.20013809546  1.883173E-16
8411.97649301104  1.259066E-16
8414.75284792662  1.947094E-16
8417.5292028422  2.073825E-16
8420.30555775778  1.480784E-16
8423.08191267336  1.542674E-16
8425.85826758894  1.827266E-16
8428.63462250452  1.344280E-16
8431.4109774201  1.212956E-16
8434.18733233568  1.748406E-16
8436.96368725126  1.696063E-16
8439.74004216684  1.330573E-16
8442.51639708242  1.135022E-16
8445.292751998  1.143588E-16
8448.06910691358  1.400116E-16
8450.84546182916  1.228776E-16
8453.62181674473  1.448808E-16
8456.39817166031  1.264601E-16
8459.1745265759  1.078928E-16
8461.95088149147  1.145766E-16
8464.72723640705  1.547345E-16
8467.50359132263  1.748868E-16
8470.27994623821  1.502176E-16
8473.05630115379  1.385157E-16
8475.83265606937  1.445634E-16
8478.60901098495  1.340446E-16
8481.38536590053  1.347524E-16
8484.16172081611  1.206115E-16
8486.93807573169  1.155052E-16
8489.71443064727  1.342275E-16
8492.49078556285  1.334550E-16
8495.26714047843  1.414389E-16
8498.04349539401  1.288925E-16
8500.81985030959  1.276599E-16
8503.59620522517  1.229871E-16
8506.37256014075  1.153626E-16
8509.14891505633  1.188475E-16
8511.92526997191  1.374974E-16
8514.70162488749  1.226674E-16
8517.47797980307  1.478615E-16
8520.25433471865  1.717988E-16
8523.03068963423  1.313332E-16
8525.80704454981  1.411391E-16
8528.58339946539  1.594222E-16
8531.35975438097  1.670072E-16
8534.13610929655  1.397564E-16
8536.91246421213  1.358535E-16
8539.6888191277  1.511823E-16
8542.46517404328  1.022777E-16
8545.24152895887  1.124604E-16
8548.01788387445  1.619209E-16
8550.79423879002  1.290195E-16
8553.5705937056  1.594336E-16
8556.34694862118  1.678737E-16
8559.12330353676  1.266656E-16
8561.89965845234  1.229922E-16
8564.67601336792  1.396506E-16
8567.4523682835  1.241264E-16
8570.22872319908  1.842491E-16
8573.00507811466  1.458594E-16
8575.78143303024  9.113927E-17
8578.55778794582  9.010846E-17
8581.3341428614  1.254315E-16
8584.11049777698  1.279225E-16
8586.88685269256  1.241349E-16
8589.66320760814  1.254868E-16
8592.43956252372  1.079447E-16
8595.2159174393  1.160583E-16
8597.99227235488  1.429560E-16
8600.76862727046  1.247036E-16
8603.54498218604  1.099964E-16
8606.32133710162  1.538973E-16
8609.0976920172  1.465568E-16
8611.87404693278  1.672497E-16
8614.65040184836  1.829196E-16
8617.42675676394  1.712785E-16
8620.20311167952  1.660217E-16
8622.97946659509  1.927736E-16
8625.75582151068  1.346085E-16
8628.53217642626  1.095724E-16
8631.30853134184  1.029730E-16
8634.08488625742  1.083521E-16
8636.861241173  1.402886E-16
8639.63759608857  1.373455E-16
8642.41395100416  1.165166E-16
8645.19030591974  1.453227E-16
8647.96666083531  1.476962E-16
8650.74301575089  1.054705E-16
8653.51937066647  1.207968E-16
8656.29572558205  1.513790E-16
8659.07208049763  1.338501E-16
8661.84843541321  6.539158E-17
8664.62479032879  9.852275E-17
8667.40114524437  1.908628E-16
8670.17750015995  1.879099E-16
8672.95385507553  1.004939E-16
8675.73020999111  1.234831E-16
8678.50656490669  1.469100E-16
8681.28291982227  1.134737E-16
8684.05927473785  1.283016E-16
8686.83562965343  1.089664E-16
8689.61198456901  1.676939E-16
8692.38833948459  1.803745E-16
8695.16469440017  1.621366E-16
8697.94104931575  1.818546E-16
8700.71740423133  1.541286E-16
8703.49375914691  1.233581E-16
8706.27011406249  1.073448E-16
8709.04646897807  9.692674E-17
8711.82282389365  1.088856E-16
8714.59917880923  1.618074E-16
8717.37553372481  1.781197E-16
8720.15188864039  1.684882E-16
8722.92824355597  1.223086E-16
8725.70459847155  1.181134E-16
8728.48095338713  1.183020E-16
8731.25730830271  1.480463E-16
8734.03366321828  1.539640E-16
8736.81001813386  1.195212E-16
8739.58637304945  1.254386E-16
8742.36272796502  1.893918E-16
8745.1390828806  1.466355E-16
8747.91543779618  9.569964E-17
8750.69179271176  1.420048E-16
8753.46814762734  1.741984E-16
8756.24450254292  1.570174E-16
8759.0208574585  1.435981E-16
8761.79721237408  1.310951E-16
8764.57356728966  1.114794E-16
8767.34992220524  1.418722E-16
8770.12627712082  1.446164E-16
8772.9026320364  1.649780E-16
8775.67898695198  1.666542E-16
8778.45534186756  1.146055E-16
8781.23169678314  1.588448E-16
8784.00805169872  1.241346E-16
8786.7844066143  1.403680E-16
8789.56076152988  1.875664E-16
8792.33711644546  1.803626E-16
8795.11347136104  1.474811E-16
8797.88982627662  1.343185E-16
8800.6661811922  1.272826E-16
8803.44253610778  1.550665E-16
8806.21889102336  1.315743E-16
8808.99524593894  1.231571E-16
8811.77160085452  1.646552E-16
8814.5479557701  1.437844E-16
8817.32431068567  1.498204E-16
8820.10066560126  1.098346E-16
8822.87702051683  1.187741E-16
8825.65337543242  1.647512E-16
8828.429730348  1.822788E-16
8831.20608526358  2.190433E-16
